     Ergebnis der Wasserspiegellagenberechnung fuer Wehr_Durchlass                                                                                                                                                                                        
 
     09/07/10 14:31:27.81 Uhr    KALYPSO-1D, VERSION 2.2.1.0 
 

                                                                  Blatt    1

   Stat-km   Wsp-m+NN   hen-m+NN IND  Lambda  formb    Fl-qm   Umfg-m  v-m/s  Q-cbm/s

                                                                                Q-ges    hv-m    hr-m   h-bor   h-ein   h-ort      h-m


     Durchfluss bei Station km  41.720 :  Q =   20.00 m**3/s

 Als Anfangswasserspiegel wird WSP =  363.500 angesetzt.

                                                                               20.000   0.000   0.000   0.000   0.000   0.000   0.0000

   41.7200    363.500    363.520   2  0.0873  0.574   31.857   32.490  0.628   20.000

                                                                               20.000  -0.001   0.009   0.000   0.000   0.000   0.0080

   41.7400    363.508    363.530   2  0.0840  0.583   30.446   29.244  0.657   20.000

                                                                               20.000  -0.003   0.002   0.000   0.000   0.000  -0.0007

   41.7450    363.507    363.533   2  0.0844  0.586   28.441   27.688  0.702   19.970

                                                                               20.000   0.000   0.028   0.000   0.000   0.000   0.0273

   41.8000    363.535    363.561   2  0.0815  0.595   27.902   25.732  0.718   20.029

                                                                               20.000   0.018   0.029   0.000   0.000   0.000   0.0471

   41.9000    363.582    363.590   2  0.0748  0.623   49.818   29.488  0.401   20.000

                                                                               20.000   0.005   0.006   0.000   0.000   0.000   0.0104

   42.0000    363.592    363.596   2  0.0620  0.648   76.419   32.247  0.262   20.000

                                                                               20.000   0.002   0.001   0.000   0.000   0.000   0.0025

   42.0350    363.595    363.596   1  0.1259  0.713    2.309    4.187  0.051    0.117
                                   2  0.0548  0.645  114.375   39.439  0.174   19.883

                                                                               20.000  -0.003   0.001   0.001   0.000   0.000  -0.0007

   42.1000    363.594    363.598   1  0.2069  0.685    0.181    1.293  0.044    0.011
                                   2  0.0707  0.632   68.655   32.458  0.292   20.037

                                                                               20.000   0.002   0.003   0.000   0.000   0.000   0.0046

   42.2000    363.599    363.601   1  0.2006  0.705    0.016    0.358  0.018    0.000
                                   2  0.0682  0.625   91.481   39.154  0.219   20.000

                                                                               20.000   0.001   0.001   0.000   0.000   0.000   0.0022

   42.3000    363.601    363.602   2  0.0641  0.623  111.588   43.364  0.180   20.046

                                                                               20.000  -0.005   0.005   0.002   0.000   0.000   0.0013

   42.4000    363.602    363.609   2  0.0798  0.607   53.808   32.729  0.371   19.979
                                   3  0.1575  0.705    0.245    1.402  0.087    0.021

                                                                  Blatt    2

   Stat-km   Wsp-m+NN   hen-m+NN IND  Lambda  formb    Fl-qm   Umfg-m  v-m/s  Q-cbm/s

                                                                                Q-ges    hv-m    hr-m   h-bor   h-ein   h-ort      h-m


                                                                               20.000  -0.002   0.011   0.000   0.000   0.000   0.0089

   42.5000    363.611    363.622   2  0.0791  0.630   42.805   25.847  0.467   20.000

                                                                               20.000  -0.001   0.017   0.000   0.000   0.000   0.0155

   42.6000    363.627    363.641   2  0.0895  0.628   38.160   25.138  0.524   20.001

                                                                               20.000  -0.002   0.029   0.000   0.000   0.000   0.0266

   42.7000    363.653    363.671   1  1.2782  0.786   13.644    8.424  0.191    2.617
                                   2  0.0960  0.643   27.665   19.013  0.627   17.360

                                                                               20.000   0.011   0.023   0.000   0.000   0.000   0.0338

   42.8000    363.687    363.694   1  0.0585  0.749   12.328    8.663  0.402    4.954
                                   2  0.0905  0.632   44.130   25.420  0.341   15.046

                                                                               20.000   0.002   0.007   0.000   0.000   0.000   0.0084

   42.8950    363.695    363.701   2  0.0795  0.606   62.555   35.681  0.320   20.000

                                                                               20.000   0.002   0.000   0.000   0.000   0.000   0.0021

   42.9000    363.697    363.701   2  0.0746  0.599   78.103   41.588  0.256   20.000

                                                                               20.000   0.000   0.003   0.000   0.000   0.000   0.0031

   43.0000    363.701    363.705   2  0.0694  0.620   70.351   35.007  0.284   20.000

                                                                               20.000   0.002   0.003   0.000   0.000   0.000   0.0045

   43.1000    363.705    363.707   2  0.0653  0.624   96.244   39.895  0.207   19.944
                                   3  0.1199  0.805    0.870    2.025  0.065    0.057

                                                                               20.000   0.000   0.001   0.000   0.000   0.000   0.0015

   43.2000    363.707    363.709   2  0.0613  0.630   99.837   39.714  0.200   20.000

                                                                               20.000   0.000   0.002   0.000   0.000   0.000   0.0011

   43.3000    363.708    363.711   2  0.0630  0.648   83.696   33.440  0.239   20.000

                                                                               20.000   0.000   0.002   0.000   0.000   0.000   0.0019

   43.4000    363.710    363.712   1  0.2529  0.862    0.619    1.576  0.047    0.036
                                   2  0.0633  0.655   84.628   32.472  0.236   19.961

                                                                               20.000   0.000   0.002   0.000   0.000   0.000   0.0019

   43.5000    363.711    363.714   2  0.0698  0.638   82.562   34.706  0.242   20.000

                                                                  Blatt    3

   Stat-km   Wsp-m+NN   hen-m+NN IND  Lambda  formb    Fl-qm   Umfg-m  v-m/s  Q-cbm/s

                                                                                Q-ges    hv-m    hr-m   h-bor   h-ein   h-ort      h-m


                                                                               20.000   0.000   0.002   0.000   0.000   0.000   0.0023

   43.6000    363.714    363.717   2  0.0710  0.636   84.469   35.622  0.237   20.000

                                                                               20.000   0.000   0.002   0.000   0.000   0.000   0.0020

   43.7000    363.716    363.719   2  0.0649  0.665   85.885   31.452  0.232   19.946
                                   3  0.1213  0.791    0.814    2.014  0.066    0.054

                                                                               20.000   0.000   0.002   0.000   0.000   0.000   0.0018

   43.8000    363.718    363.720   2  0.0632  0.660   90.092   33.054  0.222   20.000

                                                                               20.000  -0.001   0.002   0.000   0.000   0.000   0.0014

   43.9000    363.719    363.723   2  0.0681  0.672   73.101   28.638  0.274   20.000

                                                                               20.000   0.001   0.002   0.000   0.000   0.000   0.0026

   43.9820    363.721    363.725   2  0.0637  0.678   80.855   28.601  0.245   19.804
                                   3  0.1183  0.785    2.597    3.642  0.093    0.241

                                                                               20.000   0.000   0.000   0.000   0.000   0.000   0.0006

   44.0000    363.722    363.725   2  0.0633  0.660   85.559   31.618  0.233   19.920
                                   3  0.1486  0.766    1.232    2.632  0.064    0.079

                                                                               20.000   0.001   0.001   0.000   0.000   0.000   0.0025

   44.1000    363.725    363.726   2  0.0615  0.625  117.669   44.005  0.170   20.000

                                                                               20.000  -0.002   0.002   0.001   0.000   0.000   0.0000

   44.2000    363.725    363.729   2  0.0694  0.644   72.242   31.500  0.277   20.000

                                                                               20.000   0.000   0.003   0.000   0.000   0.000   0.0030

   44.3000    363.728    363.732   2  0.0704  0.637   72.051   32.402  0.278   20.000

                                                                               20.000   0.003   0.002   0.000   0.000   0.000   0.0045

   44.3900    363.732    363.734   2  0.0720  0.573  119.575   64.160  0.168   20.075

                                                                               20.000  -0.001   0.000   0.000   0.000   0.000  -0.0006

   44.4000    363.732    363.734   2  0.0736  0.584   93.434   51.424  0.214   19.999

                                                                               20.000   0.000   0.000   0.000   0.000   0.000  -0.0003

   44.4050    363.731    363.734   2  0.0827  0.580   85.091   50.738  0.235   20.000

                                                                  Blatt    4

   Stat-km   Wsp-m+NN   hen-m+NN IND  Lambda  formb    Fl-qm   Umfg-m  v-m/s  Q-cbm/s

                                                                                Q-ges    hv-m    hr-m   h-bor   h-ein   h-ort      h-m


                                                                               20.000   0.000   0.001   0.000   0.000   0.000   0.0006

   44.4250    363.732    363.735   2  0.0789  0.582   80.430   48.116  0.249   20.002

     Durchflussaenderung bei Station km  44.500 :  Q =   10.00 m**3/s

     Wehrberechnung an Station km    44.500 : 


     Eingabedaten der Wehrberechnung
     -------------------------------
     Wehrtyp: scharfkantiges Wehr

     Ergebnisse der Wehrberechnung
     -----------------------------
     Feld-Nr.    mue          q-wehr     h-ue        A-ue      Ü-Art
      1          0.6157       9.937      0.231      11.342     vollkommen  

     Summation aller Felder
     he-wehr     q-wehr
    365.282       9.937

     Oberwasser:

                                                                               10.000   0.003   0.000   0.000   0.000   0.000   0.0025

   44.5000    365.282    365.282   1  0.1973  0.527    5.830   39.224  0.010    0.060
                                   2  0.0660  0.612  133.505   50.117  0.074    9.937
                                   3  0.1513  0.711    0.192    1.223  0.012    0.002

                                                                               10.000   0.000   0.000   0.000   0.000   0.000   0.0003

   44.6000    365.282    365.282   1  0.1451  0.530    9.575   42.865  0.012    0.112
                                   2  0.0768  0.600  176.270   63.963  0.056    9.862
                                   3  0.1855  0.541    2.710   15.622  0.009    0.025

                                                                               10.000   0.000   0.000   0.000   0.000   0.000   0.0001

   44.7000    365.282    365.282   1  0.1331  0.533   10.287   38.294  0.010    0.100
                                   2  0.0591  0.673  177.738   43.349  0.055    9.839
                                   3  0.1677  0.597    5.260   10.853  0.012    0.061

                                                                               10.000   0.000   0.000   0.000   0.000   0.000   0.0001

   44.8000    365.282    365.282   1  0.1947  0.532    7.904   34.430  0.007    0.056
                                   2  0.0628  0.643  198.276   52.732  0.050    9.934
                                   3  0.1574  0.565    1.346    7.274  0.007    0.010

                                                                               10.000   0.000   0.000   0.000   0.000   0.000   0.0001

   44.9000    365.282    365.282   1  0.1572  0.549   22.520   38.044  0.013    0.285
                                   2  0.0645  0.639  198.704   53.124  0.049    9.679
                                   3  0.0952  0.601    2.840    7.752  0.013    0.036

                                                                               10.000   0.000   0.000   0.000   0.000   0.000   0.0000

   45.0000    365.282    365.282   1  0.1464  0.546   31.379   47.191  0.017    0.548
                                   2  0.0643  0.671  150.393   40.273  0.061    9.108
                                   3  0.1064  0.563   17.146   26.748  0.020    0.344

                                                                  Blatt    5

   Stat-km   Wsp-m+NN   hen-m+NN IND  Lambda  formb    Fl-qm   Umfg-m  v-m/s  Q-cbm/s

                                                                                Q-ges    hv-m    hr-m   h-bor   h-ein   h-ort      h-m


                                                                               10.000   0.000   0.000   0.000   0.000   0.000   0.0001

   45.1000    365.282    365.282   1  0.1185  0.740    2.397    3.934  0.018    0.043
                                   2  0.0671  0.632  172.411   51.027  0.055    9.531
                                   3  0.1145  0.561   21.650   30.887  0.020    0.426

                                                                               10.000   0.000   0.000   0.000   0.000   0.000   0.0001

   45.2000    365.282    365.282   1  0.1017  0.545   33.607   50.341  0.015    0.489
                                   2  0.0635  0.641  216.145   54.950  0.043    9.362
                                   3  0.1243  0.565   12.377   22.223  0.012    0.149

                                                                               10.000   0.000   0.000   0.000   0.000   0.000   0.0000

   45.3000    365.282    365.282   1  0.1566  0.532   40.684   78.545  0.009    0.358
                                   2  0.0569  0.655  233.785   54.099  0.041    9.639
                                   3  0.1590  0.558    0.656    5.555  0.004    0.003

                                                                               10.000   0.000   0.000   0.000   0.000   0.000   0.0001

   45.4000    365.282    365.282   1  0.1248  0.534   15.243   44.769  0.006    0.088
                                   2  0.0532  0.650  297.292   62.558  0.032    9.379
                                   3  0.0755  0.598   37.435   28.858  0.014    0.533

                                                                               10.000   0.000   0.000   0.000   0.000   0.000   0.0000

   45.5000    365.282    365.282   1  0.1890  0.531   10.617   43.249  0.002    0.025
                                   2  0.0467  0.666  419.263   70.327  0.023    9.722
                                   3  0.1379  0.535   54.975   82.782  0.005    0.251

                                                                               10.000   0.000   0.000   0.000   0.000   0.000   0.0000

   45.6000    365.282    365.282   1  0.1280  0.618    9.037   12.430  0.007    0.060
                                   2  0.0483  0.680  316.873   56.839  0.029    9.261
                                   3  0.1026  0.539   81.481   88.535  0.008    0.679

                                                                               10.000   0.000   0.000   0.000   0.000   0.000   0.0000

   45.7000    365.282    365.283   1  0.0706  0.723   13.459    9.789  0.011    0.152
                                   2  0.0502  0.631  368.109   74.140  0.025    9.147
                                   3  0.0882  0.554   74.590   62.666  0.009    0.701

                                                                               10.000   0.000   0.000   0.000   0.000   0.000   0.0000

   45.8000    365.282    365.283   1  0.0757  0.616   63.344   33.630  0.015    0.960
                                   2  0.0526  0.653  301.043   60.118  0.029    8.597
                                   3  0.0851  0.570   41.004   38.171  0.011    0.443

                                                                               10.000   0.000   0.000   0.000   0.000   0.000   0.0000

   45.9000    365.283    365.283   1  0.0543  0.620  178.345   55.060  0.020    3.650
                                   2  0.0558  0.648  265.839   57.565  0.023    6.135
                                   3  0.0840  0.620   22.007   19.241  0.010    0.215

                                                                  Blatt    6

   Stat-km   Wsp-m+NN   hen-m+NN IND  Lambda  formb    Fl-qm   Umfg-m  v-m/s  Q-cbm/s

                                                                                Q-ges    hv-m    hr-m   h-bor   h-ein   h-ort      h-m


                                                                               10.000   0.000   0.000   0.000   0.000   0.000   0.0000

   46.0000    365.283    365.283   1  0.0501  0.648  168.885   47.004  0.019    3.259
                                   2  0.0529  0.638  297.199   63.549  0.020    6.049
                                   3  0.0617  0.600   58.582   35.414  0.012    0.691

                                                                               10.000   0.000   0.000   0.000   0.000   0.000   0.0000

   46.0160    365.283    365.283   1  0.0504  0.645  177.657   48.732  0.018    3.117
                                   2  0.0480  0.630  324.121   69.047  0.019    6.306
                                   3  0.1030  0.590   69.319   41.374  0.008    0.576

                                                                               10.000   0.000   0.000   0.000   0.000   0.000   0.0000

   46.1000    365.283    365.283   1  0.0486  0.658  178.435   46.148  0.020    3.570
                                   2  0.0554  0.680  261.637   49.690  0.020    5.348
                                   3  0.0629  0.644   77.522   31.795  0.014    1.082

                                                                               10.000   0.000   0.000   0.000   0.000   0.000   0.0000

   46.2000    365.283    365.283   1  0.0525  0.633  206.323   55.201  0.015    3.164
                                   2  0.0484  0.686  316.224   53.498  0.019    6.000
                                   3  0.0617  0.650   73.206   30.010  0.011    0.836

                                                                               10.000   0.000   0.000   0.000   0.000   0.000   0.0000

   46.3000    365.283    365.283   1  0.0476  0.635  275.740   62.857  0.017    4.813
                                   2  0.0508  0.678  266.476   50.283  0.017    4.620
                                   3  0.0523  0.723   45.098   18.021  0.013    0.567

                                                                               10.000   0.000   0.000   0.000   0.000   0.000   0.0000

   46.4000    365.283    365.283   1  0.0488  0.639  262.281   60.406  0.018    4.599
                                   2  0.0497  0.669  273.515   52.943  0.018    4.877
                                   3  0.0604  0.684   46.410   20.914  0.011    0.523

                                                                               10.000   0.000   0.000   0.000   0.000   0.000   0.0000

   46.5000    365.283    365.283   1  0.0494  0.638  229.636   56.942  0.020    4.527
                                   2  0.0510  0.685  247.038   47.284  0.021    5.111
                                   3  0.0520  0.754   26.036   12.333  0.014    0.362

                                                                               10.000   0.000   0.000   0.000   0.000   0.000   0.0000

   46.6000    365.283    365.283   1  0.0527  0.634  150.810   47.164  0.020    2.993
                                   2  0.0492  0.668  248.245   50.918  0.024    5.999
                                   3  0.0528  0.693   57.019   22.450  0.018    1.008

                                                                               10.000   0.000   0.000   0.000   0.000   0.000   0.0000

   46.7000    365.283    365.283   1  0.0711  0.614   78.658   38.000  0.024    1.914
                                   2  0.0590  0.648  159.582   44.311  0.033    5.336
                                   3  0.0581  0.643   90.593   34.527  0.030    2.750

                                                                  Blatt    7

   Stat-km   Wsp-m+NN   hen-m+NN IND  Lambda  formb    Fl-qm   Umfg-m  v-m/s  Q-cbm/s

                                                                                Q-ges    hv-m    hr-m   h-bor   h-ein   h-ort      h-m


                                                                               10.000  -0.077   0.063   0.073   0.000   0.000   0.0591

   46.8000    365.342    365.418   2  0.0682  1.000    8.155    7.859  1.226   10.000

                                                                               10.000   0.077   0.063   0.000   0.000   0.000   0.1396

   46.9000    365.481    365.481   1  0.0892  0.581   65.423   43.391  0.034    2.204
                                   2  0.0691  0.602  129.446   51.896  0.048    6.164
                                   3  0.0671  0.656   38.307   21.148  0.043    1.632

                                                                               10.000   0.000   0.000   0.000   0.000   0.000   0.0001

   47.0000    365.481    365.481   1  0.0948  0.588   43.343   33.476  0.028    1.205
                                   2  0.0662  0.604  137.532   52.601  0.046    6.290
                                   3  0.0717  0.622   63.482   32.223  0.039    2.504

                                                                               10.000   0.000   0.000   0.000   0.000   0.000   0.0001

   47.1000    365.481    365.481   1  0.0976  0.573   51.265   41.540  0.026    1.334
                                   2  0.0630  0.600  151.460   56.909  0.046    7.010
                                   3  0.0864  0.591   54.406   36.437  0.030    1.656

                                                                               10.000   0.000   0.000   0.000   0.000   0.000   0.0001

   47.2000    365.481    365.482   1  0.1150  0.564   35.825   38.252  0.022    0.775
                                   2  0.0657  0.598  152.127   57.998  0.046    7.068
                                   3  0.0850  0.587   65.969   41.586  0.033    2.157

                                                                               10.000   0.000   0.000   0.000   0.000   0.000   0.0001

   47.3000    365.481    365.482   1  0.1287  0.574   14.355   21.777  0.020    0.290
                                   2  0.0642  0.605  133.805   51.951  0.055    7.357
                                   3  0.0888  0.584   63.876   42.107  0.037    2.353
