Bordvollberechnung stationaer-gleichfoermig                                                                                                                                                                                                               
 
     01/06/11 14:22:14.96 Uhr    KALYPSO-1D, VERSION 2.2.1.0 
 

                                                                  Blatt    1

   Stat-km   Wsp-m+NN   hen-m+NN IND  Lambda  formb    Fl-qm   Umfg-m  v-m/s  Q-cbm/s

                                                                                Q-ges    hv-m    hr-m   h-bor   h-ein   h-ort      h-m


                                                                                0.000   0.000   0.000   0.000   0.000   0.000   0.0000

   41.7200    364.363    364.363   2  0.0000  0.591    0.000    0.000  0.000    0.000

                                                                                8.964   0.000   0.000   0.000   0.000   0.000   0.0000

   41.7400    364.574    364.575   2  0.0731  0.601   65.568   37.646  0.137    8.964

                                                                                0.000   0.000   0.000   0.000   0.000   0.000   0.0000

   41.7450    365.191    365.192   2  0.0000  0.608    0.000    0.000  0.000    0.000

                                                                               16.643   0.000   0.000   0.000   0.000   0.000   0.0000

   41.8000    364.709    364.713   2  0.0718  0.610   62.135   34.636  0.268   16.643

                                                                               11.293   0.000   0.000   0.000   0.000   0.000   0.0000

   41.9000    364.463    364.464   2  0.0771  0.621   77.402   37.005  0.146   11.293

                                                                               15.269   0.000   0.000   0.000   0.000   0.000   0.0000

   42.0000    363.856    363.858   2  0.0608  0.651   84.611   33.545  0.180   15.269

                                                                               10.843   0.000   0.000   0.000   0.000   0.000   0.0000

   42.0350    362.451    362.452   2  0.0654  0.609   71.801   37.780  0.151   10.843

                                                                              252.989   0.000   0.000   0.000   0.000   0.000   0.0000

   42.1000    363.307    364.222   2  0.0762  0.622   59.729   31.963  4.236  252.989

                                                                               14.034   0.000   0.000   0.000   0.000   0.000   0.0000

   42.2000    363.506    363.507   2  0.0696  0.622   88.011   39.021  0.159   14.034

                                                                               21.431   0.000   0.000   0.000   0.000   0.000   0.0000

   42.3000    363.758    363.760   2  0.0638  0.625  118.256   44.302  0.181   21.431

                                                                              179.852   0.000   0.000   0.000   0.000   0.000   0.0000

   42.4000    363.241    364.156   2  0.0881  0.597   42.466   30.983  4.235  179.852

                                                                               13.721   0.000   0.000   0.000   0.000   0.000   0.0000

   42.5000    365.060    365.061   2  0.0741  0.643   84.808   34.283  0.162   13.721

                                                                              122.223   0.000   0.000   0.000   0.000   0.000   0.0000

   42.6000    363.966    364.318   2  0.0827  0.635   46.526   26.797  2.627  122.223

                                                                  Blatt    2

   Stat-km   Wsp-m+NN   hen-m+NN IND  Lambda  formb    Fl-qm   Umfg-m  v-m/s  Q-cbm/s

                                                                                Q-ges    hv-m    hr-m   h-bor   h-ein   h-ort      h-m


                                                                              234.778   0.000   0.000   0.000   0.000   0.000   0.0000

   42.7000    366.292    366.399   1  0.5349  0.540   77.894   86.323  0.489   39.275
                                   2  0.0630  0.720   84.296   24.624  2.319  195.503

                                                                               37.557   0.000   0.000   0.000   0.000   0.000   0.0000

   42.8000    366.531    366.533   1  0.1611  0.544   76.722   77.227  0.146   11.166
                                   2  0.0583  0.704  124.335   31.648  0.212   26.392

                                                                               11.160   0.000   0.000   0.000   0.000   0.000   0.0000

   42.8950    364.105    364.106   2  0.0758  0.610   77.491   38.660  0.144   11.160

                                                                               12.279   0.000   0.000   0.000   0.000   0.000   0.0000

   42.9000    363.857    363.858   2  0.0739  0.601   84.711   42.796  0.145   12.279

                                                                               12.023   0.000   0.000   0.000   0.000   0.000   0.0000

   43.0000    363.886    363.887   2  0.0680  0.622   76.756   36.116  0.157   12.023

                                                                                7.569   0.000   0.000   0.000   0.000   0.000   0.0000

   43.1000    362.722    362.723   2  0.0797  0.600   59.636   36.459  0.127    7.569

                                                                               40.463   0.000   0.000   0.000   0.000   0.000   0.0000

   43.2000    365.676    365.678   2  0.0591  0.637  186.334   52.426  0.217   40.463

                                                                              353.456   0.000   0.000   0.000   0.000   0.000   0.0000

   43.3000    364.794    365.228   2  0.0627  0.652  121.104   39.663  2.919  353.456

                                                                                7.334   0.000   0.000   0.000   0.000   0.000   0.0000

   43.4000    362.644    362.645   2  0.0759  0.631   53.221   28.988  0.138    7.334

                                                                               21.874   0.000   0.000   0.000   0.000   0.000   0.0000

   43.5000    364.756    364.758   2  0.0689  0.640  120.455   41.603  0.182   21.874

                                                                              279.485   0.000   0.000   0.000   0.000   0.000   0.0000

   43.6000    363.932    364.402   2  0.0701  0.638   92.020   36.738  3.037  279.485

                                                                                8.865   0.000   0.000   0.000   0.000   0.000   0.0000

   43.7000    362.827    362.828   2  0.0720  0.637   59.900   29.782  0.148    8.865

                                                                  Blatt    3

   Stat-km   Wsp-m+NN   hen-m+NN IND  Lambda  formb    Fl-qm   Umfg-m  v-m/s  Q-cbm/s

                                                                                Q-ges    hv-m    hr-m   h-bor   h-ein   h-ort      h-m


                                                                               25.059   0.000   0.000   0.000   0.000   0.000   0.0000

   43.8000    364.904    364.906   2  0.0623  0.632  131.439   45.522  0.191   25.059

                                                                               15.779   0.000   0.000   0.000   0.000   0.000   0.0000

   43.9000    364.232    364.234   2  0.0656  0.666   87.462   32.113  0.180   15.779

                                                                               60.585   0.000   0.000   0.000   0.000   0.000   0.0000

   43.9820    362.171    362.282   2  0.0830  0.635   41.054   24.774  1.476   60.585

                                                                              136.301   0.000   0.000   0.000   0.000   0.000   0.0000

   44.0000    362.707    363.009   2  0.0741  0.635   55.960   28.845  2.436  136.301

                                                                              346.361   0.000   0.000   0.000   0.000   0.000   0.0000

   44.1000    363.917    364.302   2  0.0610  0.627  125.966   45.006  2.750  346.361

                                                                              246.111   0.000   0.000   0.000   0.000   0.000   0.0000

   44.2000    364.912    365.161   2  0.0654  0.654  111.455   37.559  2.208  246.111

                                                                              331.599   0.000   0.000   0.000   0.000   0.000   0.0000

   44.3000    364.725    365.229   2  0.0659  0.647  105.474   37.483  3.144  331.599

                                                                             1159.172   0.000   0.000   0.000   0.000   0.000   0.0000

   44.3900    364.980    366.649   2  0.0645  0.588  202.595   73.292  5.722 1159.172

                                                                              676.096   0.000   0.000   0.000   0.000   0.000   0.0000

   44.4000    364.732    365.818   2  0.0708  0.593  146.507   60.247  4.615  676.096

                                                                                0.000   0.000   0.000   0.000   0.000   0.000   0.0000

   44.4050    364.412    365.498   2  0.0000  0.587    0.000    0.000  0.000    0.000

                                                                              230.201   0.000   0.000   0.000   0.000   0.000   0.0000

   44.4250    364.356    364.574   2  0.0738  0.591  111.361   52.649  2.067  230.201

                                                                              258.852   0.000   0.000   0.000   0.000   0.000   0.0000

   44.5000    364.652    364.973   2  0.0696  0.602  103.196   47.059  2.508  258.852

                                                                               17.508   0.000   0.000   0.000   0.000   0.000   0.0000

   44.6000    363.881    363.882   2  0.0669  0.619  103.569   42.485  0.169   17.508

                                                                  Blatt    4

   Stat-km   Wsp-m+NN   hen-m+NN IND  Lambda  formb    Fl-qm   Umfg-m  v-m/s  Q-cbm/s

                                                                                Q-ges    hv-m    hr-m   h-bor   h-ein   h-ort      h-m


                                                                               22.066   0.000   0.000   0.000   0.000   0.000   0.0000

   44.7000    363.780    363.782   2  0.0651  0.645  117.301   39.963  0.188   22.066

                                                                               36.673   0.000   0.000   0.000   0.000   0.000   0.0000

   44.8000    364.929    364.931   2  0.0653  0.634  180.499   52.503  0.203   36.673

                                                                              448.017   0.000   0.000   0.000   0.000   0.000   0.0000

   44.9000    363.962    364.545   2  0.0717  0.617  132.462   49.052  3.382  448.017

                                                                               15.559   0.000   0.000   0.000   0.000   0.000   0.0000

   45.0000    363.610    363.612   2  0.0690  0.651   90.089   34.355  0.173   15.559

                                                                              398.732   0.000   0.000   0.000   0.000   0.000   0.0000

   45.1000    364.006    364.622   2  0.0685  0.625  114.748   43.196  3.475  398.732

                                                                               11.489   0.000   0.000   0.000   0.000   0.000   0.0000

   45.2000    362.412    362.413   2  0.0741  0.613   78.239   38.401  0.147   11.489

                                                                               30.120   0.000   0.000   0.000   0.000   0.000   0.0000

   45.3000    363.175    363.177   2  0.0563  0.652  140.642   42.752  0.214   30.120

                                                                               22.147   0.000   0.000   0.000   0.000   0.000   0.0000

   45.4000    362.081    362.083   2  0.0628  0.609  124.851   49.542  0.177   22.147

                                                                               92.766   0.000   0.000   0.000   0.000   0.000   0.0000

   45.5000    363.750    363.754   2  0.0478  0.655  323.661   64.673  0.287   92.766

                                                                             1124.045   0.000   0.000   0.000   0.000   0.000   0.0000

   45.6000    363.476    364.786   2  0.0531  0.654  221.739   53.304  5.069 1124.045

                                                                             1753.886   0.000   0.000   0.000   0.000   0.000   0.0000

   45.7000    363.488    366.274   2  0.0578  0.600  237.261   71.892  7.392 1753.886

                                                                              437.809   0.000   0.000   0.000   0.000   0.000   0.0000

   45.8000    362.508    363.004   2  0.0648  0.602  140.341   54.692  3.120  437.809

                                                                              253.495   0.000   0.000   0.000   0.000   0.000   0.0000

   45.9000    362.010    362.422   2  0.0727  0.592   89.141   46.486  2.844  253.495

                                                                  Blatt    5

   Stat-km   Wsp-m+NN   hen-m+NN IND  Lambda  formb    Fl-qm   Umfg-m  v-m/s  Q-cbm/s

                                                                                Q-ges    hv-m    hr-m   h-bor   h-ein   h-ort      h-m


                                                                              147.753   0.000   0.000   0.000   0.000   0.000   0.0000

   46.0000    361.418    361.723   2  0.0878  0.563   60.407   50.176  2.446  147.753

                                                                                6.663   0.000   0.000   0.000   0.000   0.000   0.0000

   46.0160    361.314    361.315   2  0.0877  0.561   64.050   52.961  0.104    6.663

                                                                                9.966   0.000   0.000   0.000   0.000   0.000   0.0000

   46.1000    361.184    361.185   2  0.0751  0.605   71.308   38.138  0.140    9.966

                                                                               27.257   0.000   0.000   0.000   0.000   0.000   0.0000

   46.2000    362.059    362.061   2  0.0632  0.610  147.330   53.450  0.185   27.257

                                                                              183.856   0.000   0.000   0.000   0.000   0.000   0.0000

   46.3000    360.921    361.468   2  0.0819  0.578   56.108   41.368  3.277  183.856

                                                                               83.253   0.000   0.000   0.000   0.000   0.000   0.0000

   46.4000    361.385    361.449   2  0.0754  0.583   74.338   45.624  1.120   83.253

                                                                               80.636   0.000   0.000   0.000   0.000   0.000   0.0000

   46.5000    361.417    361.485   2  0.0766  0.589   69.983   42.129  1.152   80.636

                                                                              182.570   0.000   0.000   0.000   0.000   0.000   0.0000

   46.6000    362.296    362.466   2  0.0668  0.596   99.845   48.054  1.829  182.570

                                                                              202.892   0.000   0.000   0.000   0.000   0.000   0.0000

   46.7000    362.782    363.640   2  0.0992  0.566   49.466   43.953  4.102  202.892

                                                                               17.299   0.000   0.000   0.000   0.000   0.000   0.0000

   46.8000    363.328    363.415   2  0.1949  0.528   13.245   55.797  1.306   17.299

                                                                                2.527   0.000   0.000   0.000   0.000   0.000   0.0000

   46.9000    363.703    363.703   2  0.1270  0.546   37.545   51.184  0.067    2.527

                                                                                1.710   0.000   0.000   0.000   0.000   0.000   0.0000

   47.0000    363.410    363.410   2  0.1354  0.541   29.494   50.840  0.058    1.710

                                                                                4.438   0.000   0.000   0.000   0.000   0.000   0.0000

   47.1000    363.730    363.730   2  0.1024  0.551   52.402   55.948  0.085    4.438

                                                                  Blatt    6

   Stat-km   Wsp-m+NN   hen-m+NN IND  Lambda  formb    Fl-qm   Umfg-m  v-m/s  Q-cbm/s

                                                                                Q-ges    hv-m    hr-m   h-bor   h-ein   h-ort      h-m


                                                                               21.956   0.000   0.000   0.000   0.000   0.000   0.0000

   47.2000    363.336    363.361   2  0.1287  0.541   31.570   52.933  0.695   21.956

                                                                                3.961   0.000   0.000   0.000   0.000   0.000   0.0000

   47.3000    363.741    363.741   2  0.0993  0.556   45.752   48.217  0.087    3.961
