Daten.012: Riesa (Riesa) REM 
    1     2008   6  30   14    141.8
    2     2008   6  30   17    139.2
    3     2008   6  30   20    136.6
    4     2008   6  30   23    135.3
    5     2008   7   1    2    132.8
    6     2008   7   1    5    131.6
    7     2008   7   1    8    130.3
    8     2008   7   1   11    130.3
    9     2008   7   1   14    130.3
   10     2008   7   1   17    130.3
   11     2008   7   1   20    130.3
   12     2008   7   1   23    130.3
   13     2008   7   2    2    130.3
   14     2008   7   2    5    129.1
   15     2008   7   2    8    129.1
   16     2008   7   2   11    129.1
   17     2008   7   2   14    129.1
   18     2008   7   2   17    129.1
   19     2008   7   2   20    129.1
   20     2008   7   2   23    129.1
   21     2008   7   3    2    129.1
   22     2008   7   3    5    127.8
   23     2008   7   3    8    126.6
   24     2008   7   3   11    127.8
   25     2008   7   3   14    130.3
   26     2008   7   3   17    131.6
   27     2008   7   3   20    131.6
   28     2008   7   3   23    129.1
   29     2008   7   4    2    127.8
   30     2008   7   4    5    127.8
   31     2008   7   4    8    130.3
   32     2008   7   4   11    130.3
   33     2008   7   4   14    127.8
   34     2008   7   4   17    127.8
   35     2008   7   4   20    129.1
   36     2008   7   4   23    127.8
   37     2008   7   5    2    125.4
   38     2008   7   5    5    125.4
   39     2008   7   5    8    125.4
   40     2008   7   5   11    130.3
   41     2008   7   5   14    136.6
   42     2008   7   5   17    140.5
   43     2008   7   5   20    141.8
   44     2008   7   5   23    143.1
   45     2008   7   6    2    148.4
   46     2008   7   6    5    155.3
   47     2008   7   6    8    156.7
   48     2008   7   6   11    155.3
   49     2008   7   6   14    151.1
   50     2008   7   6   17    152.5
   51     2008   7   6   20    156.7
   52     2008   7   6   23    160.9
   53     2008   7   7    2    163.7
   54     2008   7   7    5    162.3
   55     2008   7   7    8    159.5
   56     2008   7   7   11    153.9
   57     2008   7   7   14    147.1
   58     2008   7   7   17    141.8
   59     2008   7   7   20    139.2
   60     2008   7   7   23    143.1
   61     2008   7   8    2    149.8
   62     2008   7   8    5    155.3
   63     2008   7   8    8    159.5
   64     2008   7   8   11    156.7
   65     2008   7   8   14    152.5
   66     2008   7   8   17    147.1
   67     2008   7   8   20    141.8
   68     2008   7   8   23    137.9
   69     2008   7   9    2    135.3
   70     2008   7   9    5    135.3
   71     2008   7   9    8    137.9
   72     2008   7   9   11    139.2
   73     2008   7   9   14    141.8
   74     2008   7   9   17    140.5
   75     2008   7   9   20    139.2
   76     2008   7   9   23    137.9
   77     2008   7  10    2    135.3
   78     2008   7  10    5    134.1
   79     2008   7  10    8    132.8
   80     2008   7  10   11    131.6
   81     2008   7  10   14    130.3
   82     2008   7  10   17    130.3
   83     2008   7  10   20    131.6
   84     2008   7  10   23    131.6
   85     2008   7  11    2    130.3
   86     2008   7  11    5    130.3
   87     2008   7  11    8    131.6
   88     2008   7  11   11    135.3
   89     2008   7  11   14    139.2
   90     2008   7  11   17    139.2
   91     2008   7  11   20    140.5
   92     2008   7  11   23    136.6
   93     2008   7  12    2    135.3
   94     2008   7  12    5    134.1
   95     2008   7  12    8    131.6
   96     2008   7  12   11    130.3
   97     2008   7  12   14    129.1
   98     2008   7  12   17    127.8
   99     2008   7  12   20    127.8
  100     2008   7  12   23    126.6
  101     2008   7  13    2    127.8
  102     2008   7  13    5    129.1
  103     2008   7  13    8    131.6
  104     2008   7  13   11    132.8
  105     2008   7  13   14    134.1
  106     2008   7  13   17    136.6
  107     2008   7  13   20    136.6
  108     2008   7  13   23    137.9
  109     2008   7  14    2    137.9
  110     2008   7  14    5    137.9
  111     2008   7  14    8    137.9
  112     2008   7  14   11    137.9
  113     2008   7  14   14    139.2
  114     2008   7  14   17    140.5
  115     2008   7  14   20    145.8
  116     2008   7  14   23    151.1
  117     2008   7  15    2    155.3
  118     2008   7  15    5    155.3
  119     2008   7  15    8    156.7
  120     2008   7  15   11    156.7
