Daten.010: Dresden (Dresden) REM 
    1     2008   6  30   14    121.4
    2     2008   6  30   17    119.9
    3     2008   6  30   20    119.9
    4     2008   6  30   23    119.9
    5     2008   7   1    2    119.9
    6     2008   7   1    5    119.9
    7     2008   7   1    8    119.9
    8     2008   7   1   11    119.9
    9     2008   7   1   14    119.9
   10     2008   7   1   17    118.5
   11     2008   7   1   20    118.5
   12     2008   7   1   23    118.5
   13     2008   7   2    2    118.5
   14     2008   7   2    5    119.9
   15     2008   7   2    8    119.9
   16     2008   7   2   11    119.9
   17     2008   7   2   14    118.5
   18     2008   7   2   17    119.9
   19     2008   7   2   20    112.8
   20     2008   7   2   23    115.6
   21     2008   7   3    2    121.4
   22     2008   7   3    5    124.3
   23     2008   7   3    8    121.4
   24     2008   7   3   11    118.5
   25     2008   7   3   14    114.2
   26     2008   7   3   17    110.0
   27     2008   7   3   20    110.0
   28     2008   7   3   23    112.8
   29     2008   7   4    2    110.0
   30     2008   7   4    5    105.9
   31     2008   7   4    8    104.5
   32     2008   7   4   11    108.6
   33     2008   7   4   14    107.3
   34     2008   7   4   17    108.6
   35     2008   7   4   20    110.0
   36     2008   7   4   23    118.5
   37     2008   7   5    2    130.2
   38     2008   7   5    5    134.7
   39     2008   7   5    8    134.7
   40     2008   7   5   11    133.2
   41     2008   7   5   14    139.3
   42     2008   7   5   17    151.8
   43     2008   7   5   20    158.3
   44     2008   7   5   23    151.8
   45     2008   7   6    2    143.9
   46     2008   7   6    5    140.8
   47     2008   7   6    8    150.2
   48     2008   7   6   11    156.7
   49     2008   7   6   14    158.3
   50     2008   7   6   17    158.3
   51     2008   7   6   20    153.4
   52     2008   7   6   23    145.5
   53     2008   7   7    2    136.2
   54     2008   7   7    5    128.7
   55     2008   7   7    8    125.7
   56     2008   7   7   11    130.2
   57     2008   7   7   14    142.4
   58     2008   7   7   17    155.1
   59     2008   7   7   20    158.3
   60     2008   7   7   23    156.7
   61     2008   7   8    2    148.7
   62     2008   7   8    5    140.8
   63     2008   7   8    8    131.7
   64     2008   7   8   11    127.2
   65     2008   7   8   14    122.8
   66     2008   7   8   17    124.3
   67     2008   7   8   20    127.2
   68     2008   7   8   23    131.7
   69     2008   7   9    2    134.7
   70     2008   7   9    5    134.7
   71     2008   7   9    8    131.7
   72     2008   7   9   11    127.2
   73     2008   7   9   14    125.7
   74     2008   7   9   17    124.3
   75     2008   7   9   20    122.8
   76     2008   7   9   23    121.4
   77     2008   7  10    2    121.4
   78     2008   7  10    5    119.9
   79     2008   7  10    8    119.9
   80     2008   7  10   11    119.9
   81     2008   7  10   14    119.9
   82     2008   7  10   17    119.9
   83     2008   7  10   20    118.5
   84     2008   7  10   23    125.7
   85     2008   7  11    2    134.7
   86     2008   7  11    5    134.7
   87     2008   7  11    8    131.7
   88     2008   7  11   11    122.8
   89     2008   7  11   14    117.1
   90     2008   7  11   17    117.1
   91     2008   7  11   20    115.6
   92     2008   7  11   23    117.1
   93     2008   7  12    2    115.6
   94     2008   7  12    5    115.6
   95     2008   7  12    8    115.6
   96     2008   7  12   11    117.1
   97     2008   7  12   14    117.1
   98     2008   7  12   17    119.9
   99     2008   7  12   20    121.4
  100     2008   7  12   23    125.7
  101     2008   7  13    2    127.2
  102     2008   7  13    5    127.2
  103     2008   7  13    8    127.2
  104     2008   7  13   11    125.7
  105     2008   7  13   14    125.7
  106     2008   7  13   17    127.2
  107     2008   7  13   20    127.2
  108     2008   7  13   23    128.7
  109     2008   7  14    2    130.2
  110     2008   7  14    5    131.7
  111     2008   7  14    8    137.8
  112     2008   7  14   11    148.7
  113     2008   7  14   14    153.4
  114     2008   7  14   17    153.4
  115     2008   7  14   20    150.2
  116     2008   7  14   23    150.2
  117     2008   7  15    2    153.4
  118     2008   7  15    5    156.7
  119     2008   7  15    8    156.7
  120     2008   7  15   11    151.8
