Daten.013: Torgau (Torgau) REM 
    1     2008   6  30   14    158.4
    2     2008   6  30   17    157.1
    3     2008   6  30   20    157.1
    4     2008   6  30   23    155.7
    5     2008   7   1    2    154.3
    6     2008   7   1    5    153.0
    7     2008   7   1    8    150.3
    8     2008   7   1   11    149.0
    9     2008   7   1   14    146.3
   10     2008   7   1   17    145.0
   11     2008   7   1   20    146.3
   12     2008   7   1   23    145.0
   13     2008   7   2    2    142.3
   14     2008   7   2    5    142.3
   15     2008   7   2    8    142.3
   16     2008   7   2   11    142.3
   17     2008   7   2   14    141.0
   18     2008   7   2   17    141.0
   19     2008   7   2   20    141.0
   20     2008   7   2   23    141.0
   21     2008   7   3    2    141.0
   22     2008   7   3    5    141.0
   23     2008   7   3    8    141.0
   24     2008   7   3   11    141.0
   25     2008   7   3   14    141.0
   26     2008   7   3   17    139.7
   27     2008   7   3   20    139.7
   28     2008   7   3   23    141.0
   29     2008   7   4    2    142.3
   30     2008   7   4    5    142.3
   31     2008   7   4    8    142.3
   32     2008   7   4   11    141.0
   33     2008   7   4   14    141.0
   34     2008   7   4   17    141.0
   35     2008   7   4   20    141.0
   36     2008   7   4   23    139.7
   37     2008   7   5    2    139.7
   38     2008   7   5    5    139.7
   39     2008   7   5    8    138.4
   40     2008   7   5   11    138.4
   41     2008   7   5   14    137.0
   42     2008   7   5   17    137.0
   43     2008   7   5   20    138.4
   44     2008   7   5   23    141.0
   45     2008   7   6    2    145.0
   46     2008   7   6    5    147.6
   47     2008   7   6    8    151.7
   48     2008   7   6   11    154.3
   49     2008   7   6   14    159.8
   50     2008   7   6   17    162.5
   51     2008   7   6   20    165.2
   52     2008   7   6   23    166.6
   53     2008   7   7    2    166.6
   54     2008   7   7    5    168.0
   55     2008   7   7    8    169.4
   56     2008   7   7   11    170.8
   57     2008   7   7   14    172.2
   58     2008   7   7   17    172.2
   59     2008   7   7   20    169.4
   60     2008   7   7   23    165.2
   61     2008   7   8    2    161.1
   62     2008   7   8    5    157.1
   63     2008   7   8    8    155.7
   64     2008   7   8   11    157.1
   65     2008   7   8   14    161.1
   66     2008   7   8   17    165.2
   67     2008   7   8   20    165.2
   68     2008   7   8   23    165.2
   69     2008   7   9    2    162.5
   70     2008   7   9    5    158.4
   71     2008   7   9    8    154.3
   72     2008   7   9   11    150.3
   73     2008   7   9   14    149.0
   74     2008   7   9   17    147.6
   75     2008   7   9   20    149.0
   76     2008   7   9   23    150.3
   77     2008   7  10    2    150.3
   78     2008   7  10    5    150.3
   79     2008   7  10    8    147.6
   80     2008   7  10   11    147.6
   81     2008   7  10   14    147.6
   82     2008   7  10   17    145.0
   83     2008   7  10   20    146.3
   84     2008   7  10   23    143.6
   85     2008   7  11    2    143.6
   86     2008   7  11    5    142.3
   87     2008   7  11    8    141.0
   88     2008   7  11   11    141.0
   89     2008   7  11   14    141.0
   90     2008   7  11   17    141.0
   91     2008   7  11   20    142.3
   92     2008   7  11   23    145.0
   93     2008   7  12    2    147.6
   94     2008   7  12    5    149.0
   95     2008   7  12    8    149.0
   96     2008   7  12   11    147.6
   97     2008   7  12   14    146.3
   98     2008   7  12   17    143.6
   99     2008   7  12   20    142.3
  100     2008   7  12   23    141.0
  101     2008   7  13    2    139.7
  102     2008   7  13    5    138.4
  103     2008   7  13    8    137.0
  104     2008   7  13   11    137.0
  105     2008   7  13   14    137.0
  106     2008   7  13   17    138.4
  107     2008   7  13   20    139.7
  108     2008   7  13   23    142.3
  109     2008   7  14    2    143.6
  110     2008   7  14    5    145.0
  111     2008   7  14    8    146.3
  112     2008   7  14   11    146.3
  113     2008   7  14   14    146.3
  114     2008   7  14   17    147.6
  115     2008   7  14   20    147.6
  116     2008   7  14   23    147.6
  117     2008   7  15    2    149.0
  118     2008   7  15    5    151.7
  119     2008   7  15    8    155.7
  120     2008   7  15   11    159.8
