Daten.015: Wittenberg (Wittenberg) REM 
    1     2008   6  30   14    185.0
    2     2008   6  30   17    182.2
    3     2008   6  30   20    178.0
    4     2008   6  30   23    173.8
    5     2008   7   1    2    171.0
    6     2008   7   1    5    166.8
    7     2008   7   1    8    164.1
    8     2008   7   1   11    164.1
    9     2008   7   1   14    160.0
   10     2008   7   1   17    158.6
   11     2008   7   1   20    158.6
   12     2008   7   1   23    155.9
   13     2008   7   2    2    154.5
   14     2008   7   2    5    153.2
   15     2008   7   2    8    150.5
   16     2008   7   2   11    149.1
   17     2008   7   2   14    147.8
   18     2008   7   2   17    147.8
   19     2008   7   2   20    146.4
   20     2008   7   2   23    146.4
   21     2008   7   3    2    145.1
   22     2008   7   3    5    145.1
   23     2008   7   3    8    145.1
   24     2008   7   3   11    143.7
   25     2008   7   3   14    143.7
   26     2008   7   3   17    143.7
   27     2008   7   3   20    145.1
   28     2008   7   3   23    145.1
   29     2008   7   4    2    145.1
   30     2008   7   4    5    145.1
   31     2008   7   4    8    146.4
   32     2008   7   4   11    146.4
   33     2008   7   4   14    146.4
   34     2008   7   4   17    145.1
   35     2008   7   4   20    145.1
   36     2008   7   4   23    145.1
   37     2008   7   5    2    145.1
   38     2008   7   5    5    143.7
   39     2008   7   5    8    143.7
   40     2008   7   5   11    142.4
   41     2008   7   5   14    142.4
   42     2008   7   5   17    142.4
   43     2008   7   5   20    141.1
   44     2008   7   5   23    141.1
   45     2008   7   6    2    139.7
   46     2008   7   6    5    139.7
   47     2008   7   6    8    139.7
   48     2008   7   6   11    141.1
   49     2008   7   6   14    142.4
   50     2008   7   6   17    145.1
   51     2008   7   6   20    147.8
   52     2008   7   6   23    151.8
   53     2008   7   7    2    154.5
   54     2008   7   7    5    158.6
   55     2008   7   7    8    161.3
   56     2008   7   7   11    164.1
   57     2008   7   7   14    165.5
   58     2008   7   7   17    166.8
   59     2008   7   7   20    168.2
   60     2008   7   7   23    169.6
   61     2008   7   8    2    172.4
   62     2008   7   8    5    172.4
   63     2008   7   8    8    172.4
   64     2008   7   8   11    171.0
   65     2008   7   8   14    169.6
   66     2008   7   8   17    166.8
   67     2008   7   8   20    165.5
   68     2008   7   8   23    164.1
   69     2008   7   9    2    164.1
   70     2008   7   9    5    165.5
   71     2008   7   9    8    165.5
   72     2008   7   9   11    166.8
   73     2008   7   9   14    165.5
   74     2008   7   9   17    164.1
   75     2008   7   9   20    162.7
   76     2008   7   9   23    160.0
   77     2008   7  10    2    155.9
   78     2008   7  10    5    155.9
   79     2008   7  10    8    153.2
   80     2008   7  10   11    153.2
   81     2008   7  10   14    154.5
   82     2008   7  10   17    151.8
   83     2008   7  10   20    153.2
   84     2008   7  10   23    153.2
   85     2008   7  11    2    151.8
   86     2008   7  11    5    151.8
   87     2008   7  11    8    150.5
   88     2008   7  11   11    149.1
   89     2008   7  11   14    149.1
   90     2008   7  11   17    147.8
   91     2008   7  11   20    146.4
   92     2008   7  11   23    146.4
   93     2008   7  12    2    145.1
   94     2008   7  12    5    145.1
   95     2008   7  12    8    146.4
   96     2008   7  12   11    146.4
   97     2008   7  12   14    147.8
   98     2008   7  12   17    149.1
   99     2008   7  12   20    149.1
  100     2008   7  12   23    150.5
  101     2008   7  13    2    149.1
  102     2008   7  13    5    147.8
  103     2008   7  13    8    147.8
  104     2008   7  13   11    146.4
  105     2008   7  13   14    145.1
  106     2008   7  13   17    145.1
  107     2008   7  13   20    143.7
  108     2008   7  13   23    142.4
  109     2008   7  14    2    142.4
  110     2008   7  14    5    142.4
  111     2008   7  14    8    142.4
  112     2008   7  14   11    142.4
  113     2008   7  14   14    143.7
  114     2008   7  14   17    145.1
  115     2008   7  14   20    146.4
  116     2008   7  14   23    146.4
  117     2008   7  15    2    147.8
  118     2008   7  15    5    147.8
  119     2008   7  15    8    149.1
  120     2008   7  15   11    149.1
