       Stat Kenn    Abfluss        Sohle        h_WSP          hen         h_BV       Boe_li       Boe_re          v_m       tau_fl         Q_li         Q_fl         Q_re      lamb_li      lamb_fl      lamb_re         f_li         f_fl         f_re        br_li        br_fl        br_re       WehrOK     BrueckOK     BrueckUK      BrueckB       RohrDN      AlphaIW      AlphaEW       I_Reib
         km    -      m^3/s          mNN          mNN          mNN          mNN          mNN          mNN          m/s        N/m^2        m^3/s        m^3/s        m^3/s            -            -            -          m^2          m^2            m            m            m            m          mNN          mNN          mNN            m            m            -            -            -
    41.7200    n     20.000 0.362033E+03 0.363500E+03 0.363520E+03 0.364363E+03 0.365007E+03 0.364363E+03 0.627813E+00 0.430289E+01 0.000000E+00 0.200000E+02 0.000000E+00 0.000000E+00 0.873354E-01 0.000000E+00 0.000000E+00 0.318566E+02 0.000000E+00 0.000000E+00 0.320778E+02 0.000000E+00     -999.999     -999.999     -999.999     -999.999     -999.999 0.100000E+01 0.100000E+01 0.000000E+00
    41.7400    n     20.000 0.362033E+03 0.363508E+03 0.363530E+03 0.364574E+03 0.365126E+03 0.364574E+03 0.656906E+00 0.453194E+01 0.000000E+00 0.200000E+02 0.000000E+00 0.000000E+00 0.840170E-01 0.000000E+00 0.000000E+00 0.304458E+02 0.000000E+00 0.000000E+00 0.289180E+02 0.000000E+00     -999.999     -999.999     -999.999     -999.999     -999.999 0.100000E+01 0.100000E+01 0.000000E+00
    41.7450    n     20.000 0.362033E+03 0.363507E+03 0.363533E+03 0.365191E+03 0.365191E+03 0.365296E+03 0.703217E+00 0.520184E+01 0.000000E+00 0.199698E+02 0.000000E+00 0.000000E+00 0.844074E-01 0.000000E+00 0.000000E+00 0.284407E+02 0.000000E+00 0.000000E+00 0.273456E+02 0.000000E+00     -999.999     -999.999     -999.999     -999.999     -999.999 0.100000E+01 0.100000E+01 0.000000E+00
    41.8000    n     20.000 0.362035E+03 0.363535E+03 0.363561E+03 0.364709E+03 0.365384E+03 0.364709E+03 0.716796E+00 0.524974E+01 0.000000E+00 0.200290E+02 0.000000E+00 0.000000E+00 0.815039E-01 0.000000E+00 0.000000E+00 0.279020E+02 0.000000E+00 0.000000E+00 0.252798E+02 0.000000E+00     -999.999     -999.999     -999.999     -999.999     -999.999 0.100000E+01 0.100000E+01 0.000000E+00
    41.9000    n     20.000 0.361044E+03 0.363582E+03 0.363590E+03 0.364463E+03 0.364463E+03 0.364732E+03 0.401463E+00 0.150643E+01 0.000000E+00 0.200000E+02 0.000000E+00 0.000000E+00 0.747735E-01 0.000000E+00 0.000000E+00 0.498178E+02 0.000000E+00 0.000000E+00 0.281399E+02 0.000000E+00     -999.999     -999.999     -999.999     -999.999     -999.999 0.100000E+01 0.100000E+01 0.000000E+00
    42.0000    n     20.000 0.360049E+03 0.363592E+03 0.363596E+03 0.363856E+03 0.363856E+03 0.364906E+03 0.261715E+00 0.530941E+00 0.000000E+00 0.200000E+02 0.000000E+00 0.000000E+00 0.620123E-01 0.000000E+00 0.000000E+00 0.764190E+02 0.000000E+00 0.000000E+00 0.304767E+02 0.000000E+00     -999.999     -999.999     -999.999     -999.999     -999.999 0.100000E+01 0.100000E+01 0.000000E+00
    42.0350    n     20.000 0.359952E+03 0.363595E+03 0.363596E+03 0.362451E+03 0.362451E+03 0.365193E+03 0.171403E+00 0.206975E+00 0.117152E+00 0.198828E+02 0.000000E+00 0.125928E+00 0.547911E-01 0.000000E+00 0.230947E+01 0.114375E+03 0.000000E+00 0.402809E+01 0.378362E+02 0.000000E+00     -999.999     -999.999     -999.999     -999.999     -999.999 0.101020E+01 0.102342E+01 0.000000E+00
    42.1000    n     20.000 0.360558E+03 0.363594E+03 0.363598E+03 0.363307E+03 0.363307E+03 0.365565E+03 0.290545E+00 0.752776E+00 0.108610E-01 0.200366E+02 0.000000E+00 0.206873E+00 0.707060E-01 0.000000E+00 0.180904E+00 0.686552E+02 0.000000E+00 0.126071E+01 0.313047E+02 0.000000E+00     -999.999     -999.999     -999.999     -999.999     -999.999 0.100190E+01 0.100409E+01 0.000000E+00
    42.2000    n     20.000 0.360444E+03 0.363599E+03 0.363601E+03 0.363506E+03 0.363506E+03 0.365656E+03 0.218586E+00 0.407202E+00 0.455231E-03 0.200000E+02 0.000000E+00 0.200553E+00 0.681558E-01 0.000000E+00 0.160204E-01 0.914812E+02 0.000000E+00 0.346048E+00 0.375312E+02 0.000000E+00     -999.999     -999.999     -999.999     -999.999     -999.999 0.100015E+01 0.100031E+01 0.000000E+00
    42.3000    n     20.000 0.359807E+03 0.363601E+03 0.363602E+03 0.363758E+03 0.366310E+03 0.363758E+03 0.179231E+00 0.258657E+00 0.000000E+00 0.200455E+02 0.000000E+00 0.000000E+00 0.641225E-01 0.000000E+00 0.000000E+00 0.111588E+03 0.000000E+00 0.000000E+00 0.419839E+02 0.000000E+00     -999.999     -999.999     -999.999     -999.999     -999.999 0.100000E+01 0.100000E+01 0.000000E+00
    42.4000    n     20.000 0.361276E+03 0.363602E+03 0.363609E+03 0.363241E+03 0.366743E+03 0.363241E+03 0.370011E+00 0.137502E+01 0.000000E+00 0.199788E+02 0.211748E-01 0.000000E+00 0.797902E-01 0.157469E+00 0.000000E+00 0.538078E+02 0.244589E+00 0.000000E+00 0.322634E+02 0.135463E+01     -999.999     -999.999     -999.999     -999.999     -999.999 0.100268E+01 0.100598E+01 0.000000E+00
    42.5000    n     20.000 0.361107E+03 0.363611E+03 0.363622E+03 0.365060E+03 0.365772E+03 0.365060E+03 0.467232E+00 0.215940E+01 0.000000E+00 0.200005E+02 0.000000E+00 0.000000E+00 0.791293E-01 0.000000E+00 0.000000E+00 0.428053E+02 0.000000E+00 0.000000E+00 0.250087E+02 0.000000E+00     -999.999     -999.999     -999.999     -999.999     -999.999 0.100000E+01 0.100000E+01 0.000000E+00
    42.6000    n     20.000 0.361526E+03 0.363627E+03 0.363641E+03 0.363966E+03 0.363966E+03 0.365648E+03 0.524103E+00 0.307366E+01 0.000000E+00 0.200006E+02 0.000000E+00 0.000000E+00 0.895132E-01 0.000000E+00 0.000000E+00 0.381605E+02 0.000000E+00 0.000000E+00 0.239025E+02 0.000000E+00     -999.999     -999.999     -999.999     -999.999     -999.999 0.100000E+01 0.100000E+01 0.000000E+00
    42.7000    n     20.000 0.361677E+03 0.363653E+03 0.363671E+03 0.361677E+03 0.361677E+03 0.366048E+03 0.484157E+00 0.472370E+01 0.261707E+01 0.173596E+02 0.000000E+00 0.127819E+01 0.959747E-01 0.000000E+00 0.136439E+02 0.276650E+02 0.000000E+00 0.753766E+01 0.187998E+02 0.000000E+00     -999.999     -999.999     -999.999     -999.999     -999.999 0.119098E+01 0.151261E+01 0.000000E+00
    42.8000    n     20.000 0.361260E+03 0.363687E+03 0.363694E+03 0.361260E+03 0.361260E+03 0.366298E+03 0.354241E+00 0.131476E+01 0.495390E+01 0.150461E+02 0.000000E+00 0.584985E-01 0.904817E-01 0.000000E+00 0.123285E+02 0.441303E+02 0.000000E+00 0.818230E+01 0.251931E+02 0.000000E+00     -999.999     -999.999     -999.999     -999.999     -999.999 0.102130E+01 0.106405E+01 0.000000E+00
    42.8950    n     20.000 0.360991E+03 0.363695E+03 0.363701E+03 0.364105E+03 0.364105E+03 0.364661E+03 0.319721E+00 0.101526E+01 0.000000E+00 0.200000E+02 0.000000E+00 0.000000E+00 0.794559E-01 0.000000E+00 0.000000E+00 0.625546E+02 0.000000E+00 0.000000E+00 0.349762E+02 0.000000E+00     -999.999     -999.999     -999.999     -999.999     -999.999 0.100000E+01 0.100000E+01 0.000000E+00
    42.9000    n     20.000 0.360987E+03 0.363697E+03 0.363701E+03 0.363857E+03 0.363857E+03 0.365149E+03 0.256071E+00 0.611179E+00 0.000000E+00 0.200000E+02 0.000000E+00 0.000000E+00 0.745656E-01 0.000000E+00 0.000000E+00 0.781034E+02 0.000000E+00 0.000000E+00 0.408416E+02 0.000000E+00     -999.999     -999.999     -999.999     -999.999     -999.999 0.100000E+01 0.100000E+01 0.000000E+00
    43.0000    n     20.000 0.360667E+03 0.363701E+03 0.363705E+03 0.363886E+03 0.366059E+03 0.363886E+03 0.284290E+00 0.701462E+00 0.000000E+00 0.200000E+02 0.000000E+00 0.000000E+00 0.694340E-01 0.000000E+00 0.000000E+00 0.703508E+02 0.000000E+00 0.000000E+00 0.340159E+02 0.000000E+00     -999.999     -999.999     -999.999     -999.999     -999.999 0.100000E+01 0.100000E+01 0.000000E+00
    43.1000    n     20.000 0.360163E+03 0.363705E+03 0.363707E+03 0.362722E+03 0.365927E+03 0.362722E+03 0.205944E+00 0.350751E+00 0.000000E+00 0.199435E+02 0.568442E-01 0.000000E+00 0.653477E-01 0.119916E+00 0.000000E+00 0.962439E+02 0.869951E+00 0.000000E+00 0.388930E+02 0.177047E+01     -999.999     -999.999     -999.999     -999.999     -999.999 0.100429E+01 0.100991E+01 0.000000E+00
    43.2000    n     20.000 0.360092E+03 0.363707E+03 0.363709E+03 0.365676E+03 0.365908E+03 0.365676E+03 0.200327E+00 0.307583E+00 0.000000E+00 0.200000E+02 0.000000E+00 0.000000E+00 0.613157E-01 0.000000E+00 0.000000E+00 0.998366E+02 0.000000E+00 0.000000E+00 0.382333E+02 0.000000E+00     -999.999     -999.999     -999.999     -999.999     -999.999 0.100000E+01 0.100000E+01 0.000000E+00
    43.3000    n     20.000 0.360315E+03 0.363708E+03 0.363711E+03 0.364794E+03 0.364794E+03 0.366061E+03 0.238961E+00 0.449724E+00 0.000000E+00 0.200000E+02 0.000000E+00 0.000000E+00 0.630062E-01 0.000000E+00 0.000000E+00 0.836957E+02 0.000000E+00 0.000000E+00 0.318882E+02 0.000000E+00     -999.999     -999.999     -999.999     -999.999     -999.999 0.100000E+01 0.100000E+01 0.000000E+00
    43.4000    n     20.000 0.360139E+03 0.363710E+03 0.363712E+03 0.362644E+03 0.362644E+03 0.365648E+03 0.234612E+00 0.440366E+00 0.360120E-01 0.199607E+02 0.000000E+00 0.252903E+00 0.633266E-01 0.000000E+00 0.618843E+00 0.846284E+02 0.000000E+00 0.116158E+01 0.311108E+02 0.000000E+00     -999.999     -999.999     -999.999     -999.999     -999.999 0.100473E+01 0.101042E+01 0.000000E+00
    43.5000    n     20.000 0.359987E+03 0.363711E+03 0.363714E+03 0.364756E+03 0.364920E+03 0.364756E+03 0.242242E+00 0.511734E+00 0.000000E+00 0.200000E+02 0.000000E+00 0.000000E+00 0.697648E-01 0.000000E+00 0.000000E+00 0.825622E+02 0.000000E+00 0.000000E+00 0.333293E+02 0.000000E+00     -999.999     -999.999     -999.999     -999.999     -999.999 0.100000E+01 0.100000E+01 0.000000E+00
    43.6000    n     20.000 0.360316E+03 0.363714E+03 0.363717E+03 0.363932E+03 0.365526E+03 0.363932E+03 0.236772E+00 0.497623E+00 0.000000E+00 0.200000E+02 0.000000E+00 0.000000E+00 0.710114E-01 0.000000E+00 0.000000E+00 0.844694E+02 0.000000E+00 0.000000E+00 0.340903E+02 0.000000E+00     -999.999     -999.999     -999.999     -999.999     -999.999 0.100000E+01 0.100000E+01 0.000000E+00
    43.7000    n     20.000 0.360127E+03 0.363716E+03 0.363719E+03 0.362827E+03 0.365096E+03 0.362827E+03 0.230682E+00 0.437289E+00 0.000000E+00 0.199460E+02 0.539597E-01 0.000000E+00 0.648609E-01 0.121278E+00 0.000000E+00 0.858853E+02 0.814249E+00 0.000000E+00 0.299453E+02 0.180703E+01     -999.999     -999.999     -999.999     -999.999     -999.999 0.100490E+01 0.101117E+01 0.000000E+00
    43.8000    n     20.000 0.359853E+03 0.363718E+03 0.363720E+03 0.364904E+03 0.365014E+03 0.364904E+03 0.221996E+00 0.389605E+00 0.000000E+00 0.200003E+02 0.000000E+00 0.000000E+00 0.632425E-01 0.000000E+00 0.000000E+00 0.900916E+02 0.000000E+00 0.000000E+00 0.312413E+02 0.000000E+00     -999.999     -999.999     -999.999     -999.999     -999.999 0.100000E+01 0.100000E+01 0.000000E+00
    43.9000    n     20.000 0.359755E+03 0.363719E+03 0.363723E+03 0.364232E+03 0.365606E+03 0.364232E+03 0.273593E+00 0.637531E+00 0.000000E+00 0.200000E+02 0.000000E+00 0.000000E+00 0.681369E-01 0.000000E+00 0.000000E+00 0.731014E+02 0.000000E+00 0.000000E+00 0.267751E+02 0.000000E+00     -999.999     -999.999     -999.999     -999.999     -999.999 0.100000E+01 0.100000E+01 0.000000E+00
    43.9820    n     20.000 0.359869E+03 0.363721E+03 0.363725E+03 0.362171E+03 0.366234E+03 0.362171E+03 0.239661E+00 0.477423E+00 0.000000E+00 0.198035E+02 0.240583E+00 0.000000E+00 0.636674E-01 0.118308E+00 0.000000E+00 0.808545E+02 0.259678E+01 0.000000E+00 0.273929E+02 0.329530E+01     -999.999     -999.999     -999.999     -999.999     -999.999 0.101270E+01 0.103017E+01 0.000000E+00
    44.0000    n     20.000 0.359921E+03 0.363722E+03 0.363725E+03 0.362707E+03 0.365569E+03 0.362707E+03 0.230439E+00 0.428662E+00 0.000000E+00 0.199199E+02 0.791081E-01 0.000000E+00 0.632643E-01 0.148640E+00 0.000000E+00 0.855587E+02 0.123238E+01 0.000000E+00 0.304475E+02 0.242815E+01     -999.999     -999.999     -999.999     -999.999     -999.999 0.100759E+01 0.101733E+01 0.000000E+00
    44.1000    n     20.000 0.360131E+03 0.363725E+03 0.363726E+03 0.363917E+03 0.365236E+03 0.363917E+03 0.169968E+00 0.222189E+00 0.000000E+00 0.200000E+02 0.000000E+00 0.000000E+00 0.615287E-01 0.000000E+00 0.000000E+00 0.117669E+03 0.000000E+00 0.000000E+00 0.426622E+02 0.000000E+00     -999.999     -999.999     -999.999     -999.999     -999.999 0.100000E+01 0.100000E+01 0.000000E+00
    44.2000    n     20.000 0.360268E+03 0.363725E+03 0.363729E+03 0.364912E+03 0.364912E+03 0.365283E+03 0.276849E+00 0.665307E+00 0.000000E+00 0.200000E+02 0.000000E+00 0.000000E+00 0.694427E-01 0.000000E+00 0.000000E+00 0.722416E+02 0.000000E+00 0.000000E+00 0.302644E+02 0.000000E+00     -999.999     -999.999     -999.999     -999.999     -999.999 0.100000E+01 0.100000E+01 0.000000E+00
    44.3000    n     20.000 0.360563E+03 0.363728E+03 0.363732E+03 0.364725E+03 0.364725E+03 0.365575E+03 0.277582E+00 0.678190E+00 0.000000E+00 0.200000E+02 0.000000E+00 0.000000E+00 0.704138E-01 0.000000E+00 0.000000E+00 0.720507E+02 0.000000E+00 0.000000E+00 0.312877E+02 0.000000E+00     -999.999     -999.999     -999.999     -999.999     -999.999 0.100000E+01 0.100000E+01 0.000000E+00
    44.3900    n     20.000 0.361439E+03 0.363732E+03 0.363734E+03 0.364980E+03 0.364998E+03 0.364980E+03 0.167259E+00 0.253665E+00 0.000000E+00 0.200749E+02 0.000000E+00 0.000000E+00 0.719979E-01 0.000000E+00 0.000000E+00 0.119575E+03 0.000000E+00 0.000000E+00 0.629786E+02 0.000000E+00     -999.999     -999.999     -999.999     -999.999     -999.999 0.100000E+01 0.100000E+01 0.000000E+00
    44.4000    n     20.000 0.361518E+03 0.363732E+03 0.363734E+03 0.364732E+03 0.364732E+03 0.365027E+03 0.214055E+00 0.421717E+00 0.000000E+00 0.199995E+02 0.000000E+00 0.000000E+00 0.736344E-01 0.000000E+00 0.000000E+00 0.934337E+02 0.000000E+00 0.000000E+00 0.503348E+02 0.000000E+00     -999.999     -999.999     -999.999     -999.999     -999.999 0.100000E+01 0.100000E+01 0.000000E+00
    44.4050    n     20.000 0.361563E+03 0.363731E+03 0.363734E+03 0.364412E+03 0.364412E+03 0.365069E+03 0.235043E+00 0.570757E+00 0.000000E+00 0.200000E+02 0.000000E+00 0.000000E+00 0.826504E-01 0.000000E+00 0.000000E+00 0.850906E+02 0.000000E+00 0.000000E+00 0.498191E+02 0.000000E+00     -999.999     -999.999     -999.999     -999.999     -999.999 0.100000E+01 0.100000E+01 0.000000E+00
    44.4250    n     20.000 0.361601E+03 0.363732E+03 0.363735E+03 0.364356E+03 0.364356E+03 0.364950E+03 0.248664E+00 0.610054E+00 0.000000E+00 0.200017E+02 0.000000E+00 0.000000E+00 0.789151E-01 0.000000E+00 0.000000E+00 0.804297E+02 0.000000E+00 0.000000E+00 0.475137E+02 0.000000E+00     -999.999     -999.999     -999.999     -999.999     -999.999 0.100000E+01 0.100000E+01 0.000000E+00
    44.5000    w     10.000 0.361792E+03 0.365282E+03 0.365282E+03 0.365050E+03 0.365050E+03 0.365050E+03 0.716707E-01 0.457347E-01 0.595742E-01 0.993742E+01 0.230251E-02 0.197312E+00 0.660366E-01 0.151270E+00 0.583001E+01 0.133505E+03 0.192000E+00 0.392046E+02 0.489991E+02 0.117413E+01      365.050     -999.999     -999.999     -999.999     -999.999 0.103316E+01 0.107232E+01 0.000000E+00
    44.6000    n     10.000 0.360740E+03 0.365282E+03 0.365282E+03 0.363881E+03 0.363881E+03 0.365030E+03 0.530349E-01 0.300641E-01 0.112403E+00 0.986207E+01 0.245586E-01 0.145134E+00 0.768347E-01 0.185532E+00 0.957527E+01 0.176270E+03 0.271001E+01 0.426326E+02 0.611706E+02 0.156026E+02     -999.999     -999.999     -999.999     -999.999     -999.999 0.104400E+01 0.109901E+01 0.000000E+00
    44.7000    n     10.000 0.359728E+03 0.365282E+03 0.365282E+03 0.363780E+03 0.363780E+03 0.364733E+03 0.517370E-01 0.226382E-01 0.996937E-01 0.983886E+01 0.608102E-01 0.133128E+00 0.591025E-01 0.167743E+00 0.102867E+02 0.177738E+03 0.525995E+01 0.380199E+02 0.415604E+02 0.107857E+02     -999.999     -999.999     -999.999     -999.999     -999.999 0.105704E+01 0.112858E+01 0.000000E+00
    44.8000    n     10.000 0.359599E+03 0.365282E+03 0.365282E+03 0.364929E+03 0.365020E+03 0.364929E+03 0.481868E-01 0.197036E-01 0.558930E-01 0.993376E+01 0.962268E-02 0.194667E+00 0.627987E-01 0.157420E+00 0.790359E+01 0.198276E+03 0.134604E+01 0.344183E+02 0.503823E+02 0.726566E+01     -999.999     -999.999     -999.999     -999.999     -999.999 0.103401E+01 0.107434E+01 0.000000E+00
    44.9000    n     10.000 0.359986E+03 0.365282E+03 0.365282E+03 0.363962E+03 0.363962E+03 0.364515E+03 0.446302E-01 0.191152E-01 0.284819E+00 0.967875E+01 0.363197E-01 0.157248E+00 0.644529E-01 0.951776E-01 0.225203E+02 0.198704E+03 0.283993E+01 0.377981E+02 0.514111E+02 0.767488E+01     -999.999     -999.999     -999.999     -999.999     -999.999 0.106665E+01 0.115767E+01 0.000000E+00
    45.0000    n     10.000 0.359854E+03 0.365282E+03 0.365282E+03 0.363610E+03 0.363610E+03 0.364650E+03 0.502720E-01 0.294660E-01 0.547575E+00 0.910847E+01 0.343814E+00 0.146363E+00 0.642650E-01 0.106392E+00 0.313789E+02 0.150393E+03 0.171460E+02 0.467783E+02 0.384796E+02 0.266546E+02     -999.999     -999.999     -999.999     -999.999     -999.999 0.113497E+01 0.134410E+01 0.000000E+00
    45.1000    n     10.000 0.360251E+03 0.365282E+03 0.365282E+03 0.364006E+03 0.364006E+03 0.364899E+03 0.509016E-01 0.256368E-01 0.430108E-01 0.953118E+01 0.425708E+00 0.118533E+00 0.671106E-01 0.114534E+00 0.239652E+01 0.172411E+03 0.216496E+02 0.372107E+01 0.497236E+02 0.307693E+02     -999.999     -999.999     -999.999     -999.999     -999.999 0.105454E+01 0.113374E+01 0.000000E+00
    45.2000    n     10.000 0.358997E+03 0.365282E+03 0.365282E+03 0.362412E+03 0.362412E+03 0.364608E+03 0.381492E-01 0.148853E-01 0.488895E+00 0.936209E+01 0.148734E+00 0.101659E+00 0.634733E-01 0.124282E+00 0.336069E+02 0.216145E+03 0.123766E+02 0.497902E+02 0.532110E+02 0.221686E+02     -999.999     -999.999     -999.999     -999.999     -999.999 0.109295E+01 0.122650E+01 0.000000E+00
    45.3000    n     10.000 0.358516E+03 0.365282E+03 0.365282E+03 0.363175E+03 0.363175E+03 0.365045E+03 0.363472E-01 0.120970E-01 0.357653E+00 0.963923E+01 0.273217E-02 0.156599E+00 0.569268E-01 0.158983E+00 0.406838E+02 0.233785E+03 0.655874E+00 0.780848E+02 0.515828E+02 0.554965E+01     -999.999     -999.999     -999.999     -999.999     -999.999 0.110438E+01 0.124611E+01 0.000000E+00
    45.4000    n     10.000 0.358504E+03 0.365282E+03 0.365282E+03 0.362081E+03 0.364898E+03 0.362081E+03 0.285739E-01 0.661943E-02 0.876703E-01 0.937896E+01 0.532724E+00 0.124778E+00 0.532069E-01 0.754690E-01 0.152425E+02 0.297292E+03 0.374349E+02 0.447262E+02 0.595108E+02 0.284586E+02     -999.999     -999.999     -999.999     -999.999     -999.999 0.106828E+01 0.116476E+01 0.000000E+00
    45.5000    n     10.000 0.356958E+03 0.365282E+03 0.365282E+03 0.363750E+03 0.364964E+03 0.363750E+03 0.206248E-01 0.313794E-02 0.251543E-01 0.972226E+01 0.250805E+00 0.188974E+00 0.466846E-01 0.137890E+00 0.106166E+02 0.419263E+03 0.549747E+02 0.432412E+02 0.658865E+02 0.826890E+02     -999.999     -999.999     -999.999     -999.999     -999.999 0.110026E+01 0.123238E+01 0.000000E+00
    45.6000    n     10.000 0.357376E+03 0.365282E+03 0.365282E+03 0.363476E+03 0.364480E+03 0.363476E+03 0.245464E-01 0.515761E-02 0.599837E-01 0.926073E+01 0.678825E+00 0.128003E+00 0.483078E-01 0.102643E+00 0.903718E+01 0.316873E+03 0.814810E+02 0.122780E+02 0.538739E+02 0.884337E+02     -999.999     -999.999     -999.999     -999.999     -999.999 0.113144E+01 0.132858E+01 0.000000E+00
    45.7000    n     10.000 0.358597E+03 0.365282E+03 0.365283E+03 0.363488E+03 0.363488E+03 0.363553E+03 0.219222E-01 0.387591E-02 0.151882E+00 0.914705E+01 0.700836E+00 0.706271E-01 0.502173E-01 0.882041E-01 0.134587E+02 0.368109E+03 0.745904E+02 0.938352E+01 0.729746E+02 0.626253E+02     -999.999     -999.999     -999.999     -999.999     -999.999 0.107852E+01 0.119959E+01 0.000000E+00
    45.8000    n     10.000 0.358910E+03 0.365282E+03 0.365283E+03 0.362508E+03 0.362508E+03 0.363358E+03 0.246675E-01 0.536333E-02 0.960445E+00 0.859671E+01 0.442729E+00 0.756904E-01 0.526159E-01 0.851274E-01 0.633442E+02 0.301043E+03 0.410043E+02 0.330621E+02 0.591332E+02 0.381046E+02     -999.999     -999.999     -999.999     -999.999     -999.999 0.108100E+01 0.121332E+01 0.000000E+00
    45.9000    n     10.000 0.359301E+03 0.365283E+03 0.365283E+03 0.362010E+03 0.362010E+03 0.363252E+03 0.214504E-01 0.371184E-02 0.364994E+01 0.613475E+01 0.215243E+00 0.543074E-01 0.557602E-01 0.839587E-01 0.178345E+03 0.265839E+03 0.220068E+02 0.540394E+02 0.568311E+02 0.189977E+02     -999.999     -999.999     -999.999     -999.999     -999.999 0.103414E+01 0.108854E+01 0.000000E+00
    46.0000    n     10.000 0.359857E+03 0.365283E+03 0.365283E+03 0.361418E+03 0.361418E+03 0.362276E+03 0.190598E-01 0.273946E-02 0.325932E+01 0.604948E+01 0.691037E+00 0.500943E-01 0.528948E-01 0.617347E-01 0.168885E+03 0.297199E+03 0.585824E+02 0.452801E+02 0.632900E+02 0.351736E+02     -999.999     -999.999     -999.999     -999.999     -999.999 0.103877E+01 0.110159E+01 0.000000E+00
    46.0160    n     10.000 0.359723E+03 0.365283E+03 0.365283E+03 0.361314E+03 0.361314E+03 0.362384E+03 0.175102E-01 0.226962E-02 0.311723E+01 0.630626E+01 0.576458E+00 0.503555E-01 0.479637E-01 0.103030E+00 0.177657E+03 0.324121E+03 0.693192E+02 0.471363E+02 0.687105E+02 0.411877E+02     -999.999     -999.999     -999.999     -999.999     -999.999 0.105827E+01 0.115063E+01 0.000000E+00
    46.1000    n     10.000 0.358505E+03 0.365283E+03 0.365283E+03 0.361184E+03 0.361184E+03 0.362186E+03 0.193201E-01 0.289127E-02 0.356975E+01 0.534782E+01 0.108234E+01 0.485833E-01 0.553635E-01 0.629012E-01 0.178435E+03 0.261637E+03 0.775224E+02 0.444713E+02 0.488237E+02 0.312851E+02     -999.999     -999.999     -999.999     -999.999     -999.999 0.103127E+01 0.108544E+01 0.000000E+00
    46.2000    n     10.000 0.358194E+03 0.365283E+03 0.365283E+03 0.362059E+03 0.362059E+03 0.362080E+03 0.167855E-01 0.217657E-02 0.316357E+01 0.600012E+01 0.836276E+00 0.524571E-01 0.483651E-01 0.616798E-01 0.206323E+03 0.316224E+03 0.732062E+02 0.541420E+02 0.523944E+02 0.295524E+02     -999.999     -999.999     -999.999     -999.999     -999.999 0.104034E+01 0.111210E+01 0.000000E+00
    46.3000    n     10.000 0.359020E+03 0.365283E+03 0.365283E+03 0.360921E+03 0.362163E+03 0.360921E+03 0.170267E-01 0.190735E-02 0.481267E+01 0.462016E+01 0.567088E+00 0.476318E-01 0.507601E-01 0.523494E-01 0.275740E+03 0.266476E+03 0.450975E+02 0.617543E+02 0.498349E+02 0.171724E+02     -999.999     -999.999     -999.999     -999.999     -999.999 0.102335E+01 0.106245E+01 0.000000E+00
    46.4000    n     10.000 0.359094E+03 0.365283E+03 0.365283E+03 0.361385E+03 0.362240E+03 0.361385E+03 0.171760E-01 0.197359E-02 0.459935E+01 0.487745E+01 0.523123E+00 0.488249E-01 0.496505E-01 0.603779E-01 0.262281E+03 0.273515E+03 0.464103E+02 0.592135E+02 0.523115E+02 0.202468E+02     -999.999     -999.999     -999.999     -999.999     -999.999 0.102608E+01 0.106974E+01 0.000000E+00
    46.5000    n     10.000 0.359172E+03 0.365283E+03 0.365283E+03 0.361417E+03 0.362583E+03 0.361417E+03 0.198922E-01 0.272843E-02 0.452733E+01 0.511066E+01 0.361936E+00 0.493650E-01 0.510005E-01 0.519767E-01 0.229636E+03 0.247038E+03 0.260360E+02 0.556571E+02 0.466491E+02 0.116474E+02     -999.999     -999.999     -999.999     -999.999     -999.999 0.102319E+01 0.106197E+01 0.000000E+00
    46.6000    n     10.000 0.359309E+03 0.365283E+03 0.365283E+03 0.362296E+03 0.363097E+03 0.362296E+03 0.219263E-01 0.359230E-02 0.299275E+01 0.599949E+01 0.100771E+01 0.527240E-01 0.492032E-01 0.528008E-01 0.150810E+03 0.248245E+03 0.570187E+02 0.461007E+02 0.500584E+02 0.217054E+02     -999.999     -999.999     -999.999     -999.999     -999.999 0.103409E+01 0.109243E+01 0.000000E+00
    46.7000    n     10.000 0.361199E+03 0.365283E+03 0.365283E+03 0.362782E+03 0.362908E+03 0.362782E+03 0.304106E-01 0.824839E-02 0.191392E+01 0.533622E+01 0.274983E+01 0.711063E-01 0.590149E-01 0.581002E-01 0.786578E+02 0.159582E+03 0.905927E+02 0.372034E+02 0.440463E+02 0.339650E+02     -999.999     -999.999     -999.999     -999.999     -999.999 0.103086E+01 0.108552E+01 0.000000E+00
    46.8000    m     10.000 0.363000E+03 0.365342E+03 0.365418E+03 0.366000E+03 0.366000E+03 0.366000E+03 0.122626E+01 0.128171E+02 0.000000E+00 0.100000E+02 0.000000E+00 0.000000E+00 0.681895E-01 0.000000E+00 0.000000E+00 0.815490E+01 0.000000E+00 0.000000E+00 0.331106E+01 0.000000E+00     -999.999     -999.999     -999.999     -999.999        4.000 0.100000E+01 0.100000E+01 0.000000E+00
    46.9000    n     10.000 0.362748E+03 0.365481E+03 0.365481E+03 0.363703E+03 0.363886E+03 0.363703E+03 0.428860E-01 0.195870E-01 0.220415E+01 0.616426E+01 0.163156E+01 0.891756E-01 0.690993E-01 0.670888E-01 0.654234E+02 0.129446E+03 0.383067E+02 0.431590E+02 0.517174E+02 0.207914E+02     -999.999     -999.999     -999.999     -999.999     -999.999 0.102984E+01 0.108341E+01 0.000000E+00
    47.0000    n     10.000 0.362535E+03 0.365481E+03 0.365481E+03 0.363410E+03 0.363936E+03 0.363410E+03 0.409238E-01 0.173101E-01 0.120533E+01 0.629020E+01 0.250443E+01 0.947726E-01 0.662014E-01 0.716514E-01 0.433433E+02 0.137532E+03 0.634817E+02 0.332655E+02 0.523730E+02 0.319001E+02     -999.999     -999.999     -999.999     -999.999     -999.999 0.103708E+01 0.110188E+01 0.000000E+00
    47.1000    n     10.000 0.362399E+03 0.365481E+03 0.365481E+03 0.363730E+03 0.364023E+03 0.363730E+03 0.388906E-01 0.168724E-01 0.133412E+01 0.701020E+01 0.165563E+01 0.976302E-01 0.630093E-01 0.863865E-01 0.512649E+02 0.151460E+03 0.544061E+02 0.414139E+02 0.566378E+02 0.362094E+02     -999.999     -999.999     -999.999     -999.999     -999.999 0.106109E+01 0.117427E+01 0.000000E+00
    47.2000    n     10.000 0.362532E+03 0.365481E+03 0.365482E+03 0.363336E+03 0.364211E+03 0.363336E+03 0.393824E-01 0.177237E-01 0.775252E+00 0.706805E+01 0.215666E+01 0.114975E+00 0.656831E-01 0.849596E-01 0.358249E+02 0.152127E+03 0.659692E+02 0.381676E+02 0.576859E+02 0.413165E+02     -999.999     -999.999     -999.999     -999.999     -999.999 0.106368E+01 0.117641E+01 0.000000E+00
    47.3000    n     10.000 0.362510E+03 0.365481E+03 0.365482E+03 0.363741E+03 0.364359E+03 0.363741E+03 0.471619E-01 0.242538E-01 0.289594E+00 0.735708E+01 0.235329E+01 0.128731E+00 0.641806E-01 0.888349E-01 0.143547E+02 0.133805E+03 0.638757E+02 0.217266E+02 0.515357E+02 0.417744E+02     -999.999     -999.999     -999.999     -999.999     -999.999 0.106036E+01 0.116490E+01 0.000000E+00
