       Stat Kenn   Abfluss     Sohle     h_WSP       hen      h_BV    Boe_li    Boe_re     v_m  tau_fl      Q_li      Q_fl      Q_re lamb_li lamb_fl lamb_re      f_li      f_fl      f_re     br_li     br_fl     br_re    WehrOK  BrueckOK  BrueckUK   BrueckB    RohrDN   AlphaIW   AlphaEW    I_Reib
         km    -     m^3/s       mNN       mNN       mNN       mNN       mNN       mNN     m/s   N/m^2     m^3/s     m^3/s     m^3/s       -       -       -       m^2       m^2         m         m         m         m       mNN       mNN       mNN         m         m         -         -         -
    41.7200    n    20.000   362.033   362.720   362.947   364.363   365.007   364.363   2.111   77.75     0.000    20.000     0.000  0.0000  0.1396  0.0000     0.000     9.473     0.000     0.000    20.849     0.000  -999.999  -999.999  -999.999  -999.999  -999.999   1.00000   1.00000   0.00000
    41.7400    n    20.000   362.033   363.086   363.143   364.574   365.126   364.574   1.058   14.46     0.000    20.031     0.000  0.0000  0.1031  0.0000     0.000    18.908     0.000     0.000    25.770     0.000  -999.999  -999.999  -999.999  -999.999  -999.999   1.00000   1.00000   0.00000
    41.7450    n    20.000   362.033   363.093   363.158   365.191   365.191   365.296   1.129   16.50     0.000    20.000     0.000  0.0000  0.1036  0.0000     0.000    17.718     0.000     0.000    24.428     0.000  -999.999  -999.999  -999.999  -999.999  -999.999   1.00000   1.00000   0.00000
    41.8000    n    20.000   362.035   363.211   363.262   364.709   365.384   364.709   1.000   11.89     0.000    20.072     0.000  0.0000  0.0944  0.0000     0.000    19.995     0.000     0.000    23.606     0.000  -999.999  -999.999  -999.999  -999.999  -999.999   1.00000   1.00000   0.00000
    41.9000    n    20.000   361.044   363.330   363.341   364.463   364.463   364.732   0.466    2.05     0.000    19.999     0.000  0.0000  0.0754  0.0000     0.000    42.910     0.000     0.000    26.710     0.000  -999.999  -999.999  -999.999  -999.999  -999.999   1.00000   1.00000   0.00000
    42.0000    n    20.000   360.049   363.345   363.349   363.856   363.856   364.906   0.290    0.66     0.000    20.000     0.000  0.0000  0.0631  0.0000     0.000    69.019     0.000     0.000    29.413     0.000  -999.999  -999.999  -999.999  -999.999  -999.999   1.00000   1.00000   0.00000
    42.0350    n    20.000   359.952   363.348   363.350   362.451   362.451   365.193   0.188    0.25     0.073    19.921     0.000  0.1278  0.0565  0.0000     1.423   105.081     0.000     3.164    37.563     0.000  -999.999  -999.999  -999.999  -999.999  -999.999   1.00727   1.01651   0.00000
    42.1000    n    20.000   360.558   363.348   363.353   363.307   363.307   365.565   0.328    1.02     0.000    20.061     0.000  0.0000  0.0754  0.0000     0.004    60.983     0.000     0.178    30.958     0.000  -999.999  -999.999  -999.999  -999.999  -999.999   1.00000   1.00000   0.00000
    42.2000    n    20.000   360.444   363.354   363.357   363.506   363.506   365.656   0.243    0.52     0.000    20.000     0.000  0.0000  0.0707  0.0000     0.000    82.375     0.000     0.000    36.718     0.000  -999.999  -999.999  -999.999  -999.999  -999.999   1.00000   1.00000   0.00000
    42.3000    n    20.000   359.807   363.357   363.359   363.758   366.310   363.758   0.197    0.31     0.000    20.000     0.000  0.0000  0.0647  0.0000     0.000   101.515     0.000     0.000    40.623     0.000  -999.999  -999.999  -999.999  -999.999  -999.999   1.00000   1.00000   0.00000
    42.4000    n    20.000   361.276   363.360   363.369   363.241   366.743   363.241   0.433    2.00     0.000    19.999     0.002  0.0000  0.0850  0.1575     0.000    46.130     0.026     0.000    31.117     0.446  -999.999  -999.999  -999.999  -999.999  -999.999   1.00042   1.00090   0.00000
    42.5000    n    20.000   361.107   363.374   363.389   365.060   365.772   365.060   0.540    2.92     0.000    20.000     0.000  0.0000  0.0801  0.0000     0.000    37.032     0.000     0.000    23.729     0.000  -999.999  -999.999  -999.999  -999.999  -999.999   1.00000   1.00000   0.00000
    42.6000    n    20.000   361.526   363.398   363.417   363.966   363.966   365.648   0.609    4.43     0.000    20.001     0.000  0.0000  0.0955  0.0000     0.000    32.818     0.000     0.000    22.926     0.000  -999.999  -999.999  -999.999  -999.999  -999.999   1.00000   1.00000   0.00000
    42.7000    n    20.000   361.677   363.441   363.465   361.677   361.677   366.048   0.558    6.71     2.882    17.098     0.000  1.1871  0.1038  0.0000    12.076    23.766     0.000     7.280    18.050     0.000  -999.999  -999.999  -999.999  -999.999  -999.999   1.17630   1.47770   0.00000
    42.8000    n    20.000   361.260   363.491   363.500   361.260   361.260   366.298   0.400    1.76     4.926    15.074     0.000  0.0616  0.0955  0.0000    10.776    39.284     0.000     7.680    24.330     0.000  -999.999  -999.999  -999.999  -999.999  -999.999   1.02181   1.06612   0.00000
    42.8950    n    20.000   360.991   363.503   363.510   364.105   364.105   364.661   0.357    1.31     0.000    20.001     0.000  0.0000  0.0818  0.0000     0.000    55.964     0.000     0.000    33.569     0.000  -999.999  -999.999  -999.999  -999.999  -999.999   1.00000   1.00000   0.00000
    42.9000    n    20.000   360.987   363.506   363.510   363.857   363.857   365.149   0.284    0.76     0.000    19.985     0.000  0.0000  0.0759  0.0000     0.000    70.408     0.000     0.000    39.479     0.000  -999.999  -999.999  -999.999  -999.999  -999.999   1.00000   1.00000   0.00000
    43.0000    n    20.000   360.667   363.510   363.515   363.886   366.059   363.886   0.313    0.87     0.000    20.000     0.000  0.0000  0.0711  0.0000     0.000    63.971     0.000     0.000    32.939     0.000  -999.999  -999.999  -999.999  -999.999  -999.999   1.00000   1.00000   0.00000
    43.1000    n    20.000   360.163   363.516   363.518   362.722   365.927   362.722   0.223    0.42     0.000    19.963     0.037  0.0000  0.0674  0.1233     0.000    88.939     0.567     0.000    38.269     1.429  -999.999  -999.999  -999.999  -999.999  -999.999   1.00322   1.00737   0.00000
    43.2000    n    20.000   360.092   363.518   363.520   365.676   365.908   365.676   0.216    0.36     0.000    20.000     0.000  0.0000  0.0619  0.0000     0.000    92.690     0.000     0.000    37.426     0.000  -999.999  -999.999  -999.999  -999.999  -999.999   1.00000   1.00000   0.00000
    43.3000    n    20.000   360.315   363.519   363.522   364.794   364.794   366.061   0.257    0.53     0.000    20.000     0.000  0.0000  0.0642  0.0000     0.000    77.755     0.000     0.000    31.099     0.000  -999.999  -999.999  -999.999  -999.999  -999.999   1.00000   1.00000   0.00000
    43.4000    n    20.000   360.139   363.521   363.525   362.644   362.644   365.648   0.252    0.52     0.026    19.975     0.000  0.2339  0.0644  0.0000     0.420    78.827     0.000     0.956    30.539     0.000  -999.999  -999.999  -999.999  -999.999  -999.999   1.00349   1.00765   0.00000
    43.5000    n    20.000   359.987   363.524   363.527   364.756   364.920   364.756   0.262    0.60     0.000    20.000     0.000  0.0000  0.0703  0.0000     0.000    76.396     0.000     0.000    32.349     0.000  -999.999  -999.999  -999.999  -999.999  -999.999   1.00000   1.00000   0.00000
    43.6000    n    20.000   360.316   363.527   363.530   363.932   365.526   363.932   0.256    0.59     0.000    20.000     0.000  0.0000  0.0719  0.0000     0.000    78.168     0.000     0.000    33.220     0.000  -999.999  -999.999  -999.999  -999.999  -999.999   1.00000   1.00000   0.00000
    43.7000    n    20.000   360.127   363.529   363.532   362.827   365.096   362.827   0.247    0.51     0.000    19.967     0.033  0.0000  0.0660  0.1233     0.000    80.323     0.511     0.000    29.647     1.439  -999.999  -999.999  -999.999  -999.999  -999.999   1.00351   1.00793   0.00000
    43.8000    n    20.000   359.853   363.531   363.534   364.904   365.014   364.904   0.237    0.45     0.000    20.000     0.000  0.0000  0.0647  0.0000     0.000    84.341     0.000     0.000    30.505     0.000  -999.999  -999.999  -999.999  -999.999  -999.999   1.00000   1.00000   0.00000
    43.9000    n    20.000   359.755   363.533   363.537   364.232   365.606   364.232   0.293    0.75     0.000    20.000     0.000  0.0000  0.0698  0.0000     0.000    68.191     0.000     0.000    26.042     0.000  -999.999  -999.999  -999.999  -999.999  -999.999   1.00000   1.00000   0.00000
    43.9820    n    20.000   359.869   363.536   363.540   362.171   366.234   362.171   0.257    0.56     0.000    19.807     0.193  0.0000  0.0651  0.1183     0.000    75.813     2.021     0.000    26.988     2.919  -999.999  -999.999  -999.999  -999.999  -999.999   1.01092   1.02580   0.00000
    44.0000    n    20.000   359.921   363.537   363.540   362.707   365.569   362.707   0.248    0.50     0.000    19.945     0.053  0.0000  0.0648  0.1486     0.000    79.959     0.823     0.000    29.977     1.985  -999.999  -999.999  -999.999  -999.999  -999.999   1.00569   1.01288   0.00000
    44.1000    n    20.000   360.131   363.540   363.541   363.917   365.236   363.917   0.182    0.26     0.000    20.000     0.000  0.0000  0.0621  0.0000     0.000   109.865     0.000     0.000    41.775     0.000  -999.999  -999.999  -999.999  -999.999  -999.999   1.00000   1.00000   0.00000
    44.2000    n    20.000   360.268   363.540   363.544   364.912   364.912   365.283   0.300    0.78     0.000    20.000     0.000  0.0000  0.0699  0.0000     0.000    66.735     0.000     0.000    29.344     0.000  -999.999  -999.999  -999.999  -999.999  -999.999   1.00000   1.00000   0.00000
    44.3000    n    20.000   360.563   363.544   363.548   364.725   364.725   365.575   0.301    0.81     0.000    20.000     0.000  0.0000  0.0714  0.0000     0.000    66.374     0.000     0.000    30.414     0.000  -999.999  -999.999  -999.999  -999.999  -999.999   1.00000   1.00000   0.00000
    44.3900    n    20.000   361.439   363.549   363.551   364.980   364.998   364.980   0.185    0.32     0.000    20.086     0.000  0.0000  0.0743  0.0000     0.000   108.130     0.000     0.000    62.067     0.000  -999.999  -999.999  -999.999  -999.999  -999.999   1.00000   1.00000   0.00000
    44.4000    n    20.000   361.518   363.548   363.551   364.732   364.732   365.027   0.237    0.53     0.000    19.999     0.000  0.0000  0.0755  0.0000     0.000    84.293     0.000     0.000    49.473     0.000  -999.999  -999.999  -999.999  -999.999  -999.999   1.00000   1.00000   0.00000
    44.4050    n    20.000   361.563   363.548   363.552   364.412   364.412   365.069   0.263    0.74     0.000    20.000     0.000  0.0000  0.0857  0.0000     0.000    76.041     0.000     0.000    48.930     0.000  -999.999  -999.999  -999.999  -999.999  -999.999   1.00000   1.00000   0.00000
    44.4250    n    20.000   361.601   363.549   363.553   364.356   364.356   364.950   0.278    0.79     0.000    20.004     0.000  0.0000  0.0813  0.0000     0.000    71.832     0.000     0.000    46.380     0.000  -999.999  -999.999  -999.999  -999.999  -999.999   1.00000   1.00000   0.00000
    44.5000    n    20.000   361.792   363.553   363.559   364.652   364.652   365.554   0.350    1.14     0.000    20.000     0.000  0.0000  0.0743  0.0000     0.000    57.148     0.000     0.000    38.202     0.000  -999.999  -999.999  -999.999  -999.999  -999.999   1.00000   1.00000   0.00000
    44.6000    n    20.000   360.740   363.561   363.564   363.881   363.881   365.030   0.221    0.42     0.000    20.000     0.000  0.0000  0.0692  0.0000     0.000    90.545     0.000     0.000    40.138     0.000  -999.999  -999.999  -999.999  -999.999  -999.999   1.00000   1.00000   0.00000
    44.7000    n    20.000   359.728   363.564   363.565   363.780   363.780   364.733   0.183    0.28     0.000    20.040     0.000  0.0000  0.0659  0.0000     0.000   109.092     0.000     0.000    37.477     0.000  -999.999  -999.999  -999.999  -999.999  -999.999   1.00000   1.00000   0.00000
    44.8000    n    20.000   359.599   363.565   363.566   364.929   365.020   364.929   0.167    0.23     0.000    20.038     0.000  0.0000  0.0674  0.0000     0.000   119.978     0.000     0.000    40.718     0.000  -999.999  -999.999  -999.999  -999.999  -999.999   1.00000   1.00000   0.00000
    44.9000    n    20.000   359.986   363.566   363.567   363.962   363.962   364.515   0.175    0.28     0.000    20.000     0.000  0.0000  0.0740  0.0000     0.000   114.098     0.000     0.000    45.260     0.000  -999.999  -999.999  -999.999  -999.999  -999.999   1.00000   1.00000   0.00000
    45.0000    n    20.000   359.854   363.567   363.569   363.610   363.610   364.650   0.226    0.44     0.000    20.000     0.000  0.0000  0.0690  0.0000     0.000    88.676     0.000     0.000    32.477     0.000  -999.999  -999.999  -999.999  -999.999  -999.999   1.00000   1.00000   0.00000
    45.1000    n    20.000   360.251   363.569   363.571   364.006   364.006   364.899   0.206    0.37     0.000    20.000     0.000  0.0000  0.0702  0.0000     0.000    96.884     0.000     0.000    39.640     0.000  -999.999  -999.999  -999.999  -999.999  -999.999   1.00000   1.00000   0.00000
    45.2000    n    20.000   358.997   363.571   363.572   362.412   362.412   364.608   0.151    0.20     0.088    19.912     0.000  0.1255  0.0686  0.0000     1.779   131.020     0.000     3.187    45.465     0.000  -999.999  -999.999  -999.999  -999.999  -999.999   1.00626   1.01453   0.00000
    45.3000    n    20.000   358.516   363.572   363.573   363.175   363.175   365.045   0.127    0.11     0.002    20.009     0.000  0.1456  0.0543  0.0000     0.143   156.912     0.000     0.721    41.444     0.000  -999.999  -999.999  -999.999  -999.999  -999.999   1.00068   1.00146   0.00000
    45.4000    n    20.000   358.504   363.572   363.573   362.081   364.898   362.081   0.097    0.07     0.000    19.884     0.127  0.0000  0.0567  0.1251     0.000   201.473     5.064     0.000    54.157     9.965  -999.999  -999.999  -999.999  -999.999  -999.999   1.01401   1.03171   0.00000
    45.5000    n    20.000   356.958   363.573   363.573   363.750   364.964   363.750   0.064    0.02     0.000    20.002     0.000  0.0000  0.0479  0.0000     0.000   313.013     0.000     0.000    59.504     0.000  -999.999  -999.999  -999.999  -999.999  -999.999   1.00000   1.00000   0.00000
    45.6000    n    20.000   357.376   363.573   363.573   363.476   364.480   363.476   0.088    0.05     0.000    20.006     0.000  0.0000  0.0528  0.2044     0.000   226.634     0.086     0.000    50.764     1.785  -999.999  -999.999  -999.999  -999.999  -999.999   1.00032   1.00065   0.00000
    45.7000    n    20.000   358.597   363.573   363.573   363.488   363.488   363.553   0.082    0.05     0.003    20.020     0.000  0.2019  0.0591  0.5159     0.459   243.350     0.012     5.812    72.975     1.224  -999.999  -999.999  -999.999  -999.999  -999.999   1.00161   1.00335   0.00000
    45.8000    n    20.000   358.910   363.573   363.573   362.508   362.508   363.358   0.095    0.08     0.180    19.848     0.005  0.1623  0.0613  0.1926     9.482   199.951     0.540    29.939    59.133     5.026  -999.999  -999.999  -999.999  -999.999  -999.999   1.03279   1.07301   0.00000
    45.9000    n    20.000   359.301   363.573   363.574   362.010   362.010   363.252   0.077    0.06     5.998    14.040     0.014  0.0652  0.0668  0.1528    89.775   168.704     0.878    49.611    56.831     3.786  -999.999  -999.999  -999.999  -999.999  -999.999   1.03068   1.07730   0.00000
    46.0000    n    20.000   359.857   363.574   363.574   361.418   361.418   362.276   0.067    0.04     6.151    13.468     0.434  0.0579  0.0637  0.0994    94.017   189.039    13.984    42.347    63.290    16.665  -999.999  -999.999  -999.999  -999.999  -999.999   1.03860   1.09865   0.00000
    46.0160    n    20.000   359.723   363.574   363.574   361.314   361.314   362.384   0.063    0.03     5.819    13.918     0.264  0.0590  0.0571  0.1288    99.709   206.702    12.618    44.089    68.710    20.373  -999.999  -999.999  -999.999  -999.999  -999.999   1.04169   1.10384   0.00000
    46.1000    n    20.000   358.505   363.574   363.574   361.184   361.184   362.186   0.064    0.04     6.722    12.501     0.800  0.0574  0.0641  0.1051   105.227   178.207    27.069    41.210    48.824    27.766  -999.999  -999.999  -999.999  -999.999  -999.999   1.05038   1.12989   0.00000
    46.2000    n    20.000   358.194   363.574   363.574   362.059   362.059   362.080   0.054    0.03     5.018    14.380     0.626  0.0645  0.0538  0.0985   116.105   226.700    26.313    51.459    52.394    25.336  -999.999  -999.999  -999.999  -999.999  -999.999   1.06768   1.18184   0.00000
    46.3000    n    20.000   359.020   363.574   363.574   360.921   362.163   360.921   0.054    0.02     9.319    10.128     0.601  0.0546  0.0579  0.0740   172.997   181.330    18.994    58.514    49.835    13.388  -999.999  -999.999  -999.999  -999.999  -999.999   1.03136   1.08200   0.00000
    46.4000    n    20.000   359.094   363.574   363.574   361.385   362.240   361.385   0.055    0.02     8.918    10.724     0.358  0.0569  0.0576  0.0771   163.161   184.141    14.111    56.820    52.311    16.825  -999.999  -999.999  -999.999  -999.999  -999.999   1.03332   1.08544   0.00000
    46.5000    n    20.000   359.172   363.574   363.574   361.417   362.583   361.417   0.064    0.03     8.272    11.462     0.317  0.0572  0.0582  0.0722   136.848   167.339     9.045    53.096    46.649     8.243  -999.999  -999.999  -999.999  -999.999  -999.999   1.03249   1.08399   0.00000
    46.6000    n    20.000   359.309   363.574   363.574   362.296   363.097   362.296   0.076    0.05     4.798    13.983     1.219  0.0578  0.0574  0.0789    74.855   162.723    24.480    42.816    50.058    16.755  -999.999  -999.999  -999.999  -999.999  -999.999   1.04852   1.12754   0.00000
    46.7000    n    20.000   361.199   363.574   363.575   362.782   362.908   362.782   0.144    0.26     1.302    13.825     4.872  0.1037  0.0767  0.0829    17.591    84.340    36.958    34.292    44.046    28.397  -999.999  -999.999  -999.999  -999.999  -999.999   1.06064   1.15673   0.00000
    46.8000    n    20.000   362.984   363.633   363.651   363.328   363.652   363.328   0.584    6.60     0.000    18.584     1.416  0.0000  0.1430  0.1715     0.000    30.582     3.683     0.000    57.948    14.606  -999.999  -999.999  -999.999  -999.999  -999.999   1.01486   1.03946   0.00000
    46.9000    n    20.000   362.748   363.727   363.737   363.703   363.886   363.703   0.438    3.29     0.000    17.755     2.259  0.0000  0.1257  0.1442     0.000    38.777     6.842     0.000    51.120    15.089  -999.999  -999.999  -999.999  -999.999  -999.999   1.01372   1.03618   0.00000
    47.0000    n    20.000   362.535   363.763   363.769   363.410   363.936   363.410   0.328    1.74     0.000    16.896     3.106  0.0000  0.1105  0.1480     0.000    47.605    13.430     0.000    51.821    25.908  -999.999  -999.999  -999.999  -999.999  -999.999   1.02776   1.07480   0.00000
    47.1000    n    20.000   362.399   363.781   363.788   363.730   364.023   363.730   0.362    1.63     0.000    20.000     0.000  0.0000  0.0998  0.1774     0.000    55.256     0.010     0.000    55.882     0.404  -999.999  -999.999  -999.999  -999.999  -999.999   1.00014   1.00031   0.00000
    47.2000    n    20.000   362.532   363.798   363.804   363.336   364.211   363.336   0.344    1.51     0.000    19.806     0.196  0.0000  0.0976  0.1437     0.000    56.214     1.982     0.000    54.021    16.553  -999.999  -999.999  -999.999  -999.999  -999.999   1.01819   1.04168   0.00000
    47.3000    n    20.000   362.510   363.814   363.822   363.741   364.359   363.741   0.404    1.97     0.000    19.984     0.016  0.0000  0.0958  0.1608     0.000    49.251     0.263     0.000    48.089     7.228  -999.999  -999.999  -999.999  -999.999  -999.999   1.00389   1.00836   0.00000
