Modell.011: Dresden-Torgau (Dresden-Torgau) REM 
    1     2008   6  30   14      3.0
    2     2008   6  30   17      3.0
    3     2008   6  30   20      3.0
    4     2008   6  30   23      3.0
    5     2008   7   1    2      3.0
    6     2008   7   1    5      3.0
    7     2008   7   1    8      3.0
    8     2008   7   1   11      3.0
    9     2008   7   1   14      3.0
   10     2008   7   1   17      3.0
   11     2008   7   1   20      3.0
   12     2008   7   1   23      3.0
   13     2008   7   2    2      3.0
   14     2008   7   2    5      3.0
   15     2008   7   2    8      3.0
   16     2008   7   2   11      3.0
   17     2008   7   2   14      3.0
   18     2008   7   2   17      3.0
   19     2008   7   2   20      3.0
   20     2008   7   2   23      3.0
   21     2008   7   3    2      3.0
   22     2008   7   3    5      3.0
   23     2008   7   3    8      3.0
   24     2008   7   3   11      3.0
   25     2008   7   3   14      3.0
   26     2008   7   3   17      3.0
   27     2008   7   3   20      3.0
   28     2008   7   3   23      3.0
   29     2008   7   4    2      3.0
   30     2008   7   4    5      3.0
   31     2008   7   4    8      3.0
   32     2008   7   4   11      3.0
   33     2008   7   4   14      3.0
   34     2008   7   4   17      3.0
   35     2008   7   4   20      3.0
   36     2008   7   4   23      3.0
   37     2008   7   5    2      3.0
   38     2008   7   5    5      3.0
   39     2008   7   5    8      3.0
   40     2008   7   5   11      3.0
   41     2008   7   5   14      3.0
   42     2008   7   5   17      3.0
   43     2008   7   5   20      3.0
   44     2008   7   5   23      3.0
   45     2008   7   6    2      3.0
   46     2008   7   6    5      3.0
   47     2008   7   6    8      3.0
   48     2008   7   6   11      3.0
   49     2008   7   6   14      3.0
   50     2008   7   6   17      3.0
   51     2008   7   6   20      3.0
   52     2008   7   6   23      3.0
   53     2008   7   7    2      3.0
   54     2008   7   7    5      3.0
   55     2008   7   7    8      3.0
   56     2008   7   7   11      3.0
   57     2008   7   7   14      3.0
   58     2008   7   7   17      3.0
   59     2008   7   7   20      3.0
   60     2008   7   7   23      3.0
   61     2008   7   8    2      3.0
   62     2008   7   8    5      3.0
   63     2008   7   8    8      3.0
   64     2008   7   8   11      3.0
   65     2008   7   8   14      3.0
   66     2008   7   8   17      3.0
   67     2008   7   8   20      3.0
   68     2008   7   8   23      3.0
   69     2008   7   9    2      3.0
   70     2008   7   9    5      3.0
   71     2008   7   9    8      3.0
   72     2008   7   9   11      3.0
   73     2008   7   9   14      3.0
   74     2008   7   9   17      3.0
   75     2008   7   9   20      3.0
   76     2008   7   9   23      3.0
   77     2008   7  10    2      3.0
   78     2008   7  10    5      3.0
   79     2008   7  10    8      3.0
   80     2008   7  10   11      3.0
   81     2008   7  10   14      3.0
   82     2008   7  10   17      3.0
   83     2008   7  10   20      3.0
   84     2008   7  10   23      3.0
   85     2008   7  11    2      3.0
   86     2008   7  11    5      3.0
   87     2008   7  11    8      3.0
   88     2008   7  11   11      3.0
   89     2008   7  11   14      3.0
   90     2008   7  11   17      3.0
   91     2008   7  11   20      3.0
   92     2008   7  11   23      3.0
   93     2008   7  12    2      3.0
   94     2008   7  12    5      3.0
   95     2008   7  12    8      3.0
   96     2008   7  12   11      3.0
   97     2008   7  12   14      3.0
   98     2008   7  12   17      3.0
   99     2008   7  12   20      3.0
  100     2008   7  12   23      3.0
  101     2008   7  13    2      3.0
  102     2008   7  13    5      3.0
  103     2008   7  13    8      3.0
  104     2008   7  13   11      3.0
  105     2008   7  13   14      3.0
  106     2008   7  13   17      3.0
  107     2008   7  13   20      3.0
  108     2008   7  13   23      3.0
  109     2008   7  14    2      3.0
  110     2008   7  14    5      3.0
  111     2008   7  14    8      3.0
  112     2008   7  14   11      3.0
  113     2008   7  14   14      3.0
  114     2008   7  14   17      3.0
  115     2008   7  14   20      3.0
  116     2008   7  14   23      3.0
  117     2008   7  15    2      3.0
  118     2008   7  15    5      3.0
  119     2008   7  15    8      3.0
  120     2008   7  15   11      3.0
  121     2008   7  15   14      3.0
  122     2008   7  15   17      3.0
  123     2008   7  15   20      3.0
  124     2008   7  15   23      3.0
  125     2008   7  16    2      3.0
  126     2008   7  16    5      3.0
  127     2008   7  16    8      3.0
  128     2008   7  16   11      3.0
  129     2008   7  16   14      3.0
  130     2008   7  16   17      3.0
  131     2008   7  16   20      3.0
  132     2008   7  16   23      3.0
  133     2008   7  17    2      3.0
  134     2008   7  17    5      3.0
  135     2008   7  17    8      3.0
  136     2008   7  17   11      3.0
  137     2008   7  17   14      3.0
  138     2008   7  17   17      3.0
  139     2008   7  17   20      3.0
  140     2008   7  17   23      3.0
  141     2008   7  18    2      3.0
  142     2008   7  18    5      3.0
  143     2008   7  18    8      3.0
  144     2008   7  18   11      3.0
