Modell.010
       1    2008       6      30      14         119.05
       2    2008       6      30      17         119.05
       3    2008       6      30      20         119.05
       4    2008       6      30      23         119.05
       5    2008       7       1       2         119.05
       6    2008       7       1       5         118.35
       7    2008       7       1       8         119.87
       8    2008       7       1      11         119.50
       9    2008       7       1      14         119.03
      10    2008       7       1      17         119.05
      11    2008       7       1      20         118.04
      12    2008       7       1      23         118.30
      13    2008       7       2       2         118.06
      14    2008       7       2       5         116.96
      15    2008       7       2       8         117.95
      16    2008       7       2      11         117.94
      17    2008       7       2      14         120.91
      18    2008       7       2      17         118.76
      19    2008       7       2      20         119.29
      20    2008       7       2      23         109.60
      21    2008       7       3       2         114.90
      22    2008       7       3       5         119.81
      23    2008       7       3       8         120.27
      24    2008       7       3      11         116.15
      25    2008       7       3      14         113.87
      26    2008       7       3      17         108.51
      27    2008       7       3      20         104.41
      28    2008       7       3      23         105.88
      29    2008       7       4       2         109.04
      30    2008       7       4       5         105.30
      31    2008       7       4       8         101.86
      32    2008       7       4      11         101.93
      33    2008       7       4      14         112.53
      34    2008       7       4      17         110.56
      35    2008       7       4      20         110.77
      36    2008       7       4      23         111.96
      37    2008       7       5       2         122.16
      38    2008       7       5       5         138.08
      39    2008       7       5       8         143.53
      40    2008       7       5      11         137.04
      41    2008       7       5      14         130.93
      42    2008       7       5      17         138.34
      43    2008       7       5      20         156.26
      44    2008       7       5      23         161.92
      45    2008       7       6       2         150.06
      46    2008       7       6       5         142.37
      47    2008       7       6       8         141.17
      48    2008       7       6      11         150.30
      49    2008       7       6      14         151.97
      50    2008       7       6      17         151.18
      51    2008       7       6      20         150.66
      52    2008       7       6      23         145.95
      53    2008       7       7       2         142.18
      54    2008       7       7       5         137.04
      55    2008       7       7       8         131.99
      56    2008       7       7      11         129.49
      57    2008       7       7      14         132.78
      58    2008       7       7      17         144.43
      59    2008       7       7      20         154.39
      60    2008       7       7      23         152.18
      61    2008       7       8       2         148.37
      62    2008       7       8       5         139.47
      63    2008       7       8       8         135.00
      64    2008       7       8      11         128.44
      65    2008       7       8      14         126.43
      66    2008       7       8      17         122.70
      67    2008       7       8      20         124.62
      68    2008       7       8      23         126.37
      69    2008       7       9       2         130.53
      70    2008       7       9       5         132.62
      71    2008       7       9       8         131.35
      72    2008       7       9      11         127.60
      73    2008       7       9      14         123.38
      74    2008       7       9      17         123.42
      75    2008       7       9      20         122.98
      76    2008       7       9      23         121.18
      77    2008       7      10       2         119.62
      78    2008       7      10       5         120.26
      79    2008       7      10       8         118.05
      80    2008       7      10      11         121.88
      81    2008       7      10      14         124.93
      82    2008       7      10      17         121.52
      83    2008       7      10      20         118.01
      84    2008       7      10      23         115.85
      85    2008       7      11       2         124.95
      86    2008       7      11       5         132.99
      87    2008       7      11       8         129.71
      88    2008       7      11      11         126.16
      89    2008       7      11      14         116.80
      90    2008       7      11      17         114.02
      91    2008       7      11      20         115.91
      92    2008       7      11      23         114.39
      93    2008       7      12       2         117.06
      94    2008       7      12       5         114.81
      95    2008       7      12       8         115.63
      96    2008       7      12      11         116.85
      97    2008       7      12      14         119.33
      98    2008       7      12      17         117.84
      99    2008       7      12      20         120.35
     100    2008       7      12      23         121.00
     101    2008       7      13       2         125.76
     102    2008       7      13       5         126.20
     103    2008       7      13       8         125.72
     104    2008       7      13      11         125.72
     105    2008       7      13      14         123.94
     106    2008       7      13      17         124.38
     107    2008       7      13      20         126.67
     108    2008       7      13      23         131.04
     109    2008       7      14       2         132.71
     110    2008       7      14       5         131.50
     111    2008       7      14       8         132.66
     112    2008       7      14      11         139.54
     113    2008       7      14      14         152.10
     114    2008       7      14      17         155.21
     115    2008       7      14      20         152.76
     116    2008       7      14      23         147.38
     117    2008       7      15       2         146.48
     118    2008       7      15       5         149.39
     119    2008       7      15       8         153.25
     120    2008       7      15      11         152.68
     121    2008       7      15      14         148.10
     122    2008       7      15      17         143.98
     123    2008       7      15      20         140.93
     124    2008       7      15      23         138.60
     125    2008       7      16       2         136.57
     126    2008       7      16       5         134.88
     127    2008       7      16       8         133.53
     128    2008       7      16      11         132.51
     129    2008       7      16      14         131.77
     130    2008       7      16      17         131.23
     131    2008       7      16      20         130.85
     132    2008       7      16      23         130.57
     133    2008       7      17       2         130.36
     134    2008       7      17       5         130.19
     135    2008       7      17       8         130.04
     136    2008       7      17      11         129.92
     137    2008       7      17      14         129.81
     138    2008       7      17      17         129.70
     139    2008       7      17      20         129.60
     140    2008       7      17      23         129.51
     141    2008       7      18       2         129.43
     142    2008       7      18       5         129.34
     143    2008       7      18       8         129.26
     144    2008       7      18      11         129.19
