20   72103.6  34   27.90   27.90   27.90    0.00    0.00    0.00     0   0.00 0 
21   72103.6    0.00   25.00   25.00   25.00    0.00    0.00    0.00 0.0000  0 0
30   72103.6     -11.954      89.609                                              3397263.7573  5701334.7672
30   72103.6     -10.625      89.634                                              3397263.2864  5701336.0096
30   72103.6      -9.625      89.784                                              3397262.9320  5701336.9447
30   72103.6      -8.500      90.112                                              3397262.5333  5701337.9967
30   72103.6      -7.375      90.475                                              3397262.1346  5701339.0487
30   72103.6      -6.500      90.680                                              3397261.8245  5701339.8669
30   72103.6      -6.250      90.715                                              3397261.7359  5701340.1006
30   72103.6      -5.250      90.742 PA                                           3397261.3816  5701341.0357
30   72103.6      -4.250      90.625                                              3397261.0272  5701341.9708
30   72103.6      -3.250      90.377                                              3397260.6728  5701342.9059
30   72103.6      -1.000      89.649                                              3397259.8754  5701345.0099
30   72103.6      -0.125      89.411                                              3397259.5653  5701345.8281
30   72103.6       0.000      89.342                                              3397259.5210  5701345.9450
30   72103.6      14.209      89.400   L                                          3397255.3220  5701359.5190
30   72103.6      14.951      88.288                                              3397255.1030  5701360.2280
30   72103.6      16.551      87.296 LB                                           3397254.6300  5701361.7570
30   72103.6      18.880      87.128                                              3397253.9420  5701363.9820
30   72103.6      24.195      87.119                                              3397252.3710  5701369.0590
30   72103.6      24.378      87.082                                              3397252.3170  5701369.2340
30   72103.6      28.022      87.113                                              3397251.2400  5701372.7150
30   72103.6      30.314      87.090 RB                                           3397250.5620  5701374.9050
30   72103.6      31.838      88.305                                              3397250.1120  5701376.3610
30   72103.6      33.154      89.012   R                                          3397249.7230  5701377.6180
30   72103.6      45.093      89.905                                              3397246.1950  5701389.0240
30   72103.6      45.218      89.950                                              3397246.1597  5701389.1439
30   72103.6      46.468      90.248                                              3397245.8064  5701390.3429
30   72103.6      48.218      90.714                                              3397245.3118  5701392.0216
30   72103.6      49.218      90.952                                              3397245.0291  5701392.9808
30   72103.6      50.218      91.107                                              3397244.7465  5701393.9400
30   72103.6      51.218      91.176 PE                                           3397244.4639  5701394.8993
30   72103.6      52.343      91.171                                              3397244.1459  5701395.9784
30   72103.6      52.968      91.070                                              3397243.9693  5701396.5779
30   72103.6      53.468      90.970                                              3397243.8279  5701397.0575
30   72103.6      55.222      90.457                                              3397243.3321  5701398.7404
20   72131.5  23   20.20   20.20   20.20    0.00    0.00    0.00     0   1.05 0 
21   72131.5    0.00   25.00   25.00   25.00    0.00   91.13    0.00 0.0000 31 5
29   72131.5       91.42   51.36    0.60    0.80
30   72131.5       0.000      91.132                                              3397286.6000  5701352.3240
30   72131.5       9.798      89.750 LB                                           3397283.8250  5701361.7210
30   72131.5       9.799      89.750                                              3397283.8250  5701361.7210
30   72131.5      16.258      89.330                                              3397282.4181  5701366.4872
30   72131.5      17.740      88.350                                              3397281.5740  5701369.3470
30   72131.5      17.750      88.350                                              3397281.5740  5701369.3470
30   72131.5      18.994      87.930                                              3397281.2210  5701370.5410
30   72131.5      18.999      87.930                                              3397280.7565  5701372.1145
30   72131.5      22.276      86.942                                              3397280.2920  5701373.6880
30   72131.5      25.460      87.202                                              3397279.3910  5701376.7420
30   72131.5      25.742      87.210                                              3397279.3110  5701377.0120
30   72131.5      29.739      87.254                                              3397278.1790  5701380.8460
30   72131.5      32.349      87.350                                              3397277.7975  5701382.1375
30   72131.5      32.432      87.360                                              3397277.4160  5701383.4290
30   72131.5      32.440      87.360                                              3397277.4160  5701383.4290
30   72131.5      33.548      88.740                                              3397277.0980  5701384.5070
30   72131.5      33.556      88.740                                              3397277.0980  5701384.5070
30   72131.5      41.435      89.422                                              3397274.8680  5701392.0630
30   72131.5      41.440      89.422                                              3397274.8665  5701392.0682
30   72131.5      42.610      89.509                                              3397274.5345  5701393.1901
30   72131.5      42.622      89.509                                              3397274.5310  5701393.2020
30   72131.5      50.732      90.676 RB                                           3397272.2350  5701400.9800
30   72131.5      51.357      91.263                                              3397272.0580  5701401.5790
20   72151.7  37  109.90  109.90  109.90    0.00    0.00    0.00     0   0.00 0 
21   72151.7    0.00   25.00   25.00   25.00    0.00    0.00    0.00 0.0000  0 0
30   72151.7     -10.958      90.884                                              3397308.8469  5701353.2655
30   72151.7     -10.104      90.870                                              3397308.5499  5701354.0663
30   72151.7      -8.479      90.874                                              3397307.9848  5701355.5899
30   72151.7      -6.854      90.839                                              3397307.4197  5701357.1134
30   72151.7      -3.854      90.850 PA                                           3397306.3765  5701359.9262
30   72151.7      -2.729      90.791                                              3397305.9853  5701360.9810
30   72151.7      -2.479      90.763                                              3397305.8984  5701361.2154
30   72151.7      -1.604      90.652                                              3397305.5941  5701362.0358
30   72151.7      -0.354      90.435                                              3397305.1595  5701363.2078
30   72151.7      -0.229      89.607                                              3397305.1160  5701363.3250
30   72151.7      11.573      89.195   L                                          3397301.3950  5701374.2830
30   72151.7      12.283      88.276                                              3397301.1670  5701374.9560
30   72151.7      13.606      86.631 LB                                           3397300.7410  5701376.2090
30   72151.7      16.118      87.064                                              3397299.9340  5701378.5870
30   72151.7      20.450      87.166                                              3397298.5410  5701382.6890
30   72151.7      21.359      87.188                                              3397298.2490  5701383.5500
30   72151.7      24.822      87.141                                              3397297.1350  5701386.8290
30   72151.7      27.293      87.310 RB                                           3397296.3410  5701389.1690
30   72151.7      28.475      88.283                                              3397295.9610  5701390.2880
30   72151.7      29.967      89.139   R                                          3397295.4810  5701391.7010
30   72151.7      43.404      89.467                                              3397291.1610  5701404.4250
30   72151.7      43.529      89.567                                              3397291.1236  5701404.5443
30   72151.7      44.029      89.708                                              3397290.9741  5701405.0214
30   72151.7      45.029      89.947                                              3397290.6750  5701405.9756
30   72151.7      46.029      90.108                                              3397290.3759  5701406.9298
30   72151.7      47.154      90.259                                              3397290.0394  5701408.0033
30   72151.7      47.779      90.374                                              3397289.8525  5701408.5997
30   72151.7      48.279      90.479                                              3397289.7029  5701409.0768
30   72151.7      50.279      91.024                                              3397289.1048  5701410.9853
30   72151.7      50.654      91.095                                              3397288.9926  5701411.3431
30   72151.7      51.279      91.176 PE                                           3397288.8057  5701411.9395
30   72151.7      51.779      91.171                                              3397288.6561  5701412.4166
30   72151.7      52.404      91.133                                              3397288.4692  5701413.0130
30   72151.7      53.404      90.981                                              3397288.1701  5701413.9673
30   72151.7      54.404      90.765                                              3397287.8710  5701414.9215
30   72151.7      55.404      90.520                                              3397287.5719  5701415.8757
30   72151.7      56.429      90.311                                              3397287.2655  5701416.8533