     Ergebnis der Wasserspiegellagenberechnung fuer Abfluss_1                                                                                                                                                                                             
 
     11/17/08 15:23:42.67 Uhr    KALYPSO-1D, VERSION 2.1.2.1 
 

                                                                  Blatt    1

   Stat-km   Wsp-m+NN   hen-m+NN IND  Lambda  formb    Fl-qm   Umfg-m  v-m/s  Q-cbm/s

                                                                                Q-ges    hv-m    hr-m   h-bor   h-ein   h-ort      h-m


 Als Ausgangswasserspiegel wird Grenztiefe angesetzt!

 Stroemung schiessend. Weiter mit Grenztiefe                                   20.000   0.000   1.755   0.000   0.000   0.000   1.7550

   41.7200    362.720    362.947   2  0.1396  0.559    9.473   20.969  2.111   20.000

                                                                               20.000   0.170   0.196   0.000   0.000   0.000   0.3659

   41.7400    363.086    363.143   2  0.1031  0.570   18.908   25.984  1.059   20.031

                                                                               20.000  -0.004   0.011   0.000   0.000   0.000   0.0069

   41.7450    363.093    363.158   2  0.1036  0.572   17.718   24.653  1.129   20.000

                                                                               20.000   0.014   0.104   0.000   0.000   0.000   0.1180

   41.8000    363.211    363.262   2  0.0944  0.582   19.995   23.935  1.004   20.072

                                                                               20.000   0.040   0.079   0.000   0.000   0.000   0.1188

   41.9000    363.330    363.341   2  0.0754  0.619   42.910   27.908  0.466   19.999

                                                                               20.000   0.007   0.008   0.000   0.000   0.000   0.0151

   42.0000    363.345    363.349   2  0.0631  0.645   69.019   31.042  0.290   20.000

                                                                               20.000   0.002   0.001   0.000   0.000   0.000   0.0032

   42.0350    363.348    363.350   1  0.1278  0.713    1.423    3.288  0.051    0.073
                                   2  0.0565  0.638  105.081   39.071  0.190   19.921

                                                                               20.000  -0.004   0.002   0.001   0.000   0.000  -0.0006

   42.1000    363.348    363.353   2  0.0754  0.624   60.983   32.033  0.329   20.061

                                                                               20.000   0.002   0.004   0.000   0.000   0.000   0.0064

   42.2000    363.354    363.357   2  0.0707  0.620   82.375   38.222  0.243   20.000

                                                                               20.000   0.001   0.002   0.000   0.000   0.000   0.0029

   42.3000    363.357    363.359   2  0.0647  0.621  101.515   41.908  0.197   20.000

                                                                               20.000  -0.008   0.008   0.003   0.000   0.000   0.0029

   42.4000    363.360    363.369   2  0.0850  0.601   46.130   31.558  0.434   19.999
                                   3  0.1575  0.705    0.026    0.461  0.063    0.002

                                                                               20.000  -0.003   0.017   0.000   0.000   0.000   0.0142

   42.5000    363.374    363.389   2  0.0801  0.626   37.032   24.471  0.540   20.000

                                                                  Blatt    2

   Stat-km   Wsp-m+NN   hen-m+NN IND  Lambda  formb    Fl-qm   Umfg-m  v-m/s  Q-cbm/s

                                                                                Q-ges    hv-m    hr-m   h-bor   h-ein   h-ort      h-m


                                                                               20.000  -0.002   0.026   0.000   0.000   0.000   0.0244

   42.6000    363.398    363.417   2  0.0955  0.622   32.818   24.029  0.609   20.001

                                                                               20.000  -0.002   0.045   0.000   0.000   0.000   0.0432

   42.7000    363.441    363.465   1  1.1871  0.778   12.076    8.090  0.238    2.882
                                   2  0.1038  0.636   23.766   18.234  0.719   17.098

                                                                               20.000   0.015   0.035   0.000   0.000   0.000   0.0498

   42.8000    363.491    363.500   1  0.0616  0.748   10.776    8.124  0.457    4.926
                                   2  0.0955  0.627   39.284   24.535  0.384   15.074

                                                                               20.000   0.002   0.010   0.000   0.000   0.000   0.0118

   42.8950    363.503    363.510   2  0.0818  0.604   55.964   34.222  0.357   20.001

                                                                               20.000   0.002   0.000   0.000   0.000   0.000   0.0027

   42.9000    363.506    363.510   2  0.0759  0.597   70.408   40.172  0.284   19.985

                                                                               20.000   0.000   0.005   0.000   0.000   0.000   0.0041

   43.0000    363.510    363.515   2  0.0711  0.617   63.971   33.863  0.313   20.000

                                                                               20.000   0.002   0.003   0.000   0.000   0.000   0.0057

   43.1000    363.516    363.518   2  0.0674  0.620   88.939   39.243  0.224   19.963
                                   3  0.1233  0.805    0.567    1.635  0.066    0.037

                                                                               20.000   0.000   0.002   0.000   0.000   0.000   0.0019

   43.2000    363.518    363.520   2  0.0619  0.627   92.690   38.822  0.216   20.000

                                                                               20.000   0.000   0.002   0.000   0.000   0.000   0.0014

   43.3000    363.519    363.522   2  0.0642  0.646   77.755   32.564  0.257   20.000

                                                                               20.000   0.000   0.002   0.000   0.000   0.000   0.0023

   43.4000    363.521    363.525   1  0.2339  0.862    0.420    1.298  0.049    0.026
                                   2  0.0644  0.651   78.827   31.869  0.253   19.975

                                                                               20.000   0.000   0.002   0.000   0.000   0.000   0.0023

   43.5000    363.524    363.527   2  0.0703  0.636   76.396   33.644  0.262   20.000

                                                                               20.000   0.000   0.003   0.000   0.000   0.000   0.0028

   43.6000    363.527    363.530   2  0.0719  0.633   78.168   34.659  0.256   20.000

                                                                  Blatt    3

   Stat-km   Wsp-m+NN   hen-m+NN IND  Lambda  formb    Fl-qm   Umfg-m  v-m/s  Q-cbm/s

                                                                                Q-ges    hv-m    hr-m   h-bor   h-ein   h-ort      h-m


                                                                               20.000   0.000   0.002   0.000   0.000   0.000   0.0026

   43.7000    363.529    363.532   2  0.0660  0.659   80.323   31.100  0.249   19.967
                                   3  0.1233  0.789    0.511    1.601  0.065    0.033

                                                                               20.000   0.000   0.002   0.000   0.000   0.000   0.0022

   43.8000    363.531    363.534   2  0.0647  0.658   84.341   32.227  0.237   20.000

                                                                               20.000  -0.001   0.002   0.000   0.000   0.000   0.0017

   43.9000    363.533    363.537   2  0.0698  0.670   68.191   27.809  0.293   20.000

                                                                               20.000   0.001   0.002   0.000   0.000   0.000   0.0031

   43.9820    363.536    363.540   2  0.0651  0.674   75.813   28.155  0.261   19.807
                                   3  0.1183  0.784    2.021    3.223  0.096    0.193

                                                                               20.000   0.000   0.000   0.000   0.000   0.000   0.0007

   44.0000    363.537    363.540   2  0.0648  0.656   79.959   31.112  0.249   19.945
                                   3  0.1486  0.766    0.823    2.151  0.064    0.053

                                                                               20.000   0.001   0.002   0.000   0.000   0.000   0.0030

   44.1000    363.540    363.541   2  0.0621  0.623  109.865   43.043  0.182   20.000

                                                                               20.000  -0.003   0.002   0.001   0.000   0.000   0.0002

   44.2000    363.540    363.544   2  0.0699  0.642   66.735   30.509  0.300   20.000

                                                                               20.000   0.000   0.004   0.000   0.000   0.000   0.0038

   44.3000    363.544    363.548   2  0.0714  0.635   66.374   31.455  0.301   20.000

                                                                               20.000   0.003   0.003   0.000   0.000   0.000   0.0055

   44.3900    363.549    363.551   2  0.0743  0.570  108.130   63.136  0.186   20.086

                                                                               20.000  -0.001   0.000   0.000   0.000   0.000  -0.0007

   44.4000    363.548    363.551   2  0.0755  0.580   84.293   50.427  0.237   19.999

                                                                               20.000  -0.001   0.000   0.000   0.000   0.000  -0.0004

   44.4050    363.548    363.552   2  0.0857  0.576   76.041   49.750  0.263   20.000

                                                                               20.000   0.000   0.001   0.000   0.000   0.000   0.0008

   44.4250    363.549    363.553   2  0.0813  0.578   71.832   46.914  0.278   20.004

                                                                  Blatt    4

   Stat-km   Wsp-m+NN   hen-m+NN IND  Lambda  formb    Fl-qm   Umfg-m  v-m/s  Q-cbm/s

                                                                                Q-ges    hv-m    hr-m   h-bor   h-ein   h-ort      h-m


                                                                               20.000  -0.001   0.005   0.000   0.000   0.000   0.0038

   44.5000    363.553    363.559   2  0.0743  0.588   57.148   38.850  0.350   20.000

                                                                               20.000   0.004   0.005   0.000   0.000   0.000   0.0087

   44.6000    363.561    363.564   2  0.0692  0.613   90.545   41.125  0.221   20.000

                                                                               20.000   0.001   0.001   0.000   0.000   0.000   0.0023

   44.7000    363.564    363.565   2  0.0659  0.642  109.092   38.978  0.184   20.040

                                                                               20.000   0.000   0.001   0.000   0.000   0.000   0.0012

   44.8000    363.565    363.566   2  0.0674  0.635  119.978   42.562  0.167   20.038

                                                                               20.000   0.000   0.001   0.000   0.000   0.000   0.0009

   44.9000    363.566    363.567   2  0.0740  0.612  114.098   46.752  0.175   20.000

                                                                               20.000  -0.001   0.001   0.000   0.000   0.000   0.0009

   45.0000    363.567    363.569   2  0.0690  0.650   88.676   34.110  0.226   20.000

                                                                               20.000   0.000   0.002   0.000   0.000   0.000   0.0021

   45.1000    363.569    363.571   2  0.0702  0.621   96.884   40.624  0.206   20.000

                                                                               20.000   0.001   0.001   0.000   0.000   0.000   0.0022

   45.2000    363.571    363.572   1  0.1255  0.742    1.779    3.392  0.049    0.088
                                   2  0.0686  0.623  131.020   47.069  0.152   19.912

                                                                               20.000   0.000   0.001   0.000   0.000   0.000   0.0009

   45.3000    363.572    363.573   1  0.1456  0.804    0.143    0.823  0.017    0.002
                                   2  0.0543  0.659  156.912   43.712  0.128   20.009

                                                                               20.000   0.000   0.000   0.000   0.000   0.000   0.0006

   45.4000    363.572    363.573   2  0.0567  0.630  201.473   56.759  0.099   19.884
                                   3  0.1251  0.606    5.064   10.224  0.025    0.127

                                                                               20.000   0.000   0.000   0.000   0.000   0.000   0.0004

   45.5000    363.573    363.573   2  0.0479  0.656  313.013   63.478  0.064   20.002

                                                                               20.000   0.000   0.000   0.000   0.000   0.000  -0.0001

   45.6000    363.573    363.573   2  0.0528  0.655  226.634   53.538  0.088   20.006
                                   3  0.2044  0.568    0.086    1.788  0.005    0.000

                                                                  Blatt    5

   Stat-km   Wsp-m+NN   hen-m+NN IND  Lambda  formb    Fl-qm   Umfg-m  v-m/s  Q-cbm/s

                                                                                Q-ges    hv-m    hr-m   h-bor   h-ein   h-ort      h-m


                                                                               20.000   0.000   0.000   0.000   0.000   0.000   0.0002

   45.7000    363.573    363.573   1  0.2019  0.545    0.459    5.829  0.007    0.003
                                   2  0.0591  0.598  243.350   74.140  0.082   20.020
                                   3  0.5159  0.535    0.012    1.224  0.002    0.000

                                                                               20.000   0.000   0.000   0.000   0.000   0.000   0.0001

   45.8000    363.573    363.573   1  0.1623  0.540    9.482   30.069  0.019    0.180
                                   2  0.0613  0.614  199.951   60.118  0.099   19.848
                                   3  0.1926  0.559    0.540    5.030  0.010    0.005

                                                                               20.000   0.000   0.000   0.000   0.000   0.000   0.0004

   45.9000    363.573    363.574   1  0.0652  0.583   89.775   50.313  0.067    5.998
                                   2  0.0668  0.607  168.704   57.565  0.083   14.040
                                   3  0.1528  0.620    0.878    3.815  0.016    0.014

                                                                               20.000   0.000   0.000   0.000   0.000   0.000   0.0002

   46.0000    363.574    363.574   1  0.0579  0.608   94.017   43.609  0.065    6.151
                                   2  0.0637  0.600  189.039   63.549  0.071   13.468
                                   3  0.0994  0.605   13.984   16.731  0.031    0.434

                                                                               20.000   0.000   0.000   0.000   0.000   0.000   0.0001

   46.0160    363.574    363.574   1  0.0590  0.606   99.709   45.239  0.058    5.819
                                   2  0.0571  0.595  206.702   69.047  0.067   13.918
                                   3  0.1288  0.574   12.618   20.409  0.021    0.264

                                                                               20.000   0.000   0.000   0.000   0.000   0.000   0.0001

   46.1000    363.574    363.574   1  0.0574  0.621  105.227   42.466  0.064    6.722
                                   2  0.0641  0.639  178.207   49.690  0.070   12.501
                                   3  0.1051  0.581   27.069   27.884  0.030    0.800

                                                                               20.000   0.000   0.000   0.000   0.000   0.000   0.0002

   46.2000    363.574    363.574   1  0.0645  0.595  116.105   52.020  0.043    5.018
                                   2  0.0538  0.649  226.700   53.498  0.063   14.380
                                   3  0.0985  0.590   26.313   25.461  0.024    0.626

                                                                               20.000   0.000   0.000   0.000   0.000   0.000   0.0001

   46.3000    363.574    363.574   1  0.0546  0.605  172.997   59.194  0.054    9.319
                                   2  0.0579  0.636  181.330   50.283  0.056   10.128
                                   3  0.0740  0.676   18.994   13.869  0.032    0.601

                                                                               20.000   0.000   0.000   0.000   0.000   0.000   0.0001

   46.4000    363.574    363.574   1  0.0569  0.605  163.161   57.465  0.055    8.918
                                   2  0.0576  0.629  184.141   52.943  0.058   10.724
                                   3  0.0771  0.604   14.111   17.031  0.025    0.358

                                                                  Blatt    6

   Stat-km   Wsp-m+NN   hen-m+NN IND  Lambda  formb    Fl-qm   Umfg-m  v-m/s  Q-cbm/s

                                                                                Q-ges    hv-m    hr-m   h-bor   h-ein   h-ort      h-m


                                                                               20.000   0.000   0.000   0.000   0.000   0.000   0.0000

   46.5000    363.574    363.574   1  0.0572  0.602  136.848   53.859  0.060    8.272
                                   2  0.0582  0.641  167.339   47.284  0.068   11.462
                                   3  0.0722  0.705    9.045    8.524  0.035    0.317

                                                                               20.000   0.000   0.000   0.000   0.000   0.000   0.0000

   46.6000    363.574    363.574   1  0.0578  0.590   74.855   43.461  0.064    4.798
                                   2  0.0574  0.625  162.723   50.918  0.086   13.983
                                   3  0.0789  0.654   24.480   17.205  0.050    1.219

                                                                               20.000  -0.001   0.001   0.000   0.000   0.000   0.0002

   46.7000    363.574    363.575   1  0.1037  0.547   17.591   34.625  0.074    1.302
                                   2  0.0767  0.594   84.340   44.311  0.164   13.825
                                   3  0.0829  0.598   36.958   28.696  0.132    4.872

                                                                               20.000  -0.017   0.065   0.010   0.000   0.000   0.0578

   46.8000    363.633    363.651   2  0.1430  0.537   30.582   57.980  0.608   18.584
                                   3  0.1715  0.551    3.683   14.616  0.385    1.416

                                                                               20.000   0.008   0.086   0.000   0.000   0.000   0.0942

   46.9000    363.727    363.737   2  0.1257  0.547   38.777   51.278  0.458   17.755
                                   3  0.1442  0.573    6.842   15.181  0.330    2.259

                                                                               20.000   0.004   0.032   0.000   0.000   0.000   0.0362

   47.0000    363.763    363.769   2  0.1105  0.552   47.605   52.023  0.355   16.896
                                   3  0.1480  0.556   13.430   25.977  0.231    3.106

                                                                               20.000   0.000   0.018   0.000   0.000   0.000   0.0178

   47.1000    363.781    363.788   2  0.0998  0.552   55.256   56.116  0.362   20.000
                                   3  0.1774  0.623    0.010    0.407  0.044    0.000

                                                                               20.000   0.000   0.016   0.000   0.000   0.000   0.0164

   47.2000    363.798    363.804   2  0.0976  0.555   56.214   54.267  0.352   19.806
                                   3  0.1437  0.533    1.982   16.577  0.099    0.196

                                                                               20.000  -0.001   0.017   0.000   0.000   0.000   0.0164

   47.3000    363.814    363.822   2  0.0958  0.558   49.251   48.420  0.406   19.984
                                   3  0.1608  0.529    0.263    7.228  0.059    0.016
