     Ergebnis der Wasserspiegellagenberechnung fuer Abfluss_1                                                                                                                                                                                             
 
     11/17/12 17:52:03.04 Uhr    KALYPSO-1D, VERSION 2.2.1.0 
 

                                                                  Blatt    1

   Stat-km   Wsp-m+NN   hen-m+NN IND  Lambda  formb    Fl-qm   Umfg-m  v-m/s  Q-cbm/s

                                                                                Q-ges    hv-m    hr-m   h-bor   h-ein   h-ort      h-m


 Als Anfangswasserspiegel wird WSP =  363.500 angesetzt.

                                                                               20.000   0.000   0.000   0.000   0.000   0.000   0.0000

   41.7200    363.500    363.520   2  0.0873  0.574   31.857   32.490  0.628   20.000

                                                                               20.000  -0.001   0.009   0.000   0.000   0.000   0.0080

   41.7400    363.508    363.530   2  0.0840  0.583   30.446   29.244  0.657   20.000

                                                                               20.000  -0.003   0.002   0.000   0.000   0.000  -0.0007

   41.7450    363.507    363.533   2  0.0844  0.586   28.441   27.688  0.702   19.970

                                                                               20.000   0.000   0.028   0.000   0.000   0.000   0.0273

   41.8000    363.535    363.561   2  0.0815  0.595   27.902   25.732  0.718   20.029

                                                                               20.000   0.018   0.029   0.000   0.000   0.000   0.0471

   41.9000    363.582    363.590   2  0.0748  0.623   49.818   29.488  0.401   20.000

                                                                               20.000   0.005   0.006   0.000   0.000   0.000   0.0104

   42.0000    363.592    363.596   2  0.0620  0.648   76.419   32.247  0.262   20.000

                                                                               20.000   0.002   0.001   0.000   0.000   0.000   0.0025

   42.0350    363.595    363.596   1  0.1259  0.713    2.309    4.187  0.051    0.117
                                   2  0.0548  0.645  114.375   39.439  0.174   19.883

                                                                               20.000  -0.003   0.001   0.001   0.000   0.000  -0.0007

   42.1000    363.594    363.598   1  0.2069  0.685    0.181    1.293  0.044    0.011
                                   2  0.0707  0.632   68.655   32.458  0.292   20.037

                                                                               20.000   0.002   0.003   0.000   0.000   0.000   0.0046

   42.2000    363.599    363.601   1  0.2006  0.705    0.016    0.358  0.018    0.000
                                   2  0.0682  0.625   91.481   39.154  0.219   20.000

                                                                               20.000   0.001   0.001   0.000   0.000   0.000   0.0022

   42.3000    363.601    363.602   2  0.0641  0.623  111.588   43.364  0.180   20.046

                                                                               20.000  -0.005   0.005   0.002   0.000   0.000   0.0013

   42.4000    363.602    363.609   2  0.0798  0.607   53.808   32.729  0.371   19.979
                                   3  0.1575  0.705    0.245    1.402  0.087    0.021

                                                                  Blatt    2

   Stat-km   Wsp-m+NN   hen-m+NN IND  Lambda  formb    Fl-qm   Umfg-m  v-m/s  Q-cbm/s

                                                                                Q-ges    hv-m    hr-m   h-bor   h-ein   h-ort      h-m


                                                                               20.000  -0.002   0.011   0.000   0.000   0.000   0.0089

   42.5000    363.611    363.622   2  0.0791  0.630   42.805   25.847  0.467   20.000

                                                                               20.000  -0.001   0.017   0.000   0.000   0.000   0.0155

   42.6000    363.627    363.641   2  0.0895  0.628   38.160   25.138  0.524   20.001

                                                                               20.000  -0.002   0.029   0.000   0.000   0.000   0.0266

   42.7000    363.653    363.671   1  1.2782  0.786   13.644    8.424  0.191    2.617
                                   2  0.0960  0.643   27.665   19.013  0.627   17.360

                                                                               20.000   0.011   0.023   0.000   0.000   0.000   0.0338

   42.8000    363.687    363.694   1  0.0585  0.749   12.328    8.663  0.402    4.954
                                   2  0.0905  0.632   44.130   25.420  0.341   15.046

                                                                               20.000   0.002   0.007   0.000   0.000   0.000   0.0084

   42.8950    363.695    363.701   2  0.0795  0.606   62.555   35.681  0.320   20.000

                                                                               20.000   0.002   0.000   0.000   0.000   0.000   0.0021

   42.9000    363.697    363.701   2  0.0746  0.599   78.103   41.588  0.256   20.000

                                                                               20.000   0.000   0.003   0.000   0.000   0.000   0.0031

   43.0000    363.701    363.705   2  0.0694  0.620   70.351   35.007  0.284   20.000

                                                                               20.000   0.002   0.003   0.000   0.000   0.000   0.0045

   43.1000    363.705    363.707   2  0.0653  0.624   96.244   39.895  0.207   19.944
                                   3  0.1199  0.805    0.870    2.025  0.065    0.057

                                                                               20.000   0.000   0.001   0.000   0.000   0.000   0.0015

   43.2000    363.707    363.709   2  0.0613  0.630   99.837   39.714  0.200   20.000

                                                                               20.000   0.000   0.002   0.000   0.000   0.000   0.0011

   43.3000    363.708    363.711   2  0.0630  0.648   83.696   33.440  0.239   20.000

                                                                               20.000   0.000   0.002   0.000   0.000   0.000   0.0019

   43.4000    363.710    363.712   1  0.2529  0.862    0.619    1.576  0.047    0.036
                                   2  0.0633  0.655   84.628   32.472  0.236   19.961

                                                                               20.000   0.000   0.002   0.000   0.000   0.000   0.0019

   43.5000    363.711    363.714   2  0.0698  0.638   82.562   34.706  0.242   20.000

                                                                  Blatt    3

   Stat-km   Wsp-m+NN   hen-m+NN IND  Lambda  formb    Fl-qm   Umfg-m  v-m/s  Q-cbm/s

                                                                                Q-ges    hv-m    hr-m   h-bor   h-ein   h-ort      h-m


                                                                               20.000   0.000   0.002   0.000   0.000   0.000   0.0023

   43.6000    363.714    363.717   2  0.0710  0.636   84.469   35.622  0.237   20.000

                                                                               20.000   0.000   0.002   0.000   0.000   0.000   0.0020

   43.7000    363.716    363.719   2  0.0649  0.665   85.885   31.452  0.232   19.946
                                   3  0.1213  0.791    0.814    2.014  0.066    0.054

                                                                               20.000   0.000   0.002   0.000   0.000   0.000   0.0018

   43.8000    363.718    363.720   2  0.0632  0.660   90.092   33.054  0.222   20.000

                                                                               20.000  -0.001   0.002   0.000   0.000   0.000   0.0014

   43.9000    363.719    363.723   2  0.0681  0.672   73.101   28.638  0.274   20.000

                                                                               20.000   0.001   0.002   0.000   0.000   0.000   0.0026

   43.9820    363.721    363.725   2  0.0637  0.678   80.855   28.601  0.245   19.804
                                   3  0.1183  0.785    2.597    3.642  0.093    0.241

                                                                               20.000   0.000   0.000   0.000   0.000   0.000   0.0006

   44.0000    363.722    363.725   2  0.0633  0.660   85.559   31.618  0.233   19.920
                                   3  0.1486  0.766    1.232    2.632  0.064    0.079

                                                                               20.000   0.001   0.001   0.000   0.000   0.000   0.0025

   44.1000    363.725    363.726   2  0.0615  0.625  117.669   44.005  0.170   20.000

                                                                               20.000  -0.002   0.002   0.001   0.000   0.000   0.0000

   44.2000    363.725    363.729   2  0.0694  0.644   72.242   31.500  0.277   20.000

                                                                               20.000   0.000   0.003   0.000   0.000   0.000   0.0030

   44.3000    363.728    363.732   2  0.0704  0.637   72.051   32.402  0.278   20.000

                                                                               20.000   0.003   0.002   0.000   0.000   0.000   0.0045

   44.3900    363.732    363.734   2  0.0720  0.573  119.575   64.160  0.168   20.075

                                                                               20.000  -0.001   0.000   0.000   0.000   0.000  -0.0006

   44.4000    363.732    363.734   2  0.0736  0.584   93.434   51.424  0.214   19.999

                                                                               20.000   0.000   0.000   0.000   0.000   0.000  -0.0003

   44.4050    363.731    363.734   2  0.0827  0.580   85.091   50.738  0.235   20.000

                                                                  Blatt    4

   Stat-km   Wsp-m+NN   hen-m+NN IND  Lambda  formb    Fl-qm   Umfg-m  v-m/s  Q-cbm/s

                                                                                Q-ges    hv-m    hr-m   h-bor   h-ein   h-ort      h-m


                                                                               20.000   0.000   0.001   0.000   0.000   0.000   0.0006

   44.4250    363.732    363.735   2  0.0789  0.582   80.430   48.116  0.249   20.002

                                                                               20.000  -0.001   0.004   0.000   0.000   0.000   0.0026

   44.5000    363.734    363.739   2  0.0727  0.591   64.201   40.075  0.312   20.000

                                                                               20.000   0.003   0.004   0.000   0.000   0.000   0.0064

   44.6000    363.741    363.743   2  0.0679  0.617   97.813   41.889  0.204   20.000

                                                                               20.000   0.001   0.001   0.000   0.000   0.000   0.0018

   44.7000    363.743    363.744   2  0.0652  0.644  115.871   39.793  0.173   20.000

                                                                               20.000   0.000   0.001   0.000   0.000   0.000   0.0010

   44.8000    363.744    363.745   2  0.0668  0.637  127.346   43.538  0.157   20.000

                                                                               20.000   0.000   0.001   0.000   0.000   0.000   0.0008

   44.9000    363.744    363.746   2  0.0729  0.615  122.277   47.789  0.164   20.000

                                                                               20.000   0.000   0.001   0.000   0.000   0.000   0.0008

   45.0000    363.745    363.748   1  0.1456  0.825    0.014    0.249  0.021    0.000
                                   2  0.0685  0.653   94.546   34.870  0.212   19.999

                                                                               20.000   0.000   0.001   0.000   0.000   0.000   0.0018

   45.1000    363.747    363.749   2  0.0695  0.623  104.040   41.673  0.192   20.000

                                                                               20.000   0.001   0.001   0.000   0.000   0.000   0.0018

   45.2000    363.749    363.750   1  0.1266  0.740    2.393    3.951  0.048    0.115
                                   2  0.0675  0.626  139.159   47.651  0.143   19.885

                                                                               20.000   0.000   0.000   0.000   0.000   0.000   0.0007

   45.3000    363.750    363.750   1  0.1252  0.804    0.300    1.192  0.021    0.006
                                   2  0.0537  0.662  164.316   44.149  0.122   19.994

                                                                               20.000   0.000   0.000   0.000   0.000   0.000   0.0005

   45.4000    363.750    363.751   2  0.0559  0.634  211.120   57.056  0.094   19.823
                                   3  0.1271  0.605    7.005   12.030  0.025    0.177

                                                                               20.000   0.000   0.000   0.000   0.000   0.000   0.0004

   45.5000    363.750    363.751   2  0.0478  0.655  323.687   64.674  0.062   20.000

                                                                  Blatt    5

   Stat-km   Wsp-m+NN   hen-m+NN IND  Lambda  formb    Fl-qm   Umfg-m  v-m/s  Q-cbm/s

                                                                                Q-ges    hv-m    hr-m   h-bor   h-ein   h-ort      h-m


                                                                               20.000   0.000   0.000   0.000   0.000   0.000  -0.0001

   45.6000    363.750    363.751   2  0.0523  0.658  235.692   53.991  0.085   19.994
                                   3  0.1705  0.567    0.703    5.170  0.009    0.006

                                                                               20.000   0.000   0.000   0.000   0.000   0.000   0.0002

   45.7000    363.751    363.751   1  0.1772  0.589    1.525    6.244  0.012    0.018
                                   2  0.0579  0.601  256.318   74.140  0.078   19.971
                                   3  0.1413  0.526    1.493   21.703  0.007    0.011

                                                                               20.000   0.000   0.000   0.000   0.000   0.000   0.0000

   45.8000    363.751    363.751   1  0.1665  0.550   14.832   30.450  0.021    0.315
                                   2  0.0601  0.619  210.458   60.118  0.093   19.660
                                   3  0.1574  0.559    1.802    9.182  0.014    0.025

                                                                               20.000   0.000   0.000   0.000   0.000   0.000   0.0003

   45.9000    363.751    363.751   1  0.0643  0.588   98.627   50.801  0.063    6.173
                                   2  0.0652  0.612  178.798   57.565  0.077   13.799
                                   3  0.1492  0.633    1.644    4.882  0.017    0.028

                                                                               20.000   0.000   0.000   0.000   0.000   0.000   0.0002

   46.0000    363.751    363.751   1  0.0571  0.613  101.564   43.960  0.061    6.190
                                   2  0.0621  0.604  200.278   63.549  0.066   13.284
                                   3  0.0916  0.609   17.055   17.990  0.031    0.526

                                                                               20.000   0.000   0.000   0.000   0.000   0.000   0.0000

   46.0160    363.751    363.751   1  0.0581  0.611  107.565   45.602  0.055    5.884
                                   2  0.0558  0.599  218.902   69.047  0.063   13.783
                                   3  0.1311  0.577   16.454   22.612  0.020    0.333

                                                                               20.000   0.000   0.000   0.000   0.000   0.000   0.0001

   46.1000    363.751    363.751   1  0.0564  0.626  112.573   42.851  0.060    6.778
                                   2  0.0628  0.643  186.874   49.690  0.066   12.258
                                   3  0.0972  0.590   32.030   28.290  0.030    0.965

                                                                               20.000   0.000   0.000   0.000   0.000   0.000   0.0001

   46.2000    363.751    363.751   1  0.0630  0.599  125.264   52.351  0.042    5.199
                                   2  0.0531  0.653  236.000   53.498  0.060   14.054
                                   3  0.0919  0.599   30.849   25.933  0.024    0.748

                                                                               20.000   0.000   0.000   0.000   0.000   0.000   0.0001

   46.3000    363.751    363.752   1  0.0538  0.608  183.411   59.574  0.051    9.334
                                   2  0.0569  0.641  190.174   50.283  0.053   10.002
                                   3  0.0704  0.684   21.405   14.298  0.031    0.664

                                                                  Blatt    6

   Stat-km   Wsp-m+NN   hen-m+NN IND  Lambda  formb    Fl-qm   Umfg-m  v-m/s  Q-cbm/s

                                                                                Q-ges    hv-m    hr-m   h-bor   h-ein   h-ort      h-m


                                                                               20.000   0.000   0.000   0.000   0.000   0.000   0.0001

   46.4000    363.751    363.752   1  0.0560  0.609  173.266   57.770  0.052    8.960
                                   2  0.0565  0.633  193.424   52.943  0.055   10.613
                                   3  0.0782  0.613   17.156   17.725  0.025    0.427

                                                                               20.000   0.000   0.000   0.000   0.000   0.000   0.0000

   46.5000    363.751    363.752   1  0.0565  0.606  146.293   54.167  0.057    8.357
                                   2  0.0572  0.646  175.618   47.284  0.064   11.283
                                   3  0.0692  0.714   10.539    8.919  0.034    0.360

                                                                               20.000   0.000   0.000   0.000   0.000   0.000   0.0000

   46.6000    363.752    363.752   1  0.0582  0.595   82.483   43.846  0.060    4.947
                                   2  0.0563  0.630  171.606   50.918  0.080   13.726
                                   3  0.0745  0.662   27.488   17.634  0.048    1.326

                                                                               20.000  -0.001   0.001   0.000   0.000   0.000   0.0001

   46.7000    363.752    363.753   1  0.1107  0.556   23.700   34.975  0.069    1.634
                                   2  0.0737  0.600   92.153   44.311  0.145   13.375
                                   3  0.0788  0.603   42.060   29.445  0.119    4.991

                                                                               20.000  -0.009   0.026   0.004   0.000   0.000   0.0216

   46.8000    363.773    363.783   1  0.1865  0.532    4.575   26.833  0.190    0.870
                                   2  0.1289  0.541   38.733   58.117  0.450   17.435
                                   3  0.1714  0.560    5.858   16.209  0.291    1.704

                                                                               20.000   0.002   0.040   0.000   0.000   0.000   0.0418

   46.9000    363.815    363.823   2  0.1206  0.550   43.284   51.620  0.405   17.531
                                   3  0.1389  0.580    8.183   15.503  0.302    2.469

                                                                               20.000   0.003   0.022   0.000   0.000   0.000   0.0254

   47.0000    363.840    363.845   2  0.1061  0.554   51.606   52.281  0.323   16.654
                                   3  0.1395  0.559   15.451   26.629  0.217    3.347

                                                                               20.000   0.000   0.014   0.000   0.000   0.000   0.0134

   47.1000    363.854    363.860   2  0.0965  0.554   59.320   56.354  0.337   19.996
                                   3  0.1720  0.623    0.060    0.985  0.061    0.004

                                                                               20.000   0.000   0.013   0.000   0.000   0.000   0.0130

   47.2000    363.867    363.872   2  0.0947  0.557   59.957   54.468  0.328   19.651
                                   3  0.1405  0.528    3.773   29.150  0.093    0.350

                                                                  Blatt    7

   Stat-km   Wsp-m+NN   hen-m+NN IND  Lambda  formb    Fl-qm   Umfg-m  v-m/s  Q-cbm/s

                                                                                Q-ges    hv-m    hr-m   h-bor   h-ein   h-ort      h-m


                                                                               20.000  -0.001   0.014   0.000   0.000   0.000   0.0129

   47.3000    363.880    363.887   2  0.0931  0.560   52.419   48.603  0.380   19.928
                                   3  0.1654  0.528    0.985   15.183  0.075    0.072
