       Stat Kenn     Sohle     h_WSP       hen      h_BV    Boe_li    Boe_re     v_m  tau_fl lamb_li lamb_fl lamb_re      f_li      f_fl      f_re     br_li     br_fl     br_re    WehrOK  BrueckOK  BrueckUK   BrueckB    RohrDN
         km    -       mNN       mNN       mNN       mNN       mNN       mNN     m/s   N/m^2       -       -       -       m^2       m^2         m         m         m         m       mNN       mNN       mNN         m         m
    58.4500    n     2.580     3.690     3.698     4.980     4.980     5.100   0.386    1.62  0.0000  0.0868  0.0000     0.000     8.103     0.000     0.000    11.565     0.000  -999.999  -999.999  -999.999  -999.999  -999.999
    58.4930    n     2.370     3.700     3.706     5.000     5.080     5.000   0.346    1.07  0.0000  0.0711  0.0000     0.000     9.051     0.000     0.000    10.867     0.000  -999.999  -999.999  -999.999  -999.999  -999.999
    58.5500    n     2.610     3.709     3.715     4.410     4.740     4.410   0.365    1.39  0.0000  0.0828  0.0000     0.000     8.579     0.000     0.000    11.072     0.000  -999.999  -999.999  -999.999  -999.999  -999.999
    58.6000    n     2.760     3.719     3.724     4.460     4.460     5.050   0.329    1.21  0.0000  0.0887  0.0000     0.000     9.501     0.000     0.000    12.441     0.000  -999.999  -999.999  -999.999  -999.999  -999.999
    58.6470    n     2.540     3.726     3.730     4.969     4.969     5.200   0.292    0.79  0.0000  0.0744  0.0000     0.000    10.725     0.000     0.000    11.375     0.000  -999.999  -999.999  -999.999  -999.999  -999.999
    58.7000    n     2.680     3.731     3.736     4.820     5.300     4.820   0.318    0.98  0.0000  0.0771  0.0000     0.000     9.837     0.000     0.000    11.572     0.000  -999.999  -999.999  -999.999  -999.999  -999.999
    58.7490    n     2.680     3.738     3.743     5.180     5.180     5.220   0.314    1.02  0.0000  0.0823  0.0000     0.000     9.962     0.000     0.000    12.862     0.000  -999.999  -999.999  -999.999  -999.999  -999.999
    58.8000    n     2.110     3.745     3.748     5.400     5.630     5.400   0.249    0.55  0.0000  0.0706  0.0000     0.000    12.554     0.000     0.000    12.650     0.000  -999.999  -999.999  -999.999  -999.999  -999.999
    58.8530    n     2.750     3.751     3.760     5.120     5.120     5.240   0.416    1.83  0.0000  0.0836  0.0000     0.000     7.517     0.000     0.000    10.727     0.000  -999.999  -999.999  -999.999  -999.999  -999.999
    58.9000    n     2.720     3.764     3.770     5.190     5.900     5.190   0.330    1.08  0.0000  0.0791  0.0000     0.000     9.471     0.000     0.000    11.971     0.000  -999.999  -999.999  -999.999  -999.999  -999.999
    58.9510    n     2.550     3.771     3.776     5.310     5.460     5.310   0.325    0.99  0.0000  0.0750  0.0000     0.000     9.633     0.000     0.000    11.193     0.000  -999.999  -999.999  -999.999  -999.999  -999.999
    59.0000    n     2.850     3.778     3.784     5.670     5.670     6.400   0.344    1.23  0.0000  0.0832  0.0000     0.000     9.101     0.000     0.000    12.706     0.000  -999.999  -999.999  -999.999  -999.999  -999.999
    59.0510    n     2.680     3.788     3.797     5.260     5.410     5.260   0.397    1.68  0.0000  0.0849  0.0000     0.000     7.881     0.000     0.000    11.551     0.000  -999.999  -999.999  -999.999  -999.999  -999.999
    59.1000    n     2.460     3.800     3.806     5.790     5.790     6.510   0.367    1.21  0.0000  0.0718  0.0000     0.000     8.540     0.000     0.000     9.316     0.000  -999.999  -999.999  -999.999  -999.999  -999.999
    59.1500    n     2.780     3.810     3.820     5.930     5.930     6.090   0.423    2.16  0.0000  0.0957  0.0000     0.000     7.395     0.000     0.000    10.692     0.000  -999.999  -999.999  -999.999  -999.999  -999.999
    59.2000    n     2.520     3.824     3.832     5.410     6.070     5.410   0.401    1.51  0.0000  0.0747  0.0000     0.000     7.811     0.000     0.000     8.676     0.000  -999.999  -999.999  -999.999  -999.999  -999.999
    59.2560    n     2.310     3.835     3.841     5.480     5.840     5.480   0.341    1.14  0.0000  0.0778  0.0000     0.000     9.168     0.000     0.000     9.409     0.000  -999.999  -999.999  -999.999  -999.999  -999.999
    59.3000    n     3.010     3.846     3.859     5.460     5.570     5.460   0.508    2.97  0.0000  0.0917  0.0000     0.000     6.159     0.000     0.000    10.568     0.000  -999.999  -999.999  -999.999  -999.999  -999.999
    59.3650    n     2.770     3.875     3.883     5.370     5.370     5.540   0.386    1.50  0.0000  0.0797  0.0000     0.000     8.100     0.000     0.000    10.404     0.000  -999.999  -999.999  -999.999  -999.999  -999.999
    59.4000    n     2.680     3.884     3.897     5.210     5.720     5.210   0.510    2.83  0.0000  0.0869  0.0000     0.000     6.139     0.000     0.000     8.427     0.000  -999.999  -999.999  -999.999  -999.999  -999.999
    59.4480    n     2.800     3.903     3.913     5.320     5.480     5.320   0.427    1.78  0.0000  0.0776  0.0000     0.000     7.323     0.000     0.000     9.340     0.000  -999.999  -999.999  -999.999  -999.999  -999.999
    59.5000    n     2.850     3.916     3.923     5.330     5.820     5.330   0.361    1.22  0.0000  0.0742  0.0000     0.000     8.663     0.000     0.000    10.234     0.000  -999.999  -999.999  -999.999  -999.999  -999.999
    59.5510    n     2.670     3.925     3.931     5.220     5.530     5.220   0.353    1.23  0.0000  0.0788  0.0000     0.000     8.877     0.000     0.000    10.576     0.000  -999.999  -999.999  -999.999  -999.999  -999.999
    59.6000    n     2.770     3.936     3.948     5.620     5.920     5.620   0.498    2.64  0.0000  0.0851  0.0000     0.000     6.291     0.000     0.000     9.635     0.000  -999.999  -999.999  -999.999  -999.999  -999.999
    59.6520    n     2.940     3.960     3.973     5.400     5.400     5.470   0.520    3.07  0.0000  0.0900  0.0000     0.000     6.014     0.000     0.000     9.457     0.000  -999.999  -999.999  -999.999  -999.999  -999.999
    59.7000    n     3.040     3.983     3.994     5.670     5.900     5.670   0.455    2.20  0.0000  0.0844  0.0000     0.000     6.882     0.000     0.000    10.163     0.000  -999.999  -999.999  -999.999  -999.999  -999.999
    59.8000    n     2.720     4.012     4.018     5.610     6.060     5.610   0.345    1.10  0.0000  0.0738  0.0000     0.000     9.081     0.000     0.000    10.366     0.000  -999.999  -999.999  -999.999  -999.999  -999.999
    59.9000    n     2.960     4.027     4.035     5.770     5.770     5.840   0.385    1.42  0.0000  0.0767  0.0000     0.000     8.128     0.000     0.000    10.180     0.000  -999.999  -999.999  -999.999  -999.999  -999.999
    60.0000    n     2.470     4.044     4.052     5.890     6.240     5.890   0.396    1.31  0.0000  0.0666  0.0000     0.000     7.899     0.000     0.000     7.683     0.000  -999.999  -999.999  -999.999  -999.999  -999.999
    60.0560    n     3.100     4.054     4.064     5.660     5.660     6.180   0.425    1.82  0.0000  0.0800  0.0000     0.000     7.357     0.000     0.000    10.070     0.000  -999.999  -999.999  -999.999  -999.999  -999.999
    60.1000    n     3.140     4.068     4.079     5.580     6.040     5.580   0.475    2.44  0.0000  0.0862  0.0000     0.000     6.589     0.000     0.000    10.274     0.000  -999.999  -999.999  -999.999  -999.999  -999.999
    60.1520    n     3.090     4.088     4.095     5.740     5.740     6.130   0.370    1.33  0.0000  0.0777  0.0000     0.000     8.455     0.000     0.000    10.835     0.000  -999.999  -999.999  -999.999  -999.999  -999.999
    60.2000    n     3.130     4.097     4.104     6.010     6.160     6.010   0.384    1.45  0.0000  0.0787  0.0000     0.000     8.160     0.000     0.000    10.774     0.000  -999.999  -999.999  -999.999  -999.999  -999.999
    60.3000    n     3.120     4.142     4.160     5.900     6.330     5.900   0.585    4.08  0.0000  0.0952  0.0000     0.000     5.347     0.000     0.000     9.987     0.000  -999.999  -999.999  -999.999  -999.999  -999.999
    60.4000    n     3.220     4.225     4.243     5.760     6.550     5.760   0.602    4.34  0.0000  0.0956  0.0000     0.000     5.197     0.000     0.000     9.789     0.000  -999.999  -999.999  -999.999  -999.999  -999.999
    60.4510    n     3.540     4.268     4.282     5.650     5.650     5.750   0.512    3.52  0.0000  0.1070  0.0000     0.000     6.113     0.000     0.000    11.019     0.000  -999.999  -999.999  -999.999  -999.999  -999.999
    60.5210    n     3.350     4.310     4.322     7.670     7.710     7.670   0.501    2.83  0.0000  0.0903  0.0000     0.000     6.253     0.000     0.000    10.603     0.000  -999.999  -999.999  -999.999  -999.999  -999.999
    60.5280    n     3.430     4.318     4.325     5.450     5.800     5.450   0.374    1.39  0.0000  0.0794  0.0000     0.000     8.358     0.000     0.000    11.055     0.000  -999.999  -999.999  -999.999  -999.999  -999.999
    60.6000    n     3.120     4.333     4.340     5.810     6.190     5.810   0.378    1.55  0.0000  0.0864  0.0000     0.000     8.274     0.000     0.000    11.532     0.000  -999.999  -999.999  -999.999  -999.999  -999.999
    60.6310    n     3.220     4.340     4.346     6.080     6.200     6.080   0.348    1.15  0.0000  0.0759  0.0000     0.000     8.985     0.000     0.000    11.054     0.000  -999.999  -999.999  -999.999  -999.999  -999.999
    60.7000    n     3.360     4.351     4.356     6.050     6.050     6.070   0.324    1.02  0.0000  0.0771  0.0000     0.000     9.658     0.000     0.000    12.036     0.000  -999.999  -999.999  -999.999  -999.999  -999.999
    60.8000    n     3.330     4.375     4.387     5.645     6.050     5.645   0.494    2.61  0.0000  0.0856  0.0000     0.000     6.335     0.000     0.000     9.523     0.000  -999.999  -999.999  -999.999  -999.999  -999.999
    60.9000    n     3.140     4.410     4.417     5.530     6.620     5.530   0.352    1.26  0.0000  0.0810  0.0000     0.000     8.884     0.000     0.000    11.155     0.000  -999.999  -999.999  -999.999  -999.999  -999.999
    61.0000    n     3.580     4.428     4.434     6.020     6.570     6.020   0.354    1.25  0.0000  0.0800  0.0000     0.000     8.835     0.000     0.000    11.415     0.000  -999.999  -999.999  -999.999  -999.999  -999.999
    61.1000    n     3.450     4.444     4.449     5.500     6.940     5.500   0.309    0.89  0.0000  0.0751  0.0000     0.000    10.143     0.000     0.000    11.687     0.000  -999.999  -999.999  -999.999  -999.999  -999.999
    61.1270    n     2.740     4.449     4.451     5.840     5.890     5.840   0.228    0.50  0.0000  0.0759  0.0000     0.000    13.698     0.000     0.000    13.477     0.000  -999.999  -999.999  -999.999  -999.999  -999.999
    61.1390    n     3.620     4.449     4.454     5.920     6.210     5.920   0.308    1.37  0.0000  0.1157  0.0000     0.000     5.351     0.000     0.000    10.841     0.000  -999.999  -999.999  -999.999  -999.999  -999.999
    61.2000    n     4.210     4.577     4.603     5.840     6.210     5.840   0.722    9.10  0.0000  0.1396  0.0000     0.000     2.284     0.000     0.000     9.964     0.000  -999.999  -999.999  -999.999  -999.999  -999.999
    61.2410    w     3.930     4.854     4.856     4.650     4.650     4.650   0.179    0.36  0.1146  0.0879  0.1109     0.049     9.141     0.035     0.480    11.660     0.345     4.650  -999.999  -999.999  -999.999  -999.999
    61.3000    n     4.490     4.926     4.950     6.030     6.030     6.030   0.688    8.09  0.0000  0.1358  0.0000     0.000     2.397     0.000     0.000     7.967     0.000  -999.999  -999.999  -999.999  -999.999  -999.999
    61.4000    n     4.240     5.093     5.098     6.070     6.070     6.230   0.299    1.00  0.0000  0.0894  0.0000     0.000     5.518     0.000     0.000     9.163     0.000  -999.999  -999.999  -999.999  -999.999  -999.999
    61.5000    n     4.730     5.205     5.224     6.090     6.320     6.090   0.611    6.37  0.0000  0.1364  0.0000     0.000     2.700     0.000     0.000     8.765     0.000  -999.999  -999.999  -999.999  -999.999  -999.999
    61.6000    n     4.640     5.336     5.340     6.350     6.630     6.350   0.285    0.96  0.0000  0.0950  0.0000     0.000     5.799     0.000     0.000     9.717     0.000  -999.999  -999.999  -999.999  -999.999  -999.999
    61.7000    n     4.720     5.377     5.385     5.970     5.970     6.270   0.413    2.74  0.0000  0.1284  0.0000     0.000     4.000     0.000     0.000     9.674     0.000  -999.999  -999.999  -999.999  -999.999  -999.999
    61.8000    n     4.610     5.422     5.426     6.330     6.840     6.330   0.253    0.70  0.0000  0.0875  0.0000     0.000     6.524     0.000     0.000    10.177     0.000  -999.999  -999.999  -999.999  -999.999  -999.999
    61.9000    n     4.670     5.435     5.439     6.490     6.840     6.490   0.280    0.88  0.0000  0.0895  0.0000     0.000     5.888     0.000     0.000     9.704     0.000  -999.999  -999.999  -999.999  -999.999  -999.999
    62.0000    n     4.610     5.450     5.454     6.380     6.380     6.540   0.261    0.81  0.0000  0.0955  0.0000     0.000     6.320     0.000     0.000     9.605     0.000  -999.999  -999.999  -999.999  -999.999  -999.999
    62.1000    n     4.690     5.465     5.469     6.700     7.210     6.700   0.288    0.92  0.0000  0.0893  0.0000     0.000     5.736     0.000     0.000     9.483     0.000  -999.999  -999.999  -999.999  -999.999  -999.999
    62.2000    n     4.860     5.497     5.504     6.480     6.840     6.480   0.381    2.18  0.0000  0.1206  0.0000     0.000     4.336     0.000     0.000     9.570     0.000  -999.999  -999.999  -999.999  -999.999  -999.999
    62.3000    n     4.780     5.534     5.538     6.410     6.410     6.570   0.294    0.97  0.0000  0.0901  0.0000     0.000     5.614     0.000     0.000     9.514     0.000  -999.999  -999.999  -999.999  -999.999  -999.999
    62.4000    n     4.750     5.550     5.554     6.790     6.790     6.830   0.282    0.87  0.0000  0.0874  0.0000     0.000     5.847     0.000     0.000     8.924     0.000  -999.999  -999.999  -999.999  -999.999  -999.999
    62.5000    n     4.760     5.574     5.580     6.620     7.700     6.620   0.353    1.74  0.0000  0.1112  0.0000     0.000     4.670     0.000     0.000     8.881     0.000  -999.999  -999.999  -999.999  -999.999  -999.999
    62.5930    w     5.160     5.898     5.902     5.660     5.660     5.660   0.288    1.06  0.1092  0.0997  0.1111     0.040     5.630     0.049     0.338     9.000     0.412     5.660  -999.999  -999.999  -999.999  -999.999
    62.6000    n     5.490     5.897     5.933     6.560     6.560     7.070   0.837   11.81  0.0000  0.1349  0.0000     0.000     1.971     0.000     0.000     6.868     0.000  -999.999  -999.999  -999.999  -999.999  -999.999
    62.7000    n     4.960     6.146     6.148     6.590     6.590     6.700   0.220    0.45  0.0000  0.0746  0.0000     0.000     7.504     0.000     0.000     8.604     0.000  -999.999  -999.999  -999.999  -999.999  -999.999
    62.8000    n     5.070     6.152     6.155     6.650     6.680     6.650   0.233    0.55  0.0000  0.0809  0.0000     0.000     7.083     0.000     0.000     9.307     0.000  -999.999  -999.999  -999.999  -999.999  -999.999
    62.9000    n     5.100     6.159     6.162     7.210     7.270     7.210   0.217    0.45  0.0000  0.0770  0.0000     0.000     7.613     0.000     0.000     9.039     0.000  -999.999  -999.999  -999.999  -999.999  -999.999
    63.0000    n     5.250     6.166     6.169     6.820     6.820     7.490   0.243    0.60  0.0000  0.0805  0.0000     0.000     6.779     0.000     0.000     9.163     0.000  -999.999  -999.999  -999.999  -999.999  -999.999
    63.1000    n     5.340     6.177     6.181     7.170     7.220     7.170   0.269    0.81  0.0000  0.0896  0.0000     0.000     6.140     0.000     0.000     9.533     0.000  -999.999  -999.999  -999.999  -999.999  -999.999
    63.2000    n     5.370     6.190     6.194     7.420     7.480     7.420   0.262    0.75  0.0000  0.0868  0.0000     0.000     6.292     0.000     0.000     9.394     0.000  -999.999  -999.999  -999.999  -999.999  -999.999
    63.3000    n     5.370     6.205     6.209     7.590     7.670     7.590   0.296    0.98  0.0000  0.0901  0.0000     0.000     5.582     0.000     0.000     8.982     0.000  -999.999  -999.999  -999.999  -999.999  -999.999
    63.4000    n     5.410     6.220     6.224     7.380     7.380     7.760   0.266    0.76  0.0000  0.0864  0.0000     0.000     6.212     0.000     0.000     9.157     0.000  -999.999  -999.999  -999.999  -999.999  -999.999
    63.5000    n     5.250     6.231     6.235     7.710     7.710     7.860   0.259    0.66  0.0000  0.0791  0.0000     0.000     6.370     0.000     0.000     8.529     0.000  -999.999  -999.999  -999.999  -999.999  -999.999
    63.6000    n     5.350     6.241     6.245     7.280     7.520     7.280   0.261    0.71  0.0000  0.0826  0.0000     0.000     6.312     0.000     0.000     8.336     0.000  -999.999  -999.999  -999.999  -999.999  -999.999
    63.7000    n     5.610     6.260     6.266     7.780     8.000     7.780   0.343    1.44  0.0000  0.0982  0.0000     0.000     4.814     0.000     0.000     9.241     0.000  -999.999  -999.999  -999.999  -999.999  -999.999
    63.8000    n     5.560     6.285     6.289     7.840     8.180     7.840   0.299    1.01  0.0000  0.0905  0.0000     0.000     5.510     0.000     0.000     8.736     0.000  -999.999  -999.999  -999.999  -999.999  -999.999
    63.9000    n     5.590     6.310     6.317     7.900     8.020     7.900   0.382    1.76  0.0000  0.0966  0.0000     0.000     4.320     0.000     0.000     8.096     0.000  -999.999  -999.999  -999.999  -999.999  -999.999
    64.0000    n     5.580     6.342     6.348     7.720     8.360     7.720   0.354    1.45  0.0000  0.0921  0.0000     0.000     4.658     0.000     0.000     7.826     0.000  -999.999  -999.999  -999.999  -999.999  -999.999
    64.1000    n     5.610     6.369     6.376     7.570     7.570     8.580   0.361    1.53  0.0000  0.0939  0.0000     0.000     4.572     0.000     0.000     7.966     0.000  -999.999  -999.999  -999.999  -999.999  -999.999
    64.1930    w     6.310     6.977     6.982     6.750     6.750     6.750   0.313    1.38  0.1147  0.1094  0.1102     0.112     5.121     0.041     0.729     9.500     0.361     6.750  -999.999  -999.999  -999.999  -999.999
    64.2200    n     6.450     6.998     7.017     7.830     7.960     7.830   0.620    6.41  0.0000  0.1324  0.0000     0.000     2.662     0.000     0.000     7.068     0.000  -999.999  -999.999  -999.999  -999.999  -999.999
    64.3000    n     5.680     7.088     7.091     7.890     7.890     8.030   0.230    0.59  0.0000  0.0888  0.0000     0.000     7.186     0.000     0.000     8.254     0.000  -999.999  -999.999  -999.999  -999.999  -999.999
    64.4000    n     6.790     7.198     7.218     7.850     8.010     7.850   0.637    6.94  0.0000  0.1359  0.0000     0.000     2.592     0.000     0.000     8.341     0.000  -999.999  -999.999  -999.999  -999.999  -999.999
    64.5000    n     6.340     7.334     7.337     8.000     8.160     8.000   0.235    0.56  0.0000  0.0818  0.0000     0.000     7.029     0.000     0.000     9.734     0.000  -999.999  -999.999  -999.999  -999.999  -999.999
    64.6000    n     6.410     7.343     7.346     7.480     7.480     8.150   0.243    0.64  0.0000  0.0864  0.0000     0.000     6.801     0.000     0.000     9.257     0.000  -999.999  -999.999  -999.999  -999.999  -999.999
    64.7000    n     6.390     7.352     7.355     7.940     7.940     8.040   0.245    0.63  0.0000  0.0835  0.0000     0.000     6.721     0.000     0.000     9.252     0.000  -999.999  -999.999  -999.999  -999.999  -999.999
    64.7710    i     6.944     7.437     7.457     9.634     9.634     9.714   0.630    6.83  0.0000  0.1374  0.0000     0.000     2.617     0.000     0.000     9.158     0.000  -999.999  -999.999  -999.999  -999.999  -999.999
    64.7760    i     6.980     7.449     7.472    10.170    10.420    10.170   0.673    7.80  0.0000  0.1377  0.0000     0.000     2.452     0.000     0.000     9.055     0.000  -999.999  -999.999  -999.999  -999.999  -999.999
    64.7820    b     6.980     7.476     7.495     9.970     9.970     9.970   0.612    6.43  0.0000  0.1375  0.0000     0.000     2.697     0.000     0.000     9.355     0.000  -999.999     9.970     9.750     6.000  -999.999
    64.7870    i     7.030     7.487     7.512     9.720     9.720     9.800   0.705    8.63  0.0000  0.1378  0.0000     0.000     2.340     0.000     0.000     8.887     0.000  -999.999  -999.999  -999.999  -999.999  -999.999
    64.8000    n     6.860     7.530     7.536     8.510     8.560     8.510   0.349    1.52  0.0000  0.0997  0.0000     0.000     4.724     0.000     0.000     9.014     0.000  -999.999  -999.999  -999.999  -999.999  -999.999
    64.9000    n     6.610     7.552     7.555     8.390     8.890     8.390   0.224    0.52  0.0000  0.0833  0.0000     0.000     7.379     0.000     0.000     9.623     0.000  -999.999  -999.999  -999.999  -999.999  -999.999
    65.0000    n     6.660     7.562     7.566     8.390     8.520     8.390   0.266    0.85  0.0000  0.0966  0.0000     0.000     6.213     0.000     0.000     9.120     0.000  -999.999  -999.999  -999.999  -999.999  -999.999
    65.1000    n     6.500     7.574     7.577     8.290     8.290     8.390   0.238    0.57  0.0000  0.0805  0.0000     0.000     6.947     0.000     0.000     8.891     0.000  -999.999  -999.999  -999.999  -999.999  -999.999
    65.2000    n     6.590     7.582     7.584     8.880     9.360     8.880   0.226    0.52  0.0000  0.0818  0.0000     0.000     7.315     0.000     0.000     9.535     0.000  -999.999  -999.999  -999.999  -999.999  -999.999
    65.3000    n     6.720     7.591     7.594     9.140     9.320     9.140   0.257    0.71  0.0000  0.0860  0.0000     0.000     6.418     0.000     0.000     9.591     0.000  -999.999  -999.999  -999.999  -999.999  -999.999
    65.4000    n     6.600     7.601     7.604     9.290     9.400     9.290   0.233    0.60  0.0000  0.0883  0.0000     0.000     7.086     0.000     0.000     9.529     0.000  -999.999  -999.999  -999.999  -999.999  -999.999
    65.5000    n     6.470     7.609     7.612     8.490     8.490     8.790   0.219    0.47  0.0000  0.0782  0.0000     0.000     7.545     0.000     0.000     9.118     0.000  -999.999  -999.999  -999.999  -999.999  -999.999
    65.6230    w     7.150     8.292     8.294     8.080     8.080     8.080   0.163    0.27  0.1077  0.0804  0.1113     0.027    10.030     0.040     0.250    11.000     0.374     8.080  -999.999  -999.999  -999.999  -999.999
    65.7000    n     7.300     8.298     8.302     9.630    10.120     9.630   0.280    0.87  0.0000  0.0883  0.0000     0.000     5.890     0.000     0.000     8.684     0.000  -999.999  -999.999  -999.999  -999.999  -999.999
    65.8000    n     7.210     8.310     8.314     9.670     9.680     9.670   0.265    0.73  0.0000  0.0836  0.0000     0.000     6.233     0.000     0.000     8.381     0.000  -999.999  -999.999  -999.999  -999.999  -999.999
    65.9000    n     6.940     8.319     8.322     9.510     9.630     9.510   0.236    0.52  0.0000  0.0741  0.0000     0.000     6.992     0.000     0.000     8.027     0.000  -999.999  -999.999  -999.999  -999.999  -999.999
    66.0000    n     6.960     8.327     8.331     9.680     9.680    10.300   0.269    0.75  0.0000  0.0832  0.0000     0.000     6.132     0.000     0.000     7.207     0.000  -999.999  -999.999  -999.999  -999.999  -999.999
    66.1000    n     7.500     8.350     8.357     9.690     9.990     9.690   0.387    2.02  0.0000  0.1079  0.0000     0.000     4.263     0.000     0.000     7.630     0.000  -999.999  -999.999  -999.999  -999.999  -999.999
    66.2000    n     7.580     8.386     8.393     9.660     9.960     9.660   0.371    1.72  0.0000  0.0998  0.0000     0.000     4.445     0.000     0.000     7.632     0.000  -999.999  -999.999  -999.999  -999.999  -999.999
    66.3000    n     7.940     8.441     8.453     9.470     9.470     9.840   0.488    3.36  0.0000  0.1124  0.0000     0.000     3.382     0.000     0.000     8.073     0.000  -999.999  -999.999  -999.999  -999.999  -999.999
    66.4000    n     7.690     8.501     8.507     9.670     9.870     9.670   0.340    1.29  0.0000  0.0893  0.0000     0.000     4.853     0.000     0.000     7.906     0.000  -999.999  -999.999  -999.999  -999.999  -999.999
    66.5000    n     7.780     8.544     8.555     9.670    10.240     9.670   0.447    2.80  0.0000  0.1119  0.0000     0.000     3.691     0.000     0.000     8.422     0.000  -999.999  -999.999  -999.999  -999.999  -999.999
    66.6000    n     7.750     8.593     8.597     9.510     9.510     9.840   0.309    1.04  0.0000  0.0873  0.0000     0.000     5.347     0.000     0.000     8.502     0.000  -999.999  -999.999  -999.999  -999.999  -999.999
    66.7000    n     7.790     8.613     8.620     9.790     9.790    10.100   0.348    1.36  0.0000  0.0900  0.0000     0.000     4.742     0.000     0.000     8.140     0.000  -999.999  -999.999  -999.999  -999.999  -999.999
    66.8000    n     7.790     8.642     8.649    10.260    10.860    10.260   0.378    1.81  0.0000  0.1013  0.0000     0.000     4.368     0.000     0.000     7.536     0.000  -999.999  -999.999  -999.999  -999.999  -999.999
    66.9000    n     8.370     8.788     8.813    10.100    10.100    10.400   0.690    8.12  0.0000  0.1357  0.0000     0.000     2.391     0.000     0.000     7.926     0.000  -999.999  -999.999  -999.999  -999.999  -999.999
    66.9500    w     8.280     9.349     9.350     9.130     9.130     9.130   0.172    0.30  0.1111  0.0809  0.1098     0.041     9.516     0.036     0.377    10.500     0.332     9.130  -999.999  -999.999  -999.999  -999.999
    66.9770    n     8.530     9.350     9.357    10.620    10.690    10.620   0.352    1.54  0.0000  0.0992  0.0000     0.000     4.688     0.000     0.000     7.523     0.000  -999.999  -999.999  -999.999  -999.999  -999.999
    67.0000    n     8.400     9.357     9.361    10.090    10.090    10.330   0.277    0.85  0.0000  0.0880  0.0000     0.000     5.948     0.000     0.000     7.961     0.000  -999.999  -999.999  -999.999  -999.999  -999.999
    67.1000    n     8.560     9.374     9.379    10.070    10.070    10.130   0.317    1.30  0.0000  0.1030  0.0000     0.000     5.201     0.000     0.000     8.681     0.000  -999.999  -999.999  -999.999  -999.999  -999.999
    67.2000    n     8.580     9.401     9.407    10.230    10.230    10.600   0.351    1.67  0.0000  0.1084  0.0000     0.000     4.704     0.000     0.000     8.192     0.000  -999.999  -999.999  -999.999  -999.999  -999.999
    67.3000    n     8.470     9.426     9.431    10.160    10.160    10.670   0.307    1.11  0.0000  0.0939  0.0000     0.000     5.373     0.000     0.000     7.821     0.000  -999.999  -999.999  -999.999  -999.999  -999.999
    67.4000    n     8.560     9.445     9.451    10.430    10.430    10.540   0.323    1.19  0.0000  0.0914  0.0000     0.000     5.105     0.000     0.000     8.301     0.000  -999.999  -999.999  -999.999  -999.999  -999.999
    67.5000    n     8.790     9.480     9.489    10.800    11.180    10.800   0.426    2.45  0.0000  0.1081  0.0000     0.000     3.876     0.000     0.000     7.692     0.000  -999.999  -999.999  -999.999  -999.999  -999.999
    67.6000    n     8.760     9.527     9.533    10.490    11.380    10.490   0.336    1.56  0.0000  0.1102  0.0000     0.000     3.185     0.000     0.000     6.895     0.000  -999.999  -999.999  -999.999  -999.999  -999.999
    67.7000    n     8.960     9.560     9.565    10.990    10.990    10.990   0.296    1.23  0.0000  0.1118  0.0000     0.000     3.620     0.000     0.000     7.736     0.000  -999.999  -999.999  -999.999  -999.999  -999.999
    67.8000    n     8.840     9.598     9.605    10.770    11.350    10.770   0.380    2.03  0.0000  0.1121  0.0000     0.000     2.815     0.000     0.000     6.332     0.000  -999.999  -999.999  -999.999  -999.999  -999.999
    67.9000    n     8.950     9.645     9.652    10.850    10.850    11.040   0.360    1.79  0.0000  0.1107  0.0000     0.000     2.973     0.000     0.000     6.951     0.000  -999.999  -999.999  -999.999  -999.999  -999.999
    68.0000    n     8.870     9.680     9.684    10.680    10.680    10.820   0.294    0.99  0.0000  0.0918  0.0000     0.000     3.641     0.000     0.000     6.592     0.000  -999.999  -999.999  -999.999  -999.999  -999.999
    68.1000    n     9.170     9.726     9.735    10.650    10.650    10.950   0.427    2.76  0.0000  0.1199  0.0000     0.000     2.505     0.000     0.000     6.866     0.000  -999.999  -999.999  -999.999  -999.999  -999.999
    68.2000    n     8.580     9.778     9.781    10.830    10.830    11.360   0.243    0.72  0.0000  0.0977  0.0000     0.000     4.404     0.000     0.000     6.842     0.000  -999.999  -999.999  -999.999  -999.999  -999.999
    68.2360    w     9.490    10.256    10.257    10.080    10.080    10.080   0.162    0.31  0.1068  0.0943  0.1081     0.016     6.553     0.019     0.180     9.530     0.218    10.080  -999.999  -999.999  -999.999  -999.999
    68.2480    n     9.460    10.256    10.260    11.120    11.120    11.470   0.285    1.10  0.0000  0.1083  0.0000     0.000     3.754     0.000     0.000     6.576     0.000  -999.999  -999.999  -999.999  -999.999  -999.999
    68.3000    n     9.270    10.265    10.268    11.600    12.150    11.600   0.211    0.52  0.0000  0.0923  0.0000     0.000     5.062     0.000     0.000     7.187     0.000  -999.999  -999.999  -999.999  -999.999  -999.999
    68.3440    n     9.480    10.270    10.274    11.417    11.417    11.620   0.264    0.86  0.0000  0.0979  0.0000     0.000     4.048     0.000     0.000     7.801     0.000  -999.999  -999.999  -999.999  -999.999  -999.999
    68.4000    n     9.460    10.282    10.286    11.760    11.840    11.760   0.288    1.18  0.0000  0.1130  0.0000     0.000     3.716     0.000     0.000     7.196     0.000  -999.999  -999.999  -999.999  -999.999  -999.999
    68.4500    n     9.620    10.295    10.299    11.460    11.460    11.470   0.303    1.25  0.0000  0.1091  0.0000     0.000     3.534     0.000     0.000     7.782     0.000  -999.999  -999.999  -999.999  -999.999  -999.999
    68.5000    n     9.350    10.306    10.309    11.480    11.480    11.700   0.232    0.62  0.0000  0.0917  0.0000     0.000     4.603     0.000     0.000     6.756     0.000  -999.999  -999.999  -999.999  -999.999  -999.999
    68.5490    n     9.380    10.311    10.314    11.490    11.490    11.880   0.230    0.62  0.0000  0.0932  0.0000     0.000     4.655     0.000     0.000     6.953     0.000  -999.999  -999.999  -999.999  -999.999  -999.999
    68.6000    n     9.310    10.317    10.321    11.280    11.280    11.690   0.271    0.94  0.0000  0.1020  0.0000     0.000     3.951     0.000     0.000     6.156     0.000  -999.999  -999.999  -999.999  -999.999  -999.999
    68.6510    n     9.470    10.325    10.329    11.620    11.620    11.750   0.267    0.92  0.0000  0.1026  0.0000     0.000     4.008     0.000     0.000     6.608     0.000  -999.999  -999.999  -999.999  -999.999  -999.999
    68.7000    n     9.690    10.342    10.350    11.840    12.000    11.840   0.401    2.35  0.0000  0.1164  0.0000     0.000     2.665     0.000     0.000     6.635     0.000  -999.999  -999.999  -999.999  -999.999  -999.999
    68.7480    n     9.400    10.365    10.369    11.540    11.540    11.709   0.279    0.88  0.0000  0.0907  0.0000     0.000     3.834     0.000     0.000     6.358     0.000  -999.999  -999.999  -999.999  -999.999  -999.999
    68.8000    n     9.310    10.374    10.378    12.380    12.380    12.380   0.282    1.00  0.0000  0.0998  0.0000     0.000     3.797     0.000     0.000     6.154     0.000  -999.999  -999.999  -999.999  -999.999  -999.999
    68.8460    n     9.640    10.383    10.388    11.320    11.770    11.320   0.317    1.24  0.0000  0.0986  0.0000     0.000     3.374     0.000     0.000     6.571     0.000  -999.999  -999.999  -999.999  -999.999  -999.999
    68.9000    n     9.710    10.398    10.403    11.620    11.620    11.880   0.320    1.36  0.0000  0.1063  0.0000     0.000     3.348     0.000     0.000     6.779     0.000  -999.999  -999.999  -999.999  -999.999  -999.999
    68.9510    n     9.630    10.414    10.420    11.900    11.900    12.170   0.356    1.71  0.0000  0.1074  0.0000     0.000     3.002     0.000     0.000     6.088     0.000  -999.999  -999.999  -999.999  -999.999  -999.999
    69.0000    n     9.960    10.482    10.506    12.090    12.090    12.380   0.686    7.74  0.0000  0.1316  0.0000     0.000     1.560     0.000     0.000     5.223     0.000  -999.999  -999.999  -999.999  -999.999  -999.999
    69.0420    n    10.380    10.681    10.720    12.770    12.770    12.910   0.873   13.07  0.0000  0.1373  0.0000     0.000     1.226     0.000     0.000     6.241     0.000  -999.999  -999.999  -999.999  -999.999  -999.999
    69.0660    n    10.000    10.800    10.806    12.440    12.440    12.760   0.354    1.56  0.0000  0.0996  0.0000     0.000     3.024     0.000     0.000     6.161     0.000  -999.999  -999.999  -999.999  -999.999  -999.999
