2	1 / 
1	0	0	0.0	0	2 / 
BRANDYS+PRAG - LITOMERICE
1500	2675	72.7	0.1	2.2 / 
8	4	 -0.63264	  0.15388	  0.00000	  0.00564	  0.23237	  0.28322	 / 
26	5	 -1.33384	  0.48727	  0.00000	  0.00018	  0.02048	  0.08001	  0.05275	 10.00000 / 
34	4	 -1.39133	  0.45721	  0.00000	  0.00603	  0.03915	  0.02070	  4.40000 / 
1368	2675	72.7	0.1	2.2 / 
8	3	 -0.84463	  0.08807	  0.00086	  0.15047	  0.09210	 / 
30	5	 -1.54192	  0.60493	  0.00000	  0.00027	  0.01242	  0.03266	  0.01766	 21.60000 / 
38	4	 -1.39133	  0.45721	  0.00000	  0.00603	  0.03915	  0.02070	  4.40000 / 
1500	7000	72.7	3.0	0.0 / 
8	4	 -0.70537	  0.11976	  0.00000	  0.08709	  0.26759	  0.05970	 / 
26	6	 -1.42307	  0.51416	  0.00000	  0.00012	  0.01030	  0.03915	  0.03156	  0.00996	  0.00000 / 
-1 / 
2	0	0	0.0	0	2 / 
LOUNY - LITOMERICE 
200	7000	54.0	3.0	0.0 / 
15	5	 -1.08240	  0.29361	  0.00000	  0.00635	  0.09020	  0.09468	  0.01998	 / 
18	4	 -1.00289	  0.19526	  0.00001	  0.05789	  0.11655	  0.01792	  0.00000 / 
-1 / 
200	7000	54.0	3.0	0.0 / 
15	5	 -1.08240	  0.29361	  0.00000	  0.00635	  0.09020	  0.09468	  0.01998	 / 
18	4	 -1.00289	  0.19526	  0.00001	  0.05789	  0.11655	  0.01792	  0.00000 / 
-1 / 
200	7000	54.0	3.0	0.0 / 
15	5	 -1.08240	  0.29361	  0.00000	  0.00635	  0.09020	  0.09468	  0.01998	 / 
18	4	 -1.00289	  0.19526	  0.00001	  0.05789	  0.11655	  0.01792	  0.00000 / 
-1 / 
3	0	0	0.0	0	2 / 
LITOMERICE - USTI 
1500	2675	26.4	0.1	2.2 / 
3	3	 -0.16278	  0.00306	  0.04207	  0.72470	  0.07352	 / 
10	3	 -0.52099	  0.01505	  0.00991	  0.37949	  0.10465	 10.00000 / 
12	3	 -0.85605	  0.09483	  0.00074	  0.14519	  0.09285	  4.40000 / 
1368	2675	26.4	0.1	2.2 / 
3	2	 -0.29094	 -0.08374	  0.31969	  0.30563	 / 
10	4	 -0.78638	  0.11412	  0.00004	  0.12995	  0.18034	  0.01740	 21.60000 / 
14	3	 -0.85605	  0.09483	  0.00074	  0.14519	  0.09285	  4.40000 / 
1500	7000	26.4	3.0	0.0 / 
3	2	 -0.27029	 -0.01517	  0.26354	  0.45100	 / 
9	3	 -0.60189	 -0.00797	  0.00998	  0.29563	  0.08453	  0.00000 / 
-1 / 
4	0	0	0.0	0	2 / 
USTI - SCHOENA 
1000	1700	45.3	8.0	2.0 / 
7	3	 -0.49346	 -0.02526	  0.02080	  0.37575	  0.08472	 / 
5	3	 -0.41450	 -0.01233	  0.02897	  0.45944	  0.08476	  7.00000 / 
5	3	 -0.41650	  0.03170	  0.00172	  0.41857	  0.19491	  4.00000 / 
989	2150	45.3	7.6	2.0 / 
7	3	 -0.46775	 -0.08902	  0.02582	  0.33119	  0.08621	 / 
5	3	 -0.27150	 -0.03672	  0.07176	  0.53493	  0.08509	  0.00000 / 
5	3	 -0.56550	  0.02811	  0.00584	  0.34157	  0.11519	  4.20000 / 
1000	1700	45.3	4.0	0.0 / 
7	3	 -0.32371	 -0.06912	  0.05315	  0.45645	  0.09757	 / 
5	2	 -0.35742	 -0.03933	  0.29460	  0.28240	 20.00000 / 
5	2	 -0.35742	 -0.03933	  0.29460	  0.28240	 10.00000 / 
5	0	0	0.0	0	2 / 
USTI - DRESDEN
1000	1700	98.8	8.0	2.0 / 
12	4	 -1.18387	  0.36400	  0.00000	  0.01126	  0.10202	  0.06685	 / 
12	4	 -0.98840	  0.26003	  0.00000	  0.02085	  0.16227	  0.08851	  7.00000 / 
12	5	 -0.82615	  0.19576	  0.00000	  0.00194	  0.09889	  0.20334	  0.06544	  4.00000 / 
989	2150	98.8	7.6	2.0 / 
12	4	 -1.26296	  0.39275	  0.00000	  0.01089	  0.07684	  0.04206	 / 
12	4	 -0.78010	  0.13012	  0.00000	  0.10363	  0.21438	  0.03200	  0.00000 / 
12      	5   	-1.11593   0.32109   0.00000 	  0.00331   0.07193   0.10204   0.02789   4.20000  / 
1000	1700	98.8	4.0	0.0 / 
12	4	 -0.93368	  0.19164	  0.00000	  0.06014	  0.16399	  0.03383	 / 
12	4	 -0.91614	  0.18991	  0.00000	  0.05823	  0.17547	  0.04006	 20.00000 / 
12	4	 -0.91614	  0.18991	  0.00000	  0.05823	  0.17547	  0.04006	 10.00000 / 
6	0	0	0.0	0	2 / 
DRESDEN - RIESA 
850	1600	52.8	2.0	3.0 / 
10	4	 -0.68337	  0.14478	  0.00000	  0.02432	  0.27058	  0.16651	 / 
9	3	 -0.77187	  0.07397	  0.00130	  0.19386	  0.10694	  8.00000 / 
9	4	 -0.94923	  0.16944	  0.00001	  0.07345	  0.12959	  0.01716	  6.00000 / 
1369	2092	52.8	2.1	4.0 / 
10	5	 -0.45093	  0.06645	  0.00000	  0.00196	  0.17208	  0.35126	  0.09022	 / 
9	3	 -0.52255	 -0.10848	  0.02063	  0.27369	  0.07465	  5.30000 / 
9	4	 -1.06152	  0.26441	  0.00000	  0.03101	  0.12970	  0.04218	 11.00000 / 
800	1600	52.8	5.0	0.0 / 
10	3	 -0.76842	  0.10360	  0.00046	  0.19142	  0.14329	 / 
9	3	 -0.72320	  0.08593	  0.00075	  0.21875	  0.14322	  8.00000 / 
9	3	 -0.85188	  0.07506	  0.00103	  0.14125	  0.08091	 12.00000 / 
7	0	0	0.0	0	2 / 
DRESDEN - TORGAU
850	1600	99.0	2.0	3.0 / 
18	5	 -1.30767	  0.46277	  0.00000	  0.00032	  0.02560	  0.08259	  0.04659	 / 
17	5	 -1.28454	  0.40508	  0.00000	  0.00324	  0.04818	  0.05538	  0.01375	  8.00000 / 
30	5	 -1.51043	  0.58224	  0.00000	  0.00034	  0.01486	  0.03743	  0.01918	  6.00000 / 
1369	2092	99.0	2.1	4.0 / 
18	5	 -1.34095	  0.47795	  0.00000	  0.00031	  0.02267	  0.07206	  0.04196	 / 
17	4	 -1.15185	  0.27360	  0.00000	  0.02714	  0.07696	  0.01765	  5.30000 / 
30	5	 -1.49371	  0.56357	  0.00000	  0.00050	  0.01701	  0.03623	  0.01612	 11.00000 / 
800	1600	99.0	5.0	0.0 / 
18	5	 -1.19866	  0.35619	  0.00000	  0.00195	  0.04808	  0.07907	  0.02843	 / 
17	5	 -1.17988	  0.35404	  0.00000	  0.00307	  0.06202	  0.08557	  0.02350	  8.00000 / 
30	5	 -1.55014	  0.60682	  0.00000	  0.00031	  0.01235	  0.02936	  0.01465	 12.00000 / 
8	0	0	0.0	0	2 / 
TORGAU - WITTENBERG
900	1500	59.5	2.0	13.0 / 
21	4	 -1.19769	  0.30737	  0.00000	  0.02004	  0.06960	  0.02004	 / 
27	5	 -1.49183	  0.57621	  0.00000	  0.00025	  0.01474	  0.04387	  0.02553	  0.50000 / 
22	5	 -1.39919	  0.52349	  0.00000	  0.00021	  0.01856	  0.06489	  0.04063	 20.00000 / 
1439	2393	59.5	2.3	14.2 / 
21	4	 -1.24539	  0.33968	  0.00000	  0.01578	  0.05993	  0.01857	 / 
18	5	 -1.38495	  0.51969	  0.00000	  0.00016	  0.01769	  0.06960	  0.04729	  3.00000 / 
20	3	 -0.53396	  0.03171	  0.00488	  0.36308	  0.12979	 25.30000 / 
700	1400	59.5	5.0	0.0 / 
21	5	 -1.27067	  0.38352	  0.00000	  0.00461	  0.05084	  0.04708	  0.01032	 / 
27	5	 -1.48207	  0.55112	  0.00000	  0.00063	  0.01843	  0.03549	  0.01450	  0.00000 / 
22	5	 -1.48129	  0.54636	  0.00000	  0.00075	  0.01889	  0.03300	  0.01244	  0.00000 / 
