Modell.013
       1    2008       6      30      14         150.03
       2    2008       6      30      17         150.03
       3    2008       6      30      20         150.03
       4    2008       6      30      23         150.03
       5    2008       7       1       2         150.03
       6    2008       7       1       5         143.20
       7    2008       7       1       8         149.70
       8    2008       7       1      11         144.80
       9    2008       7       1      14         144.35
      10    2008       7       1      17         141.42
      11    2008       7       1      20         140.97
      12    2008       7       1      23         143.24
      13    2008       7       2       2         140.82
      14    2008       7       2       5         137.82
      15    2008       7       2       8         139.07
      16    2008       7       2      11         139.11
      17    2008       7       2      14         139.23
      18    2008       7       2      17         137.59
      19    2008       7       2      20         138.16
      20    2008       7       2      23         138.07
      21    2008       7       3       2         137.94
      22    2008       7       3       5         137.50
      23    2008       7       3       8         137.55
      24    2008       7       3      11         138.23
      25    2008       7       3      14         138.66
      26    2008       7       3      17         138.48
      27    2008       7       3      20         136.30
      28    2008       7       3      23         136.30
      29    2008       7       4       2         137.46
      30    2008       7       4       5         138.43
      31    2008       7       4       8         137.99
      32    2008       7       4      11         137.78
      33    2008       7       4      14         135.58
      34    2008       7       4      17         135.98
      35    2008       7       4      20         136.22
      36    2008       7       4      23         136.33
      37    2008       7       5       2         134.72
      38    2008       7       5       5         135.72
      39    2008       7       5       8         136.79
      40    2008       7       5      11         136.56
      41    2008       7       5      14         138.08
      42    2008       7       5      17         136.42
      43    2008       7       5      20         137.11
      44    2008       7       5      23         139.69
      45    2008       7       6       2         143.93
      46    2008       7       6       5         148.91
      47    2008       7       6       8         150.02
      48    2008       7       6      11         153.14
      49    2008       7       6      14         154.26
      50    2008       7       6      17         161.05
      51    2008       7       6      20         163.05
      52    2008       7       6      23         165.77
      53    2008       7       7       2         166.30
      54    2008       7       7       5         165.04
      55    2008       7       7       8         165.75
      56    2008       7       7      11         165.60
      57    2008       7       7      14         165.66
      58    2008       7       7      17         166.36
      59    2008       7       7      20         166.26
      60    2008       7       7      23         164.14
      61    2008       7       8       2         161.65
      62    2008       7       8       5         159.04
      63    2008       7       8       8         155.52
      64    2008       7       8      11         154.60
      65    2008       7       8      14         155.82
      66    2008       7       8      17         159.16
      67    2008       7       8      20         161.76
      68    2008       7       8      23         159.33
      69    2008       7       9       2         159.33
      70    2008       7       9       5         156.22
      71    2008       7       9       8         152.69
      72    2008       7       9      11         149.69
      73    2008       7       9      14         146.42
      74    2008       7       9      17         146.20
      75    2008       7       9      20         144.42
      76    2008       7       9      23         146.53
      77    2008       7      10       2         147.36
      78    2008       7      10       5         146.53
      79    2008       7      10       8         146.35
      80    2008       7      10      11         142.71
      81    2008       7      10      14         143.84
      82    2008       7      10      17         143.77
      83    2008       7      10      20         140.37
      84    2008       7      10      23         143.27
      85    2008       7      11       2         139.11
      86    2008       7      11       5         140.43
      87    2008       7      11       8         139.49
      88    2008       7      11      11         139.47
      89    2008       7      11      14         140.41
      90    2008       7      11      17         139.93
      91    2008       7      11      20         138.91
      92    2008       7      11      23         139.72
      93    2008       7      12       2         142.35
      94    2008       7      12       5         144.41
      95    2008       7      12       8         145.06
      96    2008       7      12      11         144.35
      97    2008       7      12      14         142.45
      98    2008       7      12      17         141.44
      99    2008       7      12      20         138.64
     100    2008       7      12      23         138.33
     101    2008       7      13       2         137.50
     102    2008       7      13       5         136.77
     103    2008       7      13       8         136.13
     104    2008       7      13      11         135.23
     105    2008       7      13      14         135.94
     106    2008       7      13      17         135.91
     107    2008       7      13      20         137.61
     108    2008       7      13      23         138.63
     109    2008       7      14       2         141.56
     110    2008       7      14       5         142.16
     111    2008       7      14       8         143.55
     112    2008       7      14      11         144.84
     113    2008       7      14      14         144.59
     114    2008       7      14      17         145.45
     115    2008       7      14      20         148.45
     116    2008       7      14      23         148.74
     117    2008       7      15       2         148.88
     118    2008       7      15       5         150.45
     119    2008       7      15       8         153.27
     120    2008       7      15      11         157.60
     121    2008       7      15      14         163.85
     122    2008       7      15      17         164.23
     123    2008       7      15      20         163.44
     124    2008       7      15      23         161.58
     125    2008       7      16       2         158.93
     126    2008       7      16       5         155.82
     127    2008       7      16       8         152.45
     128    2008       7      16      11         149.24
     129    2008       7      16      14         146.31
     130    2008       7      16      17         143.74
     131    2008       7      16      20         141.55
     132    2008       7      16      23         139.73
     133    2008       7      17       2         138.26
     134    2008       7      17       5         137.10
     135    2008       7      17       8         136.21
     136    2008       7      17      11         135.53
     137    2008       7      17      14         135.02
     138    2008       7      17      17         134.64
     139    2008       7      17      20         134.34
     140    2008       7      17      23         134.10
     141    2008       7      18       2         133.91
     142    2008       7      18       5         133.74
     143    2008       7      18       8         133.58
     144    2008       7      18      11         133.44
