Modell.005
       1    2008       6      30      14           3.77
       2    2008       6      30      17           3.77
       3    2008       6      30      20           3.77
       4    2008       6      30      23           3.77
       5    2008       7       1       2           3.77
       6    2008       7       1       5           7.84
       7    2008       7       1       8          11.13
       8    2008       7       1      11          13.51
       9    2008       7       1      14          15.11
      10    2008       7       1      17          16.15
      11    2008       7       1      20          16.77
      12    2008       7       1      23          17.16
      13    2008       7       2       2          17.43
      14    2008       7       2       5          17.59
      15    2008       7       2       8          17.68
      16    2008       7       2      11          17.74
      17    2008       7       2      14          17.76
      18    2008       7       2      17          17.78
      19    2008       7       2      20          17.79
      20    2008       7       2      23          17.75
      21    2008       7       3       2          17.56
      22    2008       7       3       5          17.16
      23    2008       7       3       8          16.60
      24    2008       7       3      11          16.03
      25    2008       7       3      14          15.56
      26    2008       7       3      17          15.18
      27    2008       7       3      20          14.86
      28    2008       7       3      23          14.57
      29    2008       7       4       2          14.37
      30    2008       7       4       5          14.21
      31    2008       7       4       8          14.16
      32    2008       7       4      11          14.34
      33    2008       7       4      14          14.62
      34    2008       7       4      17          14.82
      35    2008       7       4      20          14.95
      36    2008       7       4      23          15.03
      37    2008       7       5       2          15.01
      38    2008       7       5       5          14.90
      39    2008       7       5       8          14.74
      40    2008       7       5      11          14.56
      41    2008       7       5      14          14.33
      42    2008       7       5      17          14.18
      43    2008       7       5      20          14.19
      44    2008       7       5      23          14.22
      45    2008       7       6       2          14.17
      46    2008       7       6       5          14.07
      47    2008       7       6       8          13.95
      48    2008       7       6      11          13.87
      49    2008       7       6      14          13.85
      50    2008       7       6      17          13.85
      51    2008       7       6      20          13.86
      52    2008       7       6      23          13.81
      53    2008       7       7       2          13.63
      54    2008       7       7       5          13.45
      55    2008       7       7       8          13.41
      56    2008       7       7      11          13.49
      57    2008       7       7      14          13.60
      58    2008       7       7      17          13.66
      59    2008       7       7      20          13.68
      60    2008       7       7      23          13.66
      61    2008       7       8       2          13.65
      62    2008       7       8       5          13.63
      63    2008       7       8       8          13.61
      64    2008       7       8      11          13.44
      65    2008       7       8      14          13.06
      66    2008       7       8      17          12.55
      67    2008       7       8      20          12.01
      68    2008       7       8      23          11.51
      69    2008       7       9       2          11.09
      70    2008       7       9       5          10.78
      71    2008       7       9       8          10.61
      72    2008       7       9      11          10.71
      73    2008       7       9      14          11.17
      74    2008       7       9      17          11.82
      75    2008       7       9      20          12.51
      76    2008       7       9      23          13.01
      77    2008       7      10       2          13.28
      78    2008       7      10       5          13.45
      79    2008       7      10       8          13.59
      80    2008       7      10      11          13.69
      81    2008       7      10      14          13.78
      82    2008       7      10      17          13.93
      83    2008       7      10      20          14.07
      84    2008       7      10      23          14.10
      85    2008       7      11       2          14.06
      86    2008       7      11       5          14.02
      87    2008       7      11       8          13.95
      88    2008       7      11      11          13.89
      89    2008       7      11      14          13.87
      90    2008       7      11      17          13.87
      91    2008       7      11      20          13.88
      92    2008       7      11      23          13.85
      93    2008       7      12       2          13.80
      94    2008       7      12       5          13.81
      95    2008       7      12       8          13.91
      96    2008       7      12      11          14.01
      97    2008       7      12      14          14.07
      98    2008       7      12      17          14.06
      99    2008       7      12      20          14.01
     100    2008       7      12      23          13.89
     101    2008       7      13       2          13.75
     102    2008       7      13       5          13.66
     103    2008       7      13       8          13.62
     104    2008       7      13      11          13.61
     105    2008       7      13      14          13.63
     106    2008       7      13      17          13.67
     107    2008       7      13      20          13.80
     108    2008       7      13      23          14.03
     109    2008       7      14       2          14.19
     110    2008       7      14       5          14.30
     111    2008       7      14       8          14.39
     112    2008       7      14      11          14.43
     113    2008       7      14      14          14.42
     114    2008       7      14      17          14.39
     115    2008       7      14      20          14.32
     116    2008       7      14      23          14.22
     117    2008       7      15       2          14.09
     118    2008       7      15       5          13.96
     119    2008       7      15       8          13.87
     120    2008       7      15      11          13.85
     121    2008       7      15      14          13.85
     122    2008       7      15      17          13.86
     123    2008       7      15      20          13.87
     124    2008       7      15      23          13.88
     125    2008       7      16       2          13.89
     126    2008       7      16       5          13.89
     127    2008       7      16       8          13.90
     128    2008       7      16      11          13.90
     129    2008       7      16      14          13.90
     130    2008       7      16      17          13.90
     131    2008       7      16      20          13.90
     132    2008       7      16      23          13.90
     133    2008       7      17       2          13.90
     134    2008       7      17       5          13.90
     135    2008       7      17       8          13.90
     136    2008       7      17      11          13.90
     137    2008       7      17      14          13.90
     138    2008       7      17      17          13.90
     139    2008       7      17      20          13.90
     140    2008       7      17      23          13.90
     141    2008       7      18       2          13.90
     142    2008       7      18       5          13.90
     143    2008       7      18       8          13.90
     144    2008       7      18      11          13.90
