     Ergebnis der Wasserspiegellagenberechnung fuer Wehr_Durchlass                                                                                                                                                                                        
 
     09/06/10 11:45:19.19 Uhr    KALYPSO-1D, VERSION 2.2.1.0 
 

                                                                  Blatt    1

   Stat-km   Wsp-m+NN   hen-m+NN IND  Lambda  formb    Fl-qm   Umfg-m  v-m/s  Q-cbm/s

                                                                                Q-ges    hv-m    hr-m   h-bor   h-ein   h-ort      h-m


     Durchfluss bei Station km  41.720 :  Q =   10.00 m**3/s

 Als Anfangswasserspiegel wird WSP =  363.500 angesetzt.

                                                                               10.000   0.000   0.000   0.000   0.000   0.000   0.0000

   41.7200    363.500    363.505   2  0.0873  0.574   31.857   32.490  0.314   10.000

                                                                               10.000   0.000   0.002   0.000   0.000   0.000   0.0020

   41.7400    363.502    363.508   2  0.0842  0.583   30.273   29.198  0.330    9.977

                                                                               10.000  -0.001   0.001   0.000   0.000   0.000  -0.0002

   41.7450    363.502    363.508   2  0.0846  0.586   28.291   27.648  0.353   10.000

                                                                               10.000   0.000   0.007   0.000   0.000   0.000   0.0070

   41.8000    363.509    363.516   2  0.0823  0.594   27.252   25.588  0.369   10.045

                                                                               10.000   0.005   0.008   0.000   0.000   0.000   0.0125

   41.9000    363.521    363.524   2  0.0749  0.622   48.129   29.110  0.208   10.000

                                                                               10.000   0.001   0.002   0.000   0.000   0.000   0.0028

   42.0000    363.524    363.525   2  0.0624  0.647   74.358   31.912  0.134   10.000

                                                                               10.000   0.001   0.000   0.000   0.000   0.000   0.0007

   42.0350    363.525    363.525   1  0.1261  0.713    2.037    3.933  0.026    0.052
                                   2  0.0552  0.643  111.737   39.335  0.089    9.948

                                                                               10.000  -0.001   0.000   0.000   0.000   0.000  -0.0002

   42.1000    363.525    363.526   1  0.1997  0.685    0.104    0.981  0.021    0.003
                                   2  0.0719  0.630   66.490   32.339  0.151   10.013

                                                                               10.000   0.001   0.001   0.000   0.000   0.000   0.0013

   42.2000    363.526    363.527   2  0.0693  0.623   88.758   39.050  0.113   10.000

                                                                               10.000   0.000   0.000   0.000   0.000   0.000   0.0006

   42.3000    363.527    363.527   2  0.0643  0.622  108.487   42.921  0.092   10.000

                                                                               10.000  -0.001   0.001   0.001   0.000   0.000   0.0004

   42.4000    363.527    363.529   2  0.0813  0.605   51.398   32.366  0.194    9.994
                                   3  0.1575  0.705    0.153    1.110  0.041    0.006

                                                                  Blatt    2

   Stat-km   Wsp-m+NN   hen-m+NN IND  Lambda  formb    Fl-qm   Umfg-m  v-m/s  Q-cbm/s

                                                                                Q-ges    hv-m    hr-m   h-bor   h-ein   h-ort      h-m


                                                                               10.000  -0.001   0.003   0.000   0.000   0.000   0.0026

   42.5000    363.530    363.533   2  0.0794  0.629   40.787   25.359  0.245   10.000

                                                                               10.000   0.000   0.005   0.000   0.000   0.000   0.0046

   42.6000    363.534    363.538   2  0.0918  0.626   35.969   24.689  0.278   10.000

                                                                               10.000  -0.001   0.009   0.000   0.000   0.000   0.0083

   42.7000    363.542    363.548   1  1.2296  0.782   12.817    8.249  0.107    1.379
                                   2  0.1001  0.640   25.605   18.602  0.336    8.593

                                                                               10.000   0.003   0.007   0.000   0.000   0.000   0.0103

   42.8000    363.553    363.555   1  0.0601  0.748   11.253    8.293  0.219    2.467
                                   2  0.0938  0.629   40.787   24.814  0.185    7.533

                                                                               10.000   0.000   0.002   0.000   0.000   0.000   0.0026

   42.8950    363.555    363.557   2  0.0812  0.604   57.728   34.619  0.173   10.000

                                                                               10.000   0.001   0.000   0.000   0.000   0.000   0.0006

   42.9000    363.556    363.557   2  0.0753  0.598   72.397   40.522  0.138   10.000

                                                                               10.000   0.000   0.001   0.000   0.000   0.000   0.0010

   43.0000    363.557    363.558   2  0.0707  0.618   65.524   34.145  0.153   10.000

                                                                               10.000   0.001   0.001   0.000   0.000   0.000   0.0013

   43.1000    363.558    363.559   2  0.0669  0.620   90.571   39.390  0.110    9.979
                                   3  0.1221  0.805    0.630    1.723  0.033    0.021

                                                                               10.000   0.000   0.000   0.000   0.000   0.000   0.0005

   43.2000    363.559    363.559   2  0.0618  0.628   94.232   39.014  0.106   10.000

                                                                               10.000   0.000   0.000   0.000   0.000   0.000   0.0003

   43.3000    363.559    363.560   2  0.0639  0.646   79.004   32.750  0.127   10.000

                                                                               10.000   0.000   0.001   0.000   0.000   0.000   0.0006

   43.4000    363.560    363.560   1  0.2375  0.862    0.457    1.354  0.024    0.016
                                   2  0.0642  0.652   79.998   31.990  0.125    9.989

                                                                               10.000   0.000   0.001   0.000   0.000   0.000   0.0006

   43.5000    363.560    363.561   2  0.0702  0.637   77.579   33.850  0.129   10.000

                                                                  Blatt    3

   Stat-km   Wsp-m+NN   hen-m+NN IND  Lambda  formb    Fl-qm   Umfg-m  v-m/s  Q-cbm/s

                                                                                Q-ges    hv-m    hr-m   h-bor   h-ein   h-ort      h-m


                                                                               10.000   0.000   0.001   0.000   0.000   0.000   0.0007

   43.6000    363.561    363.562   2  0.0717  0.634   79.310   34.838  0.126   10.000

                                                                               10.000   0.000   0.001   0.000   0.000   0.000   0.0006

   43.7000    363.561    363.562   2  0.0658  0.660   81.283   31.161  0.123    9.982
                                   3  0.1227  0.790    0.559    1.673  0.033    0.018

                                                                               10.000   0.000   0.000   0.000   0.000   0.000   0.0005

   43.8000    363.562    363.563   2  0.0644  0.659   85.279   32.360  0.117   10.000

                                                                               10.000   0.000   0.001   0.000   0.000   0.000   0.0004

   43.9000    363.562    363.563   2  0.0696  0.670   68.958   27.940  0.145   10.000

                                                                               10.000   0.000   0.001   0.000   0.000   0.000   0.0008

   43.9820    363.563    363.564   2  0.0649  0.675   76.543   28.220  0.129    9.900
                                   3  0.1183  0.784    2.100    3.284  0.048    0.100

                                                                               10.000   0.000   0.000   0.000   0.000   0.000   0.0002

   44.0000    363.563    363.564   2  0.0646  0.657   80.755   31.184  0.123    9.972
                                   3  0.1486  0.766    0.877    2.220  0.032    0.028

                                                                               10.000   0.000   0.000   0.000   0.000   0.000   0.0007

   44.1000    363.564    363.564   2  0.0620  0.623  110.879   43.169  0.090   10.000

                                                                               10.000  -0.001   0.001   0.000   0.000   0.000   0.0000

   44.2000    363.564    363.565   2  0.0698  0.642   67.444   30.638  0.148   10.000

                                                                               10.000   0.000   0.001   0.000   0.000   0.000   0.0009

   44.3000    363.565    363.566   2  0.0713  0.635   67.022   31.562  0.149   10.000

                                                                               10.000   0.001   0.001   0.000   0.000   0.000   0.0013

   44.3900    363.566    363.567   2  0.0741  0.570  109.194   63.232  0.092   10.000

                                                                               10.000   0.000   0.000   0.000   0.000   0.000  -0.0002

   44.4000    363.566    363.567   2  0.0753  0.580   85.168   50.523  0.117   10.000

                                                                               10.000   0.000   0.000   0.000   0.000   0.000  -0.0001

   44.4050    363.566    363.567   2  0.0854  0.576   76.923   49.846  0.130   10.000

                                                                  Blatt    4

   Stat-km   Wsp-m+NN   hen-m+NN IND  Lambda  formb    Fl-qm   Umfg-m  v-m/s  Q-cbm/s

                                                                                Q-ges    hv-m    hr-m   h-bor   h-ein   h-ort      h-m


                                                                               10.000   0.000   0.000   0.000   0.000   0.000   0.0002

   44.4250    363.566    363.567   2  0.0811  0.579   72.640   47.045  0.138   10.000

     Durchflussaenderung bei Station km  44.500 :  Q =   20.00 m**3/s

     Wehrberechnung an Station km    44.500 : 


     Eingabedaten der Wehrberechnung
     -------------------------------
     Wehrtyp: scharfkantiges Wehr

     Ergebnisse der Wehrberechnung
     -----------------------------
     Feld-Nr.    mue          q-wehr     h-ue        A-ue      Ü-Art
      1          0.6189      19.703      0.363      17.810     vollkommen  

     Summation aller Felder
     he-wehr     q-wehr
    365.415      19.703

     Oberwasser:

                                                                               20.000   0.000   0.000   0.000   0.000   0.000  -0.0001

   44.5000    365.414    365.415   1  0.1914  0.533   11.057   40.047  0.026    0.287
                                   2  0.0648  0.616  139.971   50.117  0.141   19.703
                                   3  0.1490  0.714    0.376    1.689  0.026    0.010

                                                                               20.000   0.000   0.000   0.000   0.000   0.000   0.0009

   44.6000    365.414    365.415   1  0.1682  0.535   15.269   43.491  0.025    0.383
                                   2  0.0752  0.603  184.381   63.963  0.106   19.511
                                   3  0.1821  0.554    4.802   15.993  0.022    0.107

                                                                               20.000   0.000   0.000   0.000   0.000   0.000   0.0003

   44.7000    365.415    365.415   1  0.1489  0.539   15.407   39.366  0.021    0.321
                                   2  0.0585  0.676  183.258   43.349  0.106   19.509
                                   3  0.1521  0.608    6.726   11.383  0.025    0.170

                                                                               20.000   0.000   0.000   0.000   0.000   0.000   0.0003

   44.8000    365.415    365.415   1  0.1868  0.538   12.573   35.823  0.017    0.211
                                   2  0.0619  0.646  204.978   52.732  0.096   19.749
                                   3  0.1505  0.567    2.483    9.686  0.016    0.040

                                                                               20.000   0.000   0.000   0.000   0.000   0.000   0.0002

   44.9000    365.415    365.416   1  0.1400  0.554   27.612   38.879  0.028    0.761
                                   2  0.0636  0.642  205.552   53.124  0.093   19.137
                                   3  0.0921  0.581    4.134   11.000  0.025    0.102

                                                                               20.000   0.000   0.000   0.000   0.000   0.000   0.0002

   45.0000    365.415    365.416   1  0.1306  0.550   37.675   48.091  0.037    1.393
                                   2  0.0634  0.675  155.523   40.273  0.114   17.763
                                   3  0.0972  0.561   20.940   30.238  0.040    0.844

                                                                  Blatt    5

   Stat-km   Wsp-m+NN   hen-m+NN IND  Lambda  formb    Fl-qm   Umfg-m  v-m/s  Q-cbm/s

                                                                                Q-ges    hv-m    hr-m   h-bor   h-ein   h-ort      h-m


                                                                               20.000   0.000   0.000   0.000   0.000   0.000   0.0004

   45.1000    365.416    365.416   1  0.1124  0.542   26.839   48.105  0.032    0.848
                                   2  0.0660  0.635  179.056   51.027  0.101   18.147
                                   3  0.1021  0.560   25.982   34.168  0.039    1.004

                                                                               20.000   0.000   0.000   0.000   0.000   0.000   0.0004

   45.2000    365.416    365.417   1  0.1027  0.549   40.340   51.351  0.029    1.182
                                   2  0.0626  0.644  223.269   54.950  0.083   18.432
                                   3  0.1198  0.570   15.462   23.479  0.025    0.386

                                                                               20.000   0.000   0.000   0.000   0.000   0.000   0.0001

   45.3000    365.416    365.417   1  0.1436  0.535   51.273   80.426  0.019    0.982
                                   2  0.0563  0.658  240.697   54.099  0.079   19.001
                                   3  0.1686  0.577    1.532    6.913  0.011    0.016

                                                                               20.000   0.000   0.000   0.000   0.000   0.000   0.0002

   45.4000    365.417    365.417   1  0.1121  0.530   23.354   66.310  0.012    0.270
                                   2  0.0527  0.653  305.276   62.558  0.061   18.563
                                   3  0.0750  0.604   41.275   29.218  0.028    1.167

                                                                               20.000   0.000   0.000   0.000   0.000   0.000   0.0001

   45.5000    365.417    365.417   1  0.1872  0.536   16.475   44.052  0.006    0.093
                                   2  0.0464  0.668  428.108   70.327  0.045   19.249
                                   3  0.1272  0.538   66.106   83.250  0.010    0.658

                                                                               20.000   0.000   0.000   0.000   0.000   0.000   0.0000

   45.6000    365.417    365.417   1  0.1145  0.629   10.707   12.788  0.014    0.153
                                   2  0.0479  0.683  324.104   56.839  0.056   18.243
                                   3  0.0995  0.542   93.373   88.903  0.017    1.604

                                                                               20.000   0.000   0.000   0.000   0.000   0.000   0.0001

   45.7000    365.417    365.417   1  0.0677  0.727   14.737   10.102  0.023    0.332
                                   2  0.0497  0.634  377.906   74.140  0.048   18.093
                                   3  0.0857  0.557   83.087   63.598  0.019    1.575

                                                                               20.000   0.000   0.000   0.000   0.000   0.000   0.0000

   45.8000    365.417    365.417   1  0.0730  0.620   67.799   33.908  0.030    2.041
                                   2  0.0521  0.656  308.982   60.118  0.055   16.955
                                   3  0.0837  0.575   46.140   38.506  0.022    1.004

                                                                               20.000   0.000   0.000   0.000   0.000   0.000   0.0001

   45.9000    365.417    365.417   1  0.0535  0.622  185.626   55.429  0.040    7.363
                                   2  0.0552  0.651  273.472   57.565  0.044   12.151
                                   3  0.0808  0.627   24.579   19.577  0.020    0.486

                                                                  Blatt    6

   Stat-km   Wsp-m+NN   hen-m+NN IND  Lambda  formb    Fl-qm   Umfg-m  v-m/s  Q-cbm/s

                                                                                Q-ges    hv-m    hr-m   h-bor   h-ein   h-ort      h-m


                                                                               20.000   0.000   0.000   0.000   0.000   0.000   0.0000

   46.0000    365.417    365.417   1  0.0495  0.651  174.984   47.271  0.037    6.534
                                   2  0.0523  0.641  305.703   63.549  0.039   12.000
                                   3  0.0615  0.604   63.331   35.781  0.023    1.467

                                                                               20.000   0.000   0.000   0.000   0.000   0.000   0.0000

   46.0160    365.417    365.417   1  0.0497  0.648  184.006   49.007  0.034    6.251
                                   2  0.0475  0.633  333.353   69.047  0.038   12.513
                                   3  0.1007  0.594   74.877   41.747  0.017    1.236

                                                                               20.000   0.000   0.000   0.000   0.000   0.000   0.0000

   46.1000    365.417    365.417   1  0.0480  0.660  184.428   46.440  0.039    7.163
                                   2  0.0549  0.683  268.198   49.690  0.039   10.589
                                   3  0.0614  0.648   81.745   32.103  0.028    2.248

                                                                               20.000   0.000   0.000   0.000   0.000   0.000   0.0000

   46.2000    365.417    365.417   1  0.0517  0.635  213.614   55.452  0.030    6.398
                                   2  0.0480  0.689  323.266   53.498  0.037   11.862
                                   3  0.0603  0.653   77.200   30.368  0.023    1.740

                                                                               20.000   0.000   0.000   0.000   0.000   0.000   0.0000

   46.3000    365.417    365.417   1  0.0471  0.637  284.059   63.145  0.034    9.648
                                   2  0.0504  0.681  273.175   50.283  0.034    9.183
                                   3  0.0514  0.725   47.426   18.348  0.025    1.169

                                                                               20.000   0.000   0.000   0.000   0.000   0.000   0.0000

   46.4000    365.417    365.417   1  0.0483  0.641  270.255   60.650  0.034    9.214
                                   2  0.0492  0.672  280.547   52.943  0.035    9.691
                                   3  0.0590  0.689   49.145   21.148  0.022    1.095

                                                                               20.000   0.000   0.000   0.000   0.000   0.000   0.0000

   46.5000    365.417    365.417   1  0.0488  0.640  237.134   57.214  0.038    9.102
                                   2  0.0506  0.688  253.309   47.284  0.040   10.145
                                   3  0.0510  0.756   27.620   12.632  0.027    0.753

                                                                               20.000   0.000   0.000   0.000   0.000   0.000   0.0000

   46.6000    365.417    365.417   1  0.0521  0.636  157.024   47.455  0.039    6.055
                                   2  0.0488  0.672  254.974   50.918  0.047   11.881
                                   3  0.0517  0.694   59.966   22.901  0.034    2.064

                                                                               20.000   0.000   0.000   0.000   0.000   0.000   0.0000

   46.7000    365.417    365.417   1  0.0690  0.618   83.674   38.266  0.047    3.950
                                   2  0.0582  0.652  165.504   44.311  0.064   10.519
                                   3  0.0567  0.646   95.185   34.940  0.058    5.531

                                                                  Blatt    7

   Stat-km   Wsp-m+NN   hen-m+NN IND  Lambda  formb    Fl-qm   Umfg-m  v-m/s  Q-cbm/s

                                                                                Q-ges    hv-m    hr-m   h-bor   h-ein   h-ort      h-m


                                                                               20.000  -0.258   0.216   0.245   0.000   0.000   0.2027

   46.8000    365.620    365.878   2  0.0686  1.000    8.881    8.665  2.252   20.000

                                                                               20.000   0.258   0.216   0.000   0.000   0.000   0.4747

   46.9000    366.094    366.094   1  0.0735  0.598   92.400   45.192  0.056    5.159
                                   2  0.0631  0.619  161.151   51.896  0.071   11.472
                                   3  0.0586  0.669   51.655   23.205  0.065    3.369

                                                                               20.000   0.000   0.000   0.000   0.000   0.000   0.0001

   47.0000    366.094    366.095   1  0.0760  0.607   64.307   35.433  0.048    3.115
                                   2  0.0608  0.621  169.642   52.601  0.069   11.718
                                   3  0.0628  0.636   83.642   34.278  0.062    5.167

                                                                               20.000   0.000   0.000   0.000   0.000   0.000   0.0001

   47.1000    366.095    366.095   1  0.0738  0.579   78.173   48.321  0.044    3.453
                                   2  0.0581  0.616  186.190   56.909  0.068   12.696
                                   3  0.0717  0.608   77.243   38.603  0.050    3.851

                                                                               20.000   0.000   0.000   0.000   0.000   0.000   0.0001

   47.2000    366.095    366.095   1  0.0859  0.582   60.142   41.283  0.040    2.395
                                   2  0.0603  0.613  187.502   57.998  0.068   12.769
                                   3  0.0716  0.604   91.820   43.379  0.053    4.836

                                                                               20.000   0.000   0.000   0.000   0.000   0.000   0.0001

   47.3000    366.095    366.095   1  0.0945  0.601   28.468   24.426  0.040    1.144
                                   2  0.0588  0.622  165.409   51.951  0.081   13.410
                                   3  0.0735  0.602   89.910   43.607  0.061    5.446
