 0000000000 114
 4830255 4830158 4829962 4829865 4829669 4829572 4829376 4829181 4828986 4828791 4828595 4828400 4828205
 4828009 4827716 4827521 4827228 4827033 4826740 4826447 4826154 4825861 4825568 4825275 4824982 4824689
 4824396 4824005 4823712 4823322 4822931 4822638 4822248 4821857 4821466 4821076 4820685 4820294 4819806
 4819416 4819025 4818537 4818048 4817658 4817169 4816681 4816193 4815705 4815216 4814728 4814240 4813654
 4813166 4812580 4812091 4811505 4811017 4810431 4836505 4836408 4836212 4836115 4835919 4835822 4835626
 4835431 4835236 4835041 4834845 4834650 4834455 4834259 4833966 4833771 4833478 4833283 4832990 4832697
 4832404 4832111 4831818 4831525 4831232 4830939 4830548 4830255 4829962 4829572 4829181 4828888 4828498
 4828107 4827716 4827326 4826935 4826447 4826056 4825666 4825177 4824787 4824298 4823908 4823419 4822931
 4822443 4821955 4821466 4820978 4820392 4819904 4819416 4818830 4818341 4817755 4817169 4816584 4842755
 4842658 4842462 4842365 4842169 4842072 4841876 4841681 4841486 4841291 4841095 4840900 4840705 4840509
 4840216 4840021 4839728 4839533 4839240 4838947 4838654 4838361 4838068 4837775 4837482 4837189 4836798
 4836505 4836115 4835822 4835431 4835041 4834748 4834357 4833966 4833576 4833185 4832697 4832306 4831916
 4831427 4831037 4830548 4830060 4829669 4829181 4828693 4828205 4827716 4827130 4826642 4826154 4825568
 4825080 4824494 4824005 4823419 4822834 4849005 4848908 4848712 4848615 4848419 4848322 4848126 4847931
 4847736 4847541 4847345 4847150 4846955 4846662 4846466 4846271 4845978 4845685 4845490 4845197 4844904
 4844611 4844318 4844025 4843732 4843439 4843048 4842755 4842365 4842072 4841681 4841291 4840998 4840607
 4840216 4839826 4839337 4838947 4838556 4838166 4837677 4837287 4836798 4836310 4835822 4835431 4834943
 4834455 4833869 4833380 4832892 4832404 4831818 4831330 4830744 4830255 4829669 4829084 4855255 4855158
 4854962 4854865 4854669 4854572 4854376 4854181 4853986 4853791 4853595 4853400 4853205 4852912 4852716
 4852521 4852228 4851935 4851740 4851447 4851154 4850861 4850568 4850275 4849982 4849689 4849298 4849005
 4848615 4848322 4847931 4847541 4847150 4846857 4846466 4845978 4845587 4845197 4844806 4844318 4843927
 4843439 4843048 4842560 4842072 4841584 4841095 4840607 4840119 4839630 4839142 4838556 4838068 4837580
 4836994 4836408 4835919 4835334 4861505 4861408 4861212 4861115 4860919 4860822 4860626 4860431 4860236
 4860041 4859845 4859650 4859455 4859162 4858966 4858771 4858478 4858185 4857990 4857697 4857404 4857111
 4856818 4856525 4856232 4855841 4855548 4855255 4854865 4854572 4854181 4853791 4853400 4853009 4852619
 4852228 4851837 4851447 4851056 4850568 4850177 4849689 4849298 4848810 4848322 4847834 4847345 4846857
 4846369 4845880 4845392 4844806 4844318 4843732 4843244 4842658 4842072 4841486 4867755 4867658 4867462
 4867365 4867169 4867072 4866876 4866681 4866486 4866291 4866095 4865900 4865705 4865412 4865216 4864923
 4864728 4864435 4864240 4863947 4863654 4863361 4863068 4862775 4862482 4862091 4861798 4861505 4861115
 4860724 4860431 4860041 4859650 4859259 4858869 4858478 4858087 4857697 4857209 4856818 4856427 4855939
 4855451 4855060 4854572 4854084 4853595 4853107 4852619 4852130 4851544 4851056 4850568 4849982 4849396
 4848908 4848322 4847736 4874005 4873908 4873712 4873615 4873419 4873224 4873126 4872931 4872736 4872541
 4872345 4872150 4871955 4871662 4871466 4871173 4870978 4870685 4870490 4870197 4869904 4869611 4869318
 4869025 4868732 4868341 4868048 4867658 4867365 4866974 4866681 4866291 4865900 4865509 4865119 4864728
 4864337 4863947 4863459 4863068 4862580 4862189 4861701 4861212 4860822 4860334 4859845 4859357 4858869
 4858283 4857794 4857306 4856720 4856232 4855646 4855060 4854572 4853986 4880255 4880158 4879962 4879865
 4879669 4879474 4879376 4879181 4878986 4878791 4878595 4878400 4878205 4877912 4877716 4877423 4877228
 4876935 4876642 4876447 4876154 4875861 4875568 4875275 4874884 4874591 4874298 4873908 4873615 4873224
 4872931 4872541 4872150 4871759 4871369 4870978 4870587 4870099 4869709 4869318 4868830 4868439 4867951
 4867462 4866974 4866584 4866095 4865607 4865021 4864533 4864044 4863556 4862970 4862482 4861896 4861310
 4860724 4860236 4886505 4886408 4886212 4886115 4885919 4885724 4885626 4885431 4885236 4885041 4884845
 4884650 4884455 4884162 4883966 4883673 4883478 4883185 4882892 4882697 4882404 4882111 4881818 4881525
 4881134 4880841 4880548 4880158 4879865 4879474 4879084 4878791 4878400 4878009 4877619 4877228 4876837
 4876349 4875959 4875568 4875080 4874689 4874201 4873712 4873224 4872736 4872248 4871759 4871271 4870783
 4870294 4869709 4869220 4868634 4868146 4867560 4866974 4866388 4892755 4892658 4892462 4892365 4892169
 4891974 4891876 4891681 4891486 4891291 4891095 4890900 4890607 4890412 4890216 4889923 4889728 4889435
 4889142 4888947 4888654 4888361 4888068 4887775 4887384 4887091 4886798 4886408 4886115 4885724 4885334
 4885041 4884650 4884259 4883869 4883478 4882990 4882599 4882209 4881720 4881330 4880841 4880451 4879962
 4879474 4878986 4878498 4878009 4877521 4877033 4876447 4875959 4875470 4874884 4874298 4873810 4873224
 4872638 4899005 4898908 4898712 4898615 4898419 4898224 4898126 4897931 4897736 4897541 4897345 4897150
 4896857 4896662 4896466 4896173 4895978 4895685 4895392 4895099 4894904 4894611 4894318 4893927 4893634
 4893341 4893048 4892658 4892365 4891974 4891584 4891193 4890900 4890509 4890119 4889728 4889240 4888849
 4888459 4887970 4887580 4887091 4886701 4886212 4885724 4885236 4884748 4884259 4883771 4883283 4882697
 4882209 4881623 4881134 4880548 4879962 4879474 4878888 4905255 4905158 4904962 4904865 4904669 4904474
 4904376 4904181 4903986 4903791 4903595 4903400 4903107 4902912 4902716 4902423 4902228 4901935 4901642
 4901349 4901154 4900861 4900470 4900177 4899884 4899591 4899201 4898908 4898517 4898224 4897834 4897443
 4897052 4896759 4896271 4895880 4895490 4895099 4894709 4894220 4893830 4893341 4892853 4892462 4891974
 4891486 4890998 4890509 4890021 4889435 4888947 4888459 4887873 4887384 4886798 4886212 4885626 4885138
 4911505 4911408 4911212 4911115 4910919 4910724 4910626 4910431 4910236 4910041 4909845 4909650 4909357
 4909162 4908966 4908673 4908478 4908185 4907892 4907599 4907306 4907013 4906720 4906427 4906134 4905841
 4905451 4905158 4904767 4904474 4904084 4903693 4903302 4902912 4902521 4902130 4901740 4901349 4900861
 4900470 4899982 4899591 4899103 4898615 4898224 4897736 4897248 4896759 4896173 4895685 4895197 4894611
 4894123 4893537 4893048 4892462 4891876 4891291 4917755 4917658 4917462 4917365 4917169 4916974 4916876
 4916681 4916486 4916291 4916095 4915900 4915607 4915412 4915216 4914923 4914728 4914435 4914142 4913849
 4913556 4913263 4912970 4912677 4912384 4912091 4911701 4911408 4911017 4910724 4910334 4909943 4909552
 4909162 4908771 4908380 4907990 4907599 4907111 4906720 4906232 4905841 4905353 4904865 4904376 4903888
 4903400 4902912 4902423 4901935 4901447 4900861 4900373 4899787 4899201 4898712 4898126 4897541 4924005
 4923908 4923712 4923615 4923419 4923224 4923126 4922931 4922736 4922541 4922345 4922150 4921857 4921662
 4921466 4921173 4920880 4920685 4920392 4920099 4919806 4919513 4919220 4918927 4918634 4918341 4917951
 4917658 4917267 4916974 4916584 4916193 4915802 4915412 4915021 4914630 4914240 4913751 4913361 4912970
 4912482 4912091 4911603 4911115 4910626 4910138 4909650 4909162 4908673 4908185 4907599 4907111 4906525
 4906037 4905451 4904865 4904376 4903791 4930255 4930158 4929962 4929865 4929669 4929474 4929376 4929181
 4928986 4928791 4928595 4928302 4928107 4927912 4927619 4927423 4927130 4926935 4926642 4926349 4926056
 4925763 4925470 4925177 4924884 4924494 4924201 4923908 4923517 4923126 4922834 4922443 4922052 4921662
 4921271 4920880 4920490 4920001 4919611 4919220 4918732 4918244 4917853 4917365 4916876 4916388 4915900
 4915412 4914923 4914337 4913849 4913361 4912775 4912287 4911701 4911115 4910529 4909943 4936505 4936408
 4936212 4936115 4935919 4935724 4935626 4935431 4935236 4935041 4934845 4934552 4934357 4934162 4933869
 4933673 4933380 4933185 4932892 4932599 4932306 4932013 4931720 4931427 4931134 4930744 4930451 4930158
 4929767 4929376 4929084 4928693 4928302 4927912 4927521 4927130 4926642 4926251 4925861 4925373 4924982
 4924494 4924005 4923615 4923126 4922638 4922150 4921662 4921173 4920587 4920099 4919513 4919025 4918439
 4917951 4917365 4916779 4916193 4942755 4942560 4942462 4942365 4942169 4941974 4941779 4941681 4941486
 4941291 4941095 4940802 4940607 4940412 4940119 4939923 4939630 4939435 4939142 4938849 4938556 4938263
 4937970 4937677 4937384 4936994 4936701 4936310 4936017 4935626 4935236 4934943 4934552 4934162 4933771
 4933380 4932892 4932501 4932111 4931623 4931232 4930744 4930255 4929767 4929376 4928888 4928400 4927912
 4927326 4926837 4926349 4925763 4925275 4924689 4924103 4923615 4923029 4922443 4949005 4948810 4948712
 4948615 4948419 4948224 4948029 4947931 4947736 4947541 4947345 4947052 4946857 4946662 4946369 4946173
 4945880 4945685 4945392 4945099 4944806 4944513 4944220 4943927 4943634 4943244 4942951 4942560 4942267
 4941876 4941486 4941193 4940802 4940412 4940021 4939533 4939142 4938751 4938263 4937873 4937384 4936994
 4936505 4936017 4935529 4935041 4934552 4934064 4933576 4933087 4932501 4932013 4931427 4930939 4930353
 4929767 4929279 4928693 4955255 4955060 4954962 4954767 4954669 4954474 4954279 4954181 4953986 4953791
 4953595 4953302 4953107 4952912 4952619 4952423 4952130 4951935 4951642 4951349 4951056 4950763 4950470
 4950177 4949787 4949494 4949201 4948810 4948517 4948126 4947736 4947345 4947052 4946662 4946173 4945783
 4945392 4945001 4944513 4944123 4943634 4943244 4942755 4942267 4941779 4941291 4940802 4940314 4939826
 4939337 4938751 4938263 4937677 4937189 4936603 4936017 4935431 4934845 4961505 4961310 4961212 4961017
 4960919 4960724 4960529 4960431 4960236 4960041 4959748 4959552 4959357 4959162 4958869 4958673 4958380
 4958087 4957892 4957599 4957306 4957013 4956720 4956427 4956037 4955744 4955451 4955060 4954767 4954376
 4953986 4953595 4953205 4952814 4952423 4952033 4951642 4951251 4950763 4950373 4949884 4949396 4949005
 4948517 4948029 4947541 4947052 4946564 4946076 4945490 4945001 4944513 4943927 4943341 4942853 4942267
 4941681 4941095 4967755 4967560 4967462 4967267 4967169 4966974 4966779 4966681 4966486 4966291 4965998
 4965802 4965607 4965412 4965119 4964923 4964630 4964337 4964142 4963849 4963556 4963263 4962970 4962677
 4962287 4961994 4961701 4961310 4960919 4960626 4960236 4959845 4959455 4959064 4958673 4958283 4957892
 4957404 4957013 4956623 4956134 4955646 4955255 4954767 4954279 4953791 4953302 4952814 4952228 4951740
 4951251 4950666 4950177 4949591 4949005 4948517 4947931 4947345 4974005 4973810 4973712 4973517 4973419
 4973224 4973029 4972834 4972736 4972541 4972248 4972052 4971857 4971662 4971369 4971173 4970880 4970587
 4970392 4970099 4969806 4969513 4969220 4968830 4968537 4968244 4967853 4967560 4967169 4966876 4966486
 4966095 4965705 4965314 4964923 4964533 4964142 4963654 4963263 4962775 4962384 4961896 4961408 4961017
 4960529 4960041 4959552 4958966 4958478 4957990 4957501 4956916 4956330 4955841 4955255 4954669 4954084
 4953498 4980255 4980060 4979962 4979767 4979669 4979474 4979279 4979084 4978986 4978693 4978498 4978302
 4978107 4977912 4977619 4977423 4977130 4976837 4976642 4976349 4976056 4975763 4975470 4975080 4974787
 4974494 4974103 4973810 4973419 4973126 4972736 4972345 4971955 4971564 4971173 4970783 4970294 4969904
 4969513 4969025 4968634 4968146 4967658 4967169 4966681 4966193 4965705 4965216 4964728 4964240 4963654
 4963166 4962580 4962091 4961505 4960919 4960334 4959748 4986505 4986310 4986212 4986017 4985919 4985724
 4985529 4985334 4985138 4984943 4984748 4984552 4984357 4984064 4983869 4983673 4983380 4983087 4982794
 4982599 4982306 4982013 4981720 4981330 4981037 4980744 4980353 4980060 4979669 4979279 4978986 4978595
 4978205 4977814 4977423 4977033 4976544 4976154 4975763 4975275 4974787 4974396 4973908 4973419 4972931
 4972443 4971955 4971466 4970978 4970392 4969904 4969416 4968830 4968244 4967755 4967169 4966584 4965998
 4992755 4992560 4992462 4992267 4992169 4991974 4991779 4991584 4991388 4991193 4990998 4990802 4990607
 4990314 4990119 4989826 4989630 4989337 4989044 4988849 4988556 4988263 4987873 4987580 4987287 4986994
 4986603 4986310 4985919 4985529 4985236 4984845 4984455 4984064 4983673 4983185 4982794 4982404 4981916
 4981525 4981037 4980646 4980158 4979669 4979181 4978693 4978205 4977716 4977228 4976642 4976154 4975568
 4975080 4974494 4973908 4973322 4972834 4972248 4999005 4998810 4998712 4998517 4998419 4998224 4998029
 4997834 4997638 4997443 4997248 4997052 4996857 4996564 4996369 4996076 4995880 4995587 4995294 4995001
 4994806 4994416 4994123 4993830 4993537 4993244 4992853 4992560 4992169 4991779 4991388 4991095 4990705
 4990314 4989923 4989435 4989044 4988654 4988166 4987775 4987287 4986798 4986408 4985919 4985431 4984943
 4984455 4983966 4983380 4982892 4982404 4981818 4981232 4980744 4980158 4979572 4978986 4978400 5005255
 5005060 5004962 5004767 5004669 5004474 5004279 5004084 5003888 5003693 5003498 5003302 5003107 5002814
 5002619 5002326 5002130 5001837 5001544 5001251 5000959 5000666 5000373 5000080 4999787 4999396 4999103
 4998712 4998419 4998029 4997638 4997248 4996955 4996466 4996076 4995685 4995294 4994904 4994416 4994025
 4993537 4993048 4992658 4992169 4991681 4991193 4990705 4990119 4989630 4989142 4988556 4988068 4987482
 4986994 4986408 4985822 4985236 4984650 5011505 5011310 5011212 5011017 5010919 5010724 5010529 5010334
 5010138 5009943 5009748 5009552 5009357 5009064 5008869 5008576 5008380 5008087 5007794 5007501 5007209
 5006916 5006623 5006330 5006037 5005646 5005353 5004962 5004669 5004279 5003888 5003498 5003107 5002716
 5002326 5001935 5001544 5001056 5000666 5000177 4999787 4999298 4998810 4998322 4997931 4997345 4996857
 4996369 4995880 4995392 4994806 4994318 4993732 4993146 4992658 4992072 4991486 4990900 5017755 5017560
 5017462 5017267 5017169 5016974 5016779 5016584 5016388 5016193 5015998 5015802 5015607 5015314 5015119
 5014826 5014630 5014337 5014044 5013751 5013459 5013166 5012873 5012580 5012287 5011896 5011603 5011212
 5010919 5010529 5010138 5009748 5009357 5008966 5008576 5008185 5007794 5007306 5006916 5006427 5006037
 5005548 5005060 5004572 5004084 5003595 5003107 5002619 5002130 5001544 5001056 5000470 4999982 4999396
 4998810 4998224 4997638 4997052 5024005 5023810 5023712 5023517 5023419 5023224 5023029 5022834 5022638
 5022443 5022248 5022052 5021857 5021564 5021369 5021076 5020880 5020587 5020294 5020001 5019709 5019416
 5019123 5018830 5018537 5018146 5017853 5017462 5017169 5016779 5016388 5015998 5015607 5015216 5014826
 5014435 5013947 5013556 5013166 5012677 5012189 5011798 5011310 5010822 5010334 5009845 5009357 5008869
 5008283 5007794 5007306 5006720 5006134 5005646 5005060 5004474 5003888 5003302 5030255 5030060 5029962
 5029767 5029669 5029474 5029279 5029084 5028888 5028693 5028498 5028302 5028107 5027814 5027619 5027326
 5027130 5026837 5026544 5026251 5025959 5025666 5025373 5025080 5024689 5024396 5024103 5023712 5023322
 5023029 5022638 5022248 5021857 5021466 5021076 5020685 5020197 5019806 5019318 5018927 5018439 5018048
 5017560 5017072 5016584 5016095 5015607 5015119 5014533 5014044 5013459 5012970 5012384 5011896 5011310
 5010724 5010138 5009552 5036505 5036310 5036212 5036017 5035919 5035724 5035529 5035334 5035138 5034943
 5034748 5034552 5034357 5034064 5033869 5033576 5033283 5033087 5032794 5032501 5032209 5031916 5031623
 5031330 5030939 5030646 5030255 5029962 5029572 5029279 5028888 5028498 5028107 5027716 5027326 5026837
 5026447 5026056 5025568 5025177 5024689 5024201 5023810 5023322 5022834 5022345 5021857 5021271 5020783
 5020294 5019709 5019220 5018634 5018048 5017462 5016974 5016388 5015802 5042755 5042560 5042462 5042267
 5042169 5041974 5041779 5041584 5041388 5041193 5040998 5040802 5040509 5040314 5040119 5039826 5039533
 5039337 5039044 5038751 5038459 5038166 5037873 5037580 5037189 5036896 5036505 5036212 5035822 5035431
 5035138 5034748 5034357 5033966 5033576 5033087 5032697 5032306 5031818 5031427 5030939 5030451 5029962
 5029572 5029084 5028498 5028009 5027521 5027033 5026447 5025959 5025373 5024884 5024298 5023712 5023126
 5022541 5021955 5049005 5048810 5048712 5048517 5048419 5048224 5048029 5047834 5047638 5047443 5047248
 5047052 5046759 5046564 5046369 5046076 5045783 5045587 5045294 5045001 5044709 5044416 5044123 5043732
 5043439 5043146 5042755 5042462 5042072 5041681 5041388 5040998 5040607 5040216 5039728 5039337 5038947
 5038459 5038068 5037580 5037189 5036701 5036212 5035724 5035236 5034748 5034259 5033771 5033283 5032697
 5032209 5031623 5031037 5030548 5029962 5029376 5028791 5028205 5055255 5055060 5054962 5054767 5054669
 5054474 5054279 5054084 5053888 5053693 5053498 5053302 5053009 5052814 5052619 5052326 5052033 5051837
 5051544 5051251 5050959 5050666 5050373 5049982 5049689 5049396 5049005 5048712 5048322 5047931 5047541
 5047248 5046857 5046369 5045978 5045587 5045197 5044709 5044318 5043830 5043439 5042951 5042462 5041974
 5041486 5040998 5040509 5040021 5039435 5038947 5038361 5037873 5037287 5036701 5036212 5035626 5035041
 5034455 5061505 5061310 5061212 5061017 5060919 5060724 5060529 5060334 5060138 5059943 5059748 5059552
 5059259 5059064 5058771 5058576 5058283 5058087 5057794 5057501 5057209 5056916 5056623 5056232 5055939
 5055646 5055255 5054962 5054572 5054181 5053791 5053400 5053009 5052619 5052228 5051837 5051447 5050959
 5050568 5050080 5049591 5049201 5048712 5048224 5047736 5047248 5046759 5046173 5045685 5045197 5044611
 5044123 5043537 5042951 5042365 5041779 5041193 5040607 5067755 5067560 5067462 5067267 5067169 5066974
 5066779 5066584 5066388 5066193 5065998 5065802 5065509 5065314 5065021 5064826 5064533 5064240 5064044
 5063751 5063459 5063166 5062775 5062482 5062189 5061896 5061505 5061115 5060822 5060431 5060041 5059650
 5059259 5058869 5058478 5058087 5057599 5057209 5056818 5056330 5055841 5055451 5054962 5054474 5053986
 5053498 5052912 5052423 5051935 5051349 5050861 5050275 5049787 5049201 5048615 5048029 5047443 5046857
 5074005 5073810 5073712 5073517 5073322 5073224 5073029 5072834 5072638 5072443 5072248 5072052 5071759
 5071564 5071271 5071076 5070783 5070490 5070294 5070001 5069709 5069416 5069025 5068732 5068439 5068048
 5067755 5067365 5067072 5066681 5066291 5065900 5065509 5065119 5064728 5064337 5063849 5063459 5062970
 5062580 5062091 5061603 5061115 5060724 5060236 5059650 5059162 5058673 5058185 5057599 5057111 5056525
 5055939 5055451 5054865 5054279 5053693 5053107 5080255 5080060 5079962 5079767 5079572 5079474 5079279
 5079084 5078888 5078693 5078498 5078302 5078009 5077814 5077521 5077326 5077033 5076740 5076447 5076251
 5075959 5075568 5075275 5074982 5074689 5074298 5074005 5073615 5073322 5072931 5072541 5072150 5071759
 5071369 5070978 5070490 5070099 5069709 5069220 5068830 5068341 5067853 5067365 5066876 5066388 5065900
 5065412 5064923 5064337 5063849 5063263 5062775 5062189 5061603 5061115 5060529 5059943 5059357 5086505
 5086310 5086212 5086017 5085822 5085724 5085529 5085334 5085138 5084943 5084748 5084552 5084259 5084064
 5083771 5083576 5083283 5082990 5082697 5082501 5082209 5081818 5081525 5081232 5080939 5080548 5080255
 5079865 5079474 5079181 5078791 5078400 5078009 5077619 5077228 5076740 5076349 5075959 5075470 5074982
 5074591 5074103 5073615 5073126 5072638 5072150 5071662 5071173 5070587 5070099 5069513 5069025 5068439
 5067853 5067267 5066681 5066095 5065509 5092755 5092560 5092462 5092267 5092072 5091974 5091779 5091584
 5091388 5091193 5090998 5090705 5090509 5090314 5090021 5089826 5089533 5089240 5088947 5088654 5088361
 5088068 5087775 5087482 5087189 5086798 5086505 5086115 5085724 5085431 5085041 5084650 5084259 5083869
 5083380 5082990 5082599 5082111 5081720 5081232 5080841 5080353 5079865 5079376 5078888 5078400 5077912
 5077326 5076837 5076349 5075763 5075177 5074689 5074103 5073517 5072931 5072345 5071759 5099005 5098810
 5098712 5098517 5098322 5098224 5098029 5097834 5097638 5097443 5097248 5096955 5096759 5096564 5096271
 5096076 5095783 5095490 5095197 5094904 5094611 5094318 5094025 5093732 5093341 5093048 5092755 5092365
 5091974 5091584 5091291 5090900 5090509 5090119 5089630 5089240 5088849 5088361 5087970 5087482 5086994
 5086603 5086115 5085626 5085138 5084650 5084064 5083576 5083087 5082501 5082013 5081427 5080841 5080353
 5079767 5079181 5078595 5078009 5105158 5105060 5104962 5104767 5104572 5104474 5104279 5104084 5103888
 5103693 5103498 5103205 5103009 5102814 5102521 5102326 5102033 5101740 5101447 5101154 5100861 5100568
 5100275 5099982 5099591 5099298 5098908 5098615 5098224 5097834 5097443 5097150 5096662 5096271 5095880
 5095490 5095099 5094611 5094220 5093732 5093244 5092755 5092365 5091876 5091388 5090802 5090314 5089826
 5089337 5088751 5088263 5087677 5087091 5086505 5085919 5085431 5084748 5084162 5111408 5111310 5111212
 5111017 5110822 5110724 5110529 5110334 5110138 5109943 5109748 5109455 5109259 5109064 5108771 5108478
 5108283 5107990 5107697 5107404 5107111 5106818 5106525 5106232 5105841 5105548 5105158 5104865 5104474
 5104084 5103693 5103302 5102912 5102521 5102130 5101740 5101251 5100861 5100373 5099982 5099494 5099005
 5098517 5098029 5097541 5097052 5096564 5096076 5095490 5095001 5094416 5093927 5093341 5092755 5092169
 5091584 5090998 5090412 5117658 5117560 5117462 5117267 5117072 5116974 5116779 5116584 5116388 5116193
 5115998 5115705 5115509 5115314 5115021 5114728 5114533 5114240 5113947 5113654 5113361 5113068 5112775
 5112482 5112091 5111798 5111408 5111115 5110724 5110334 5109943 5109552 5109162 5108771 5108380 5107990
 5107501 5107111 5106623 5106232 5105744 5105255 5104767 5104279 5103791 5103302 5102814 5102228 5101740
 5101251 5100666 5100080 5099591 5099005 5098419 5097834 5097248 5096662 5123908 5123810 5123712 5123517
 5123322 5123224 5123029 5122834 5122638 5122443 5122248 5121955 5121759 5121466 5121271 5120978 5120783
 5120490 5120197 5119904 5119611 5119318 5119025 5118634 5118341 5118048 5117658 5117267 5116974 5116584
 5116193 5115802 5115412 5115021 5114630 5114142 5113751 5113361 5112873 5112384 5111994 5111505 5111017
 5110529 5110041 5109552 5109064 5108478 5107990 5107404 5106916 5106330 5105744 5105255 5104669 5104084
 5103498 5102814 5130158 5130060 5129962 5129767 5129572 5129474 5129279 5129084 5128888 5128693 5128400
 5128205 5128009 5127716 5127521 5127228 5127033 5126740 5126447 5126154 5125861 5125568 5125275 5124884
 5124591 5124298 5123908 5123517 5123224 5122834 5122443 5122052 5121662 5121271 5120880 5120392 5120001
 5119513 5119123 5118634 5118146 5117755 5117267 5116779 5116291 5115802 5115216 5114728 5114240 5113654
 5113166 5112580 5111994 5111408 5110822 5110236 5109650 5109064 5136408 5136310 5136212 5136017 5135822
 5135724 5135529 5135334 5135138 5134943 5134650 5134455 5134259 5133966 5133771 5133478 5133283 5132990
 5132697 5132404 5132111 5131818 5131525 5131134 5130841 5130451 5130158 5129767 5129474 5129084 5128693
 5128302 5127912 5127521 5127033 5126642 5126251 5125763 5125373 5124884 5124396 5123908 5123517 5123029
 5122541 5121955 5121466 5120978 5120392 5119904 5119318 5118830 5118244 5117658 5117072 5116486 5115900
 5115314 5142658 5142560 5142365 5142267 5142072 5141876 5141779 5141584 5141388 5141193 5140900 5140705
 5140509 5140216 5140021 5139728 5139435 5139240 5138947 5138654 5138361 5138068 5137775 5137384 5137091
 5136701 5136408 5136017 5135626 5135334 5134943 5134552 5134162 5133771 5133283 5132892 5132501 5132013
 5131623 5131134 5130646 5130158 5129669 5129181 5128693 5128205 5127716 5127228 5126642 5126154 5125568
 5124982 5124494 5123908 5123322 5122736 5122150 5121564 5148908 5148810 5148615 5148517 5148322 5148126
 5148029 5147834 5147638 5147443 5147150 5146955 5146759 5146466 5146271 5145978 5145685 5145490 5145197
 5144904 5144611 5144318 5143927 5143634 5143341 5142951 5142658 5142267 5141876 5141584 5141193 5140802
 5140412 5139923 5139533 5139142 5138654 5138263 5137775 5137384 5136896 5136408 5135919 5135431 5134943
 5134455 5133966 5133380 5132892 5132306 5131818 5131232 5130646 5130060 5129572 5128986 5128302 5127716
 5155158 5155060 5154865 5154767 5154572 5154376 5154279 5154084 5153888 5153693 5153400 5153205 5153009
 5152716 5152521 5152228 5151935 5151740 5151447 5151154 5150861 5150568 5150177 5149884 5149591 5149201
 5148908 5148517 5148126 5147736 5147443 5147052 5146564 5146173 5145783 5145392 5144904 5144513 5144025
 5143634 5143146 5142658 5142169 5141681 5141193 5140705 5140119 5139630 5139142 5138556 5138068 5137482
 5136896 5136310 5135724 5135138 5134552 5133966 5161408 5161310 5161115 5161017 5160822 5160626 5160529
 5160334 5160138 5159845 5159650 5159455 5159259 5158966 5158771 5158478 5158185 5157990 5157697 5157404
 5157111 5156720 5156427 5156134 5155841 5155451 5155158 5154767 5154376 5153986 5153595 5153205 5152814
 5152423 5152033 5151642 5151154 5150763 5150275 5149787 5149396 5148908 5148419 5147931 5147443 5146955
 5146369 5145880 5145294 5144806 5144220 5143732 5143146 5142560 5141974 5141388 5140802 5140216 5167658
 5167560 5167365 5167267 5167072 5166876 5166779 5166584 5166388 5166095 5165900 5165705 5165509 5165216
 5165021 5164728 5164435 5164142 5163947 5163654 5163361 5162970 5162677 5162384 5161994 5161701 5161310
 5161017 5160626 5160236 5159845 5159455 5159064 5158673 5158283 5157794 5157404 5156916 5156525 5156037
 5155548 5155158 5154669 5154181 5153595 5153107 5152619 5152130 5151544 5151056 5150470 5149884 5149396
 5148810 5148224 5147638 5147052 5146369 5173908 5173810 5173615 5173517 5173322 5173126 5172931 5172834
 5172638 5172345 5172150 5171955 5171759 5171466 5171271 5170978 5170685 5170392 5170197 5169904 5169513
 5169220 5168927 5168634 5168244 5167951 5167560 5167267 5166876 5166486 5166095 5165705 5165314 5164923
 5164533 5164044 5163654 5163166 5162775 5162287 5161798 5161310 5160822 5160334 5159845 5159357 5158869
 5158283 5157794 5157209 5156720 5156134 5155548 5154962 5154376 5153791 5153205 5152619 5180158 5180060
 5179865 5179767 5179572 5179376 5179181 5179084 5178791 5178595 5178400 5178205 5178009 5177716 5177423
 5177228 5176935 5176642 5176349 5176056 5175763 5175470 5175177 5174884 5174494 5174201 5173810 5173517
 5173126 5172736 5172345 5171955 5171564 5171173 5170685 5170294 5169904 5169416 5169025 5168537 5168048
 5167560 5167072 5166584 5166095 5165607 5165119 5164533 5164044 5163459 5162970 5162384 5161798 5161212
 5160626 5160041 5159455 5158869 5186408 5186310 5186115 5186017 5185822 5185626 5185431 5185236 5185041
 5184845 5184650 5184455 5184162 5183966 5183673 5183478 5183185 5182892 5182599 5182306 5182013 5181720
 5181427 5181134 5180744 5180451 5180060 5179669 5179376 5178986 5178595 5178205 5177814 5177423 5176935
 5176544 5176154 5175666 5175177 5174787 5174298 5173810 5173322 5172834 5172345 5171857 5171271 5170783
 5170197 5169709 5169123 5168634 5168048 5167462 5166876 5166291 5165705 5165021 5192658 5192560 5192365
 5192267 5192072 5191876 5191681 5191486 5191291 5191095 5190900 5190705 5190412 5190216 5189923 5189728
 5189435 5189142 5188849 5188556 5188263 5187970 5187677 5187384 5186994 5186701 5186310 5185919 5185626
 5185236 5184845 5184455 5184064 5183576 5183185 5182794 5182306 5181916 5181427 5180939 5180548 5180060
 5179572 5179084 5178595 5178009 5177521 5177033 5176447 5175959 5175373 5174787 5174201 5173712 5173126
 5172443 5171857 5171271 5198908 5198810 5198615 5198517 5198322 5198126 5197931 5197736 5197541 5197345
 5197150 5196955 5196662 5196466 5196173 5195978 5195685 5195392 5195099 5194806 5194513 5194220 5193927
 5193537 5193244 5192853 5192560 5192169 5191779 5191486 5191095 5190705 5190314 5189826 5189435 5189044
 5188556 5188166 5187677 5187189 5186798 5186310 5185822 5185334 5184748 5184259 5183771 5183185 5182697
 5182111 5181623 5181037 5180451 5179865 5179279 5178693 5178107 5177521 5205158 5205060 5204865 5204767
 5204572 5204376 5204181 5203986 5203791 5203595 5203400 5203205 5202912 5202716 5202423 5202228 5201935
 5201642 5201349 5201056 5200763 5200470 5200177 5199787 5199494 5199103 5198810 5198419 5198029 5197638
 5197345 5196857 5196466 5196076 5195685 5195294 5194806 5194318 5193927 5193439 5192951 5192462 5191974
 5191486 5190998 5190509 5190021 5189435 5188947 5188361 5187873 5187287 5186701 5186115 5185529 5184943
 5184357 5183673 5211408 5211310 5211115 5211017 5210822 5210626 5210431 5210236 5210041 5209845 5209650
 5209455 5209162 5208966 5208673 5208478 5208185 5207892 5207599 5207306 5207013 5206720 5206427 5206037
 5205744 5205353 5205060 5204669 5204279 5203888 5203498 5203107 5202716 5202326 5201935 5201447 5201056
 5200568 5200177 5199689 5199201 5198712 5198224 5197736 5197248 5196759 5196173 5195685 5195197 5194611
 5194025 5193537 5192951 5192365 5191779 5191193 5190509 5189923 5217658 5217560 5217365 5217267 5217072
 5216876 5216681 5216486 5216291 5216095 5215900 5215705 5215412 5215216 5214923 5214728 5214435 5214142
 5213849 5213556 5213263 5212970 5212677 5212287 5211994 5211603 5211310 5210919 5210529 5210138 5209748
 5209357 5208966 5208576 5208185 5207697 5207306 5206818 5206427 5205939 5205451 5204962 5204474 5203986
 5203498 5203009 5202423 5201935 5201349 5200861 5200275 5199689 5199103 5198517 5197931 5197345 5196759
 5196173 5223908 5223810 5223615 5223517 5223322 5223126 5222931 5222736 5222541 5222345 5222150 5221955
 5221662 5221466 5221173 5220880 5220685 5220392 5220099 5219806 5219513 5219220 5218830 5218537 5218244
 5217853 5217462 5217169 5216779 5216388 5215998 5215607 5215216 5214826 5214337 5213947 5213556 5213068
 5212580 5212189 5211701 5211212 5210724 5210236 5209748 5209162 5208673 5208185 5207599 5207013 5206525
 5205939 5205353 5204767 5204181 5203595 5203009 5202423 5230158 5230060 5229865 5229767 5229572 5229376
 5229181 5228986 5228791 5228595 5228400 5228205 5227912 5227716 5227423 5227130 5226935 5226642 5226349
 5226056 5225763 5225470 5225080 5224787 5224494 5224103 5223712 5223419 5223029 5222638 5222248 5221857
 5221466 5221076 5220587 5220197 5219709 5219318 5218830 5218341 5217951 5217462 5216974 5216486 5215900
 5215412 5214923 5214337 5213849 5213263 5212677 5212189 5211603 5211017 5210431 5209845 5209259 5208576
 5236408 5236310 5236115 5236017 5235822 5235626 5235431 5235236 5235041 5234845 5234650 5234357 5234162
 5233966 5233673 5233380 5233185 5232892 5232599 5232306 5232013 5231720 5231330 5231037 5230646 5230353
 5229962 5229669 5229279 5228888 5228498 5228107 5227716 5227228 5226837 5226447 5225959 5225568 5225080
 5224591 5224103 5223615 5223126 5222638 5222150 5221662 5221173 5220587 5220099 5219513 5218927 5218341
 5217853 5217267 5216681 5215998 5215412 5214826 5242658 5242560 5242365 5242267 5242072 5241876 5241681
 5241486 5241291 5241095 5240900 5240607 5240412 5240216 5239923 5239630 5239435 5239142 5238849 5238556
 5238263 5237873 5237580 5237287 5236896 5236603 5236212 5235822 5235529 5235138 5234748 5234357 5233966
 5233478 5233087 5232697 5232209 5231720 5231330 5230841 5230353 5229865 5229376 5228888 5228400 5227912
 5227326 5226837 5226251 5225763 5225177 5224591 5224005 5223419 5222834 5222248 5221662 5221076
 0000000000 115
 1150295 1159670 1169045 1178420 1187795 1197170 1206545 1215920 1225295 1234670 1244240 1253615 1262990
 1272365 1281740 1291115 1300490 1309865 1319240 1328615 1337990 1347365 1356740 1366115 1375490 1384865
 1394240 1403615 1412990 1422365 1431545 1440920 1450295 1459670 1469045 1478420 1487795 1497170 1506545
 1515920 1525099 1534474 1543849 1553224 1562599 1571974 1581154 1590529 1599904 1609279 1618654 1627834
 1637209 1646584 1655959 1665138 1674513 1683888 1150490 1159865 1169240 1178615 1187990 1197560 1206935
 1216310 1225685 1235060 1244435 1253810 1263185 1272560 1282130 1291505 1300880 1310255 1319630 1329005
 1338380 1347755 1357130 1366505 1375880 1385255 1394630 1404005 1413380 1422755 1432130 1441505 1450880
 1460255 1469630 1479005 1488380 1497755 1507130 1516505 1525880 1535255 1544630 1554005 1563185 1572560
 1581935 1591310 1600685 1610060 1619435 1628615 1637990 1647365 1656740 1666115 1675295 1684670 1150685
 1160060 1169435 1178810 1188380 1197755 1207130 1216505 1225880 1235451 1244826 1254201 1263576 1272951
 1282326 1291701 1301271 1310646 1320021 1329396 1338771 1348146 1357521 1366896 1376466 1385841 1395216
 1404591 1413966 1423341 1432716 1442091 1451466 1460841 1470216 1479591 1488966 1498341 1507716 1517091
 1526466 1535841 1545216 1554591 1563966 1573341 1582716 1592091 1601466 1610841 1620216 1629396 1638771
 1648146 1657521 1666896 1676271 1685646 1150880 1160255 1169630 1179201 1188576 1197951 1207326 1216896
 1226271 1235646 1245021 1254396 1263966 1273341 1282716 1292091 1301662 1311037 1320412 1329787 1339162
 1348537 1358107 1367482 1376857 1386232 1395607 1404982 1414552 1423927 1433302 1442677 1452052 1461427
 1470802 1480177 1489552 1498927 1508302 1517873 1527248 1536623 1545998 1555373 1564748 1574123 1583498
 1592873 1602248 1611623 1620998 1630177 1639552 1648927 1658302 1667677 1677052 1686427 1151076 1160451
 1169826 1179396 1188771 1198146 1207716 1217091 1226466 1236037 1245412 1254787 1264162 1273732 1283107
 1292482 1301857 1311427 1320802 1330177 1339552 1349123 1358498 1367873 1377248 1386818 1396193 1405568
 1414943 1424318 1433888 1443263 1452638 1462013 1471388 1480763 1490334 1499709 1509084 1518459 1527834
 1537209 1546584 1555959 1565334 1574709 1584084 1593459 1603029 1612404 1621779 1631154 1640529 1649904
 1659084 1668459 1677834 1687209 1151271 1160646 1170216 1179591 1188966 1198537 1207912 1217287 1226857
 1236232 1245607 1255177 1264552 1273927 1283498 1292873 1302248 1311818 1321193 1330568 1340138 1349513
 1358888 1368459 1377834 1387209 1396584 1406154 1415529 1424904 1434279 1443849 1453224 1462599 1471974
 1481349 1490920 1500295 1509670 1519045 1528420 1537990 1547365 1556740 1566115 1575490 1584865 1594240
 1603615 1612990 1622560 1631935 1641310 1650685 1660060 1669435 1678810 1688185 1151466 1160841 1170412
 1179787 1189357 1198732 1208107 1217677 1227052 1236623 1245998 1255373 1264943 1274318 1283888 1293263
 1302638 1312209 1321584 1331154 1340529 1349904 1359474 1368849 1378224 1387795 1397170 1406545 1416115
 1425490 1434865 1444240 1453810 1463185 1472560 1482130 1491505 1500880 1510255 1519826 1529201 1538576
 1547951 1557326 1566896 1576271 1585646 1595021 1604396 1613771 1623341 1632716 1642091 1651466 1660841
 1670216 1679591 1688966 1151662 1161037 1170607 1179982 1189552 1198927 1208498 1217873 1227443 1236818
 1246388 1255763 1265334 1274709 1284084 1293654 1303029 1312599 1321974 1331545 1340920 1350490 1359865
 1369240 1378810 1388185 1397755 1407130 1416505 1426076 1435451 1444826 1454396 1463771 1473146 1482716
 1492091 1501466 1511037 1520412 1529787 1539357 1548732 1558107 1567482 1577052 1586427 1595802 1605177
 1614552 1624123 1633498 1642873 1652248 1661623 1670998 1680568 1689943 1151857 1161232 1170802 1180177
 1189748 1199318 1208693 1218263 1227638 1237209 1246584 1256154 1265529 1275099 1284474 1294045 1303420
 1312990 1322365 1331935 1341310 1350880 1360255 1369826 1379201 1388771 1398146 1407716 1417091 1426466
 1436037 1445412 1454982 1464357 1473732 1483302 1492677 1502248 1511623 1520998 1530568 1539943 1549318
 1558888 1568263 1577638 1587209 1596584 1605959 1615334 1624904 1634279 1643654 1653029 1662599 1671974
 1681349 1690724 1152052 1161427 1170998 1180568 1189943 1199513 1208888 1218459 1228029 1237404 1246974
 1256349 1265920 1275490 1284865 1294435 1303810 1313380 1322755 1332326 1341896 1351271 1360841 1370216
 1379787 1389162 1398732 1408107 1417677 1427052 1436623 1445998 1455568 1464943 1474513 1483888 1493263
 1502834 1512209 1521779 1531154 1540529 1550099 1559474 1569045 1578420 1587795 1597365 1606740 1616115
 1625685 1635060 1644435 1654005 1663380 1672755 1682130 1691701 1152248 1161623 1171193 1180763 1190138
 1199709 1209279 1218654 1228224 1237795 1247170 1256740 1266310 1275685 1285255 1294826 1304201 1313771
 1323341 1332716 1342287 1351662 1361232 1370802 1380177 1389748 1399123 1408693 1418068 1427638 1437209
 1446584 1456154 1465529 1475099 1484474 1494045 1503420 1512990 1522365 1531935 1541310 1550685 1560255
 1569630 1579201 1588576 1598146 1607521 1616896 1626466 1635841 1645216 1654787 1664162 1673537 1683107
 1692482 1152443 1161818 1171388 1180959 1190529 1199904 1209474 1219045 1228615 1237990 1247560 1257130
 1266505 1276076 1285646 1295216 1304591 1314162 1323732 1333107 1342677 1352248 1361623 1371193 1380763
 1390138 1399709 1409279 1418654 1428224 1437599 1447170 1456740 1466115 1475685 1485060 1494630 1504005
 1513576 1522951 1532521 1542091 1551466 1561037 1570412 1579982 1589357 1598732 1608302 1617677 1627248
 1636623 1646193 1655568 1664943 1674513 1683888 1693459 1152638 1162209 1171584 1181154 1190724 1200295
 1209865 1219240 1228810 1238380 1247951 1257326 1266896 1276466 1286037 1295412 1304982 1314552 1324123
 1333498 1343068 1352638 1362209 1371584 1381154 1390724 1400099 1409670 1419240 1428810 1438185 1447755
 1457326 1466701 1476271 1485646 1495216 1504787 1514162 1523732 1533107 1542677 1552248 1561623 1571193
 1580568 1590138 1599513 1609084 1618459 1628029 1637404 1646974 1656349 1665920 1675295 1684865 1694240
 1152834 1162404 1171779 1181349 1190920 1200490 1210060 1219630 1229201 1238576 1248146 1257716 1267287
 1276857 1286427 1295802 1305373 1314943 1324513 1334084 1343459 1353029 1362599 1372170 1381740 1391115
 1400685 1410255 1419826 1429201 1438771 1448341 1457716 1467287 1476857 1486427 1495802 1505373 1514943
 1524318 1533888 1543459 1552834 1562404 1571779 1581349 1590920 1600295 1609865 1619240 1628810 1638185
 1647755 1657326 1666701 1676271 1685646 1695216 1153029 1162599 1172170 1181740 1191115 1200685 1210255
 1219826 1229396 1238966 1248537 1258107 1267677 1277248 1286623 1296193 1305763 1315334 1324904 1334474
 1344045 1353615 1362990 1372560 1382130 1391701 1401271 1410841 1420216 1429787 1439357 1448927 1458302
 1467873 1477443 1487013 1496584 1505959 1515529 1525099 1534474 1544045 1553615 1562990 1572560 1582130
 1591505 1601076 1610646 1620021 1629591 1639162 1648537 1658107 1667482 1677052 1686623 1695998 1153224
 1162795 1172365 1181935 1191505 1201076 1210646 1220216 1229787 1239357 1248927 1258302 1267873 1277443
 1287013 1296584 1306154 1315724 1325295 1334865 1344435 1354005 1363576 1373146 1382716 1392091 1401662
 1411232 1420802 1430373 1439943 1449513 1458888 1468459 1478029 1487599 1497170 1506740 1516115 1525685
 1535255 1544826 1554201 1563771 1573341 1582912 1592287 1601857 1611427 1620802 1630373 1639943 1649318
 1658888 1668459 1677834 1687404 1696974 1153420 1162990 1172560 1182130 1191701 1201271 1210841 1220412
 1229982 1239552 1249123 1258693 1268263 1277834 1287404 1296974 1306545 1316115 1325685 1335255 1344826
 1354396 1363966 1373537 1383107 1392677 1402248 1411818 1421388 1430959 1440529 1450099 1459474 1469045
 1478615 1488185 1497755 1507326 1516896 1526466 1535841 1545412 1554982 1564552 1574123 1583498 1593068
 1602638 1612209 1621779 1631154 1640724 1650295 1659670 1669240 1678810 1688185 1697755 1153615 1163185
 1172755 1182326 1191896 1201466 1211037 1220802 1230373 1239943 1249513 1259084 1268654 1278224 1287795
 1297365 1306935 1316505 1326076 1335646 1345216 1354982 1364552 1374123 1383693 1393263 1402834 1412404
 1421974 1431545 1441115 1450685 1460060 1469630 1479201 1488771 1498341 1507912 1517482 1527052 1536623
 1546193 1555763 1565334 1574709 1584279 1593849 1603420 1612990 1622560 1631935 1641505 1651076 1660646
 1670021 1679591 1689162 1698732 1153810 1163380 1172951 1182521 1192091 1201857 1211427 1220998 1230568
 1240138 1249709 1259474 1269045 1278615 1288185 1297755 1307326 1316896 1326662 1336232 1345802 1355373
 1364943 1374513 1384084 1393654 1403224 1412795 1422365 1431935 1441505 1451076 1460841 1470412 1479982
 1489552 1499123 1508693 1518068 1527638 1537209 1546779 1556349 1565920 1575490 1585060 1594630 1604201
 1613771 1623341 1632912 1642287 1651857 1661427 1670998 1680568 1689943 1699513 1154005 1163576 1173146
 1182716 1192482 1202052 1211623 1221193 1230959 1240529 1250099 1259670 1269435 1279005 1288576 1298146
 1307716 1317287 1327052 1336623 1346193 1355763 1365334 1374904 1384670 1394240 1403810 1413380 1422951
 1432521 1442091 1451662 1461427 1470998 1480568 1490138 1499709 1509279 1518849 1528420 1537990 1547560
 1557130 1566701 1576271 1585841 1595412 1604982 1614552 1624123 1633693 1643263 1652638 1662209 1671779
 1681349 1690920 1700490 1154201 1163771 1173341 1183107 1192677 1202248 1212013 1221584 1231154 1240724
 1250490 1260060 1269630 1279396 1288966 1298537 1308107 1317873 1327443 1337013 1346584 1356349 1365920
 1375490 1385060 1394630 1404396 1413966 1423537 1433107 1442677 1452248 1462013 1471584 1481154 1490724
 1500295 1509865 1519435 1529005 1538576 1548341 1557912 1567482 1577052 1586623 1596193 1605763 1615334
 1624904 1634474 1644045 1653615 1663185 1672755 1682326 1691896 1701271 1154396 1163966 1173732 1183302
 1192873 1202638 1212209 1221779 1231545 1241115 1250685 1260451 1270021 1279591 1289357 1298927 1308498
 1318263 1327834 1337404 1347170 1356740 1366310 1375880 1385646 1395216 1404787 1414357 1424123 1433693
 1443263 1452834 1462599 1472170 1481740 1491310 1500880 1510646 1520216 1529787 1539357 1548927 1558498
 1568068 1577834 1587404 1596974 1606545 1616115 1625685 1635255 1644826 1654396 1663966 1673537 1683107
 1692677 1702248 1154591 1164162 1173927 1183498 1193263 1202834 1212404 1222170 1231740 1241505 1251076
 1260646 1270412 1279982 1289748 1299318 1308888 1318654 1328224 1337990 1347560 1357130 1366896 1376466
 1386037 1395802 1405373 1414943 1424709 1434279 1443849 1453420 1463185 1472755 1482326 1491896 1501662
 1511232 1520802 1530373 1540138 1549709 1559279 1568849 1578420 1587990 1597755 1607326 1616896 1626466
 1636037 1645607 1655177 1664748 1674318 1684084 1693654 1703224 1154787 1164357 1174123 1183693 1193459
 1203029 1212795 1222365 1232130 1241701 1251466 1261037 1270802 1280373 1290138 1299709 1309279 1319045
 1328615 1338380 1347951 1357716 1367287 1376857 1386623 1396193 1405959 1415529 1425099 1434865 1444435
 1454005 1463771 1473341 1482912 1492677 1502248 1511818 1521584 1531154 1540724 1550295 1560060 1569630
 1579201 1588771 1598537 1608107 1617677 1627248 1636818 1646584 1656154 1665724 1675295 1684865 1694435
 1704005 1154982 1164552 1174318 1184084 1193654 1203420 1212990 1222755 1232326 1242091 1251662 1261427
 1270998 1280763 1290334 1300099 1309670 1319435 1329005 1338771 1348341 1358107 1367677 1377443 1387013
 1396779 1406349 1416115 1425685 1435451 1445021 1454591 1464357 1473927 1483693 1493263 1502834 1512599
 1522170 1531740 1541505 1551076 1560646 1570412 1579982 1589552 1599318 1608888 1618459 1628029 1637795
 1647365 1656935 1666505 1676076 1685841 1695412 1704982 1155177 1164943 1174513 1184279 1193849 1203615
 1213380 1222951 1232716 1242287 1252052 1261818 1271388 1281154 1290724 1300490 1310255 1319826 1329591
 1339162 1348927 1358498 1368263 1377834 1387599 1397170 1406935 1416505 1426271 1435841 1445607 1455177
 1464943 1474513 1484279 1493849 1503615 1513185 1522755 1532521 1542091 1551857 1561427 1570998 1580763
 1590334 1599904 1609670 1619240 1628810 1638576 1648146 1657716 1667482 1677052 1686623 1696193 1705959
 1155373 1165138 1174709 1184474 1194240 1203810 1213576 1223341 1232912 1242677 1252443 1262013 1271779
 1281545 1291115 1300880 1310646 1320216 1329982 1339552 1349318 1359084 1368654 1378420 1387990 1397755
 1407521 1417091 1426857 1436427 1446193 1455763 1465529 1475099 1484865 1494435 1504201 1513771 1523537
 1533107 1542873 1552443 1562209 1571779 1581545 1591115 1600685 1610451 1620021 1629787 1639357 1648927
 1658693 1668263 1677834 1687599 1697170 1706740 1155568 1165334 1174904 1184670 1194435 1204201 1213771
 1223537 1233302 1243068 1252638 1262404 1272170 1281935 1291505 1301271 1311037 1320607 1330373 1340138
 1349709 1359474 1369240 1378810 1388576 1398341 1407912 1417677 1427443 1437013 1446779 1456349 1466115
 1475880 1485451 1495216 1504787 1514552 1524123 1533888 1543459 1553224 1562990 1572560 1582130 1591896
 1601466 1611232 1620802 1630568 1640138 1649904 1659474 1669045 1678810 1688380 1698146 1707716 1155763
 1165529 1175295 1184865 1194630 1204396 1214162 1223927 1233498 1243263 1253029 1262795 1272560 1282130
 1291896 1301662 1311427 1320998 1330763 1340529 1350295 1359865 1369630 1379396 1389162 1398732 1408498
 1418263 1427834 1437599 1447365 1456935 1466701 1476466 1486037 1495802 1505568 1515138 1524904 1534474
 1544240 1554005 1563576 1573341 1582912 1592677 1602248 1612013 1621584 1631349 1640920 1650685 1660255
 1670021 1679591 1689357 1698927 1708693 1155959 1165724 1175490 1185255 1195021 1204591 1214357 1224123
 1233888 1243654 1253420 1263185 1272755 1282521 1292287 1302052 1311818 1321584 1331154 1340920 1350685
 1360451 1370216 1379787 1389552 1399318 1409084 1418849 1428420 1438185 1447951 1457716 1467287 1477052
 1486818 1496388 1506154 1515920 1525490 1535255 1545021 1554591 1564357 1574123 1583693 1593459 1603029
 1612795 1622560 1632130 1641896 1651466 1661232 1670802 1680568 1690138 1699904 1709474 1156154 1165920
 1175685 1185451 1195216 1204982 1214748 1224513 1234279 1244045 1253615 1263380 1273146 1282912 1292677
 1302443 1312209 1321974 1331740 1341505 1351076 1360841 1370607 1380373 1390138 1399904 1409670 1419240
 1429005 1438771 1448537 1458302 1467873 1477638 1487404 1497170 1506740 1516505 1526271 1536037 1545607
 1555373 1565138 1574709 1584474 1594240 1603810 1613576 1623341 1632912 1642677 1652443 1662013 1671779
 1681349 1691115 1700685 1710451 1156349 1166115 1175880 1185646 1195412 1205177 1214943 1224709 1234474
 1244240 1254005 1263771 1273537 1283302 1293068 1302834 1312599 1322365 1332130 1341896 1351662 1361427
 1371193 1380959 1390529 1400295 1410060 1419826 1429591 1439357 1449123 1458888 1468459 1478224 1487990
 1497755 1507521 1517287 1526857 1536623 1546388 1556154 1565920 1575490 1585255 1595021 1604591 1614357
 1624123 1633888 1643459 1653224 1662990 1672560 1682326 1691896 1701662 1711427 1156545 1166310 1176076
 1185841 1195607 1205568 1215334 1225099 1234865 1244630 1254396 1264162 1273927 1283693 1293459 1303224
 1312990 1322755 1332521 1342287 1352052 1361818 1371584 1381349 1391115 1400880 1410646 1420412 1430177
 1439943 1449709 1459474 1469240 1479005 1488576 1498341 1508107 1517873 1527638 1537404 1547170 1556740
 1566505 1576271 1586037 1595802 1605373 1615138 1624904 1634670 1644435 1654005 1663771 1673537 1683107
 1692873 1702638 1712209 1156740 1166505 1176271 1186232 1195998 1205763 1215529 1225295 1235060 1244826
 1254787 1264552 1274318 1284084 1293849 1303615 1313380 1323146 1332912 1342677 1352443 1362404 1372170
 1381935 1391701 1401466 1411232 1420998 1430763 1440529 1450295 1460060 1469826 1479591 1489357 1499123
 1508888 1518654 1528224 1537990 1547755 1557521 1567287 1577052 1586818 1596584 1606349 1615920 1625685
 1635451 1645216 1654982 1664552 1674318 1684084 1693849 1703420 1713185 1156935 1166701 1176662 1186427
 1196193 1205959 1215920 1225685 1235451 1245216 1254982 1264748 1274709 1284474 1294240 1304005 1313771
 1323537 1333498 1343263 1353029 1362795 1372560 1382326 1392091 1401857 1411623 1421584 1431349 1441115
 1450880 1460646 1470412 1480177 1489943 1499709 1509474 1519240 1529005 1538771 1548537 1558302 1568068
 1577834 1587599 1597365 1607130 1616701 1626466 1636232 1645998 1655763 1665529 1675295 1685060 1694630
 1704396 1714162 1157130 1167091 1176857 1186623 1196388 1206349 1216115 1225880 1235646 1245607 1255373
 1265138 1274904 1284865 1294630 1304396 1314162 1324123 1333888 1343654 1353420 1363185 1373146 1382912
 1392677 1402443 1412209 1421974 1431935 1441701 1451466 1461232 1470998 1480763 1490529 1500295 1510060
 1519826 1529787 1539552 1549318 1559084 1568849 1578615 1588380 1598146 1607912 1617677 1627443 1637209
 1646779 1656545 1666310 1676076 1685841 1695607 1705373 1715138 1157326 1167287 1177052 1186818 1196779
 1206545 1216310 1226271 1236037 1245802 1255763 1265529 1275295 1285255 1295021 1304787 1314552 1324513
 1334279 1344045 1354005 1363771 1373537 1383302 1393263 1403029 1412795 1422560 1432326 1442287 1452052
 1461818 1471584 1481349 1491310 1501076 1510841 1520607 1530373 1540138 1549904 1559670 1569435 1579396
 1589162 1598927 1608693 1618459 1628224 1637990 1647755 1657521 1667287 1677052 1686818 1696584 1706349
 1715920 1157521 1167482 1177248 1187209 1196974 1206740 1216701 1226466 1236427 1246193 1255959 1265920
 1275685 1285646 1295412 1305177 1315138 1324904 1334670 1344630 1354396 1364162 1374123 1383888 1393654
 1403615 1413380 1423146 1432912 1442873 1452638 1462404 1472170 1482130 1491896 1501662 1511427 1521193
 1531154 1540920 1550685 1560451 1570216 1579982 1589943 1599709 1609474 1619240 1629005 1638771 1648537
 1658302 1668068 1677834 1687599 1697365 1707130 1716896 1157716 1167677 1177443 1187404 1197170 1207130
 1216896 1226857 1236623 1246584 1256349 1266310 1276076 1285841 1295802 1305568 1315529 1325295 1335255
 1345021 1354787 1364748 1374513 1384279 1394240 1404005 1413966 1423732 1433498 1443459 1453224 1462990
 1472951 1482716 1492482 1502248 1512209 1521974 1531740 1541505 1551466 1561232 1570998 1580763 1590724
 1600490 1610255 1620021 1629787 1639552 1649318 1659279 1669045 1678810 1688576 1698341 1708107 1717873
 1158107 1167873 1177834 1187599 1197560 1207326 1217287 1227052 1237013 1246779 1256740 1266505 1276466
 1286232 1296193 1305959 1315920 1325685 1335646 1345412 1355373 1365138 1375099 1384865 1394826 1404591
 1414357 1424318 1434084 1444045 1453810 1463576 1473537 1483302 1493068 1503029 1512795 1522560 1532521
 1542287 1552052 1562013 1571779 1581545 1591505 1601271 1611037 1620802 1630568 1640529 1650295 1660060
 1669826 1679591 1689552 1699318 1709084 1718849 1158302 1168068 1178029 1187795 1197755 1207716 1217482
 1227443 1237209 1247170 1257130 1266896 1276857 1286623 1296584 1306349 1316310 1326271 1336037 1345998
 1355763 1365724 1375490 1385451 1395216 1405177 1414943 1424904 1434670 1444630 1454396 1464162 1474123
 1483888 1493849 1503615 1513576 1523341 1533107 1543068 1552834 1562599 1572560 1582326 1592091 1602052
 1611818 1621584 1631545 1641310 1651076 1660841 1670802 1680568 1690334 1700099 1710060 1719826 1158498
 1168263 1178224 1188185 1197951 1207912 1217873 1227638 1237599 1247560 1257326 1267287 1277248 1287013
 1296974 1306935 1316701 1326662 1336427 1346388 1356349 1366115 1376076 1385841 1395802 1405568 1415529
 1425490 1435255 1445216 1454982 1464943 1474709 1484670 1494435 1504396 1514162 1524123 1533888 1543654
 1553615 1563380 1573341 1583107 1592873 1602834 1612599 1622560 1632326 1642091 1652052 1661818 1671584
 1681545 1691310 1701076 1710841 1720802 1158693 1168654 1178420 1188380 1198341 1208107 1218068 1228029
 1237990 1247755 1257716 1267677 1277638 1287404 1297365 1307326 1317091 1327052 1337013 1346779 1356740
 1366701 1376466 1386427 1396388 1406154 1416115 1425880 1435841 1445802 1455568 1465529 1475295 1485255
 1495021 1504982 1514943 1524709 1534670 1544435 1554396 1564162 1574123 1583888 1593654 1603615 1613380
 1623341 1633107 1643068 1652834 1662599 1672560 1682326 1692091 1702052 1711818 1721584 1158888 1168849
 1178615 1188576 1198537 1208498 1218459 1228224 1238185 1248146 1258107 1268068 1277834 1287795 1297755
 1307716 1317482 1327443 1337404 1347365 1357130 1367091 1377052 1387013 1396779 1406740 1416701 1426466
 1436427 1446388 1456154 1466115 1476076 1485841 1495802 1505568 1515529 1525490 1535255 1545216 1554982
 1564943 1574709 1584670 1594630 1604396 1614357 1624123 1633888 1643849 1653615 1663576 1673341 1683302
 1693068 1703029 1712795 1722560 1159084 1169045 1179005 1188966 1198732 1208693 1218654 1228615 1238576
 1248537 1258498 1268263 1278224 1288185 1298146 1308107 1318068 1327834 1337795 1347755 1357716 1367677
 1377443 1387404 1397365 1407326 1417091 1427052 1437013 1446974 1456740 1466701 1476662 1486427 1496388
 1506349 1516310 1526076 1536037 1545802 1555763 1565724 1575490 1585451 1595412 1605177 1615138 1624904
 1634865 1644630 1654591 1664357 1674318 1684084 1694045 1703810 1713771 1723537 1159279 1169240 1179201
 1189162 1199123 1209084 1219045 1229005 1238966 1248732 1258693 1268654 1278615 1288576 1298537 1308498
 1318459 1328420 1338380 1348146 1358107 1368068 1378029 1387990 1397951 1407716 1417677 1427638 1437599
 1447560 1457326 1467287 1477248 1487209 1497170 1506935 1516896 1526857 1536623 1546584 1556545 1566505
 1576271 1586232 1596193 1605959 1615920 1625685 1635646 1645607 1655373 1665334 1675099 1685060 1695021
 1704787 1714748 1724513 1159474 1169435 1179396 1189357 1199318 1209279 1219240 1229201 1239162 1249123
 1259084 1269045 1279005 1288966 1298927 1308888 1318849 1328810 1338771 1348732 1358693 1368654 1378615
 1388380 1398341 1408302 1418263 1428224 1438185 1448146 1458107 1467873 1477834 1487795 1497755 1507716
 1517677 1527443 1537404 1547365 1557326 1567091 1577052 1587013 1596974 1606740 1616701 1626662 1636427
 1646388 1656349 1666115 1676076 1686037 1695802 1705763 1715529 1725490 1159670 1169630 1179591 1189552
 1199709 1209670 1219630 1229591 1239552 1249513 1259474 1269435 1279396 1289357 1299318 1309279 1319240
 1329201 1339162 1349123 1359084 1369045 1379005 1388966 1398927 1408888 1418849 1428810 1438771 1448732
 1458693 1468654 1478615 1488380 1498341 1508302 1518263 1528224 1538185 1548146 1557912 1567873 1577834
 1587795 1597755 1607521 1617482 1627443 1637404 1647170 1657130 1667091 1677052 1686818 1696779 1706740
 1716505 1726466 1159865 1169826 1179982 1189943 1199904 1209865 1219826 1229787 1239748 1249904 1259865
 1269826 1279787 1289748 1299709 1309670 1319630 1329591 1339552 1349709 1359670 1369630 1379591 1389552
 1399513 1409474 1419435 1429396 1439357 1449318 1459279 1469240 1479201 1489162 1499123 1509084 1519045
 1529005 1538771 1548732 1558693 1568654 1578615 1588576 1598537 1608498 1618263 1628224 1638185 1648146
 1658107 1667873 1677834 1687795 1697755 1707521 1717482 1727443 1160060 1170216 1180177 1190138 1200099
 1210060 1220216 1230177 1240138 1250099 1260060 1270216 1280177 1290138 1300099 1310060 1320021 1330177
 1340138 1350099 1360060 1370021 1379982 1389943 1400099 1410060 1420021 1429982 1439943 1449904 1459865
 1469826 1479787 1489748 1499709 1509670 1519630 1529591 1539552 1549513 1559474 1569435 1579396 1589357
 1599318 1609279 1619240 1629201 1638966 1648927 1658888 1668849 1678810 1688771 1698537 1708498 1718459
 1728420 1160255 1170412 1180373 1190334 1200490 1210451 1220412 1230373 1240529 1250490 1260451 1270412
 1280568 1290529 1300490 1310451 1320607 1330568 1340529 1350490 1360646 1370607 1380568 1390529 1400490
 1410451 1420607 1430568 1440529 1450490 1460451 1470412 1480373 1490334 1500490 1510451 1520412 1530373
 1540334 1550295 1560255 1570216 1580177 1590138 1600099 1610060 1620021 1629982 1639943 1649904 1659865
 1669826 1679591 1689552 1699513 1709474 1719435 1729396 1160646 1170607 1180568 1190724 1200685 1210646
 1220802 1230763 1240724 1250880 1260841 1270802 1280959 1290920 1300880 1311037 1320998 1330959 1340920
 1351076 1361037 1370998 1381154 1391115 1401076 1411037 1420998 1431154 1441115 1451076 1461037 1470998
 1481154 1491115 1501076 1511037 1520998 1530959 1541115 1551076 1561037 1570998 1580959 1590920 1600880
 1610841 1620802 1630763 1640724 1650685 1660646 1670607 1680568 1690529 1700490 1710451 1720412 1730373
 1160841 1170802 1180959 1190920 1200880 1211037 1220998 1231154 1241115 1251076 1261232 1271193 1281349
 1291310 1301271 1311427 1321388 1331349 1341505 1351466 1361427 1371584 1381545 1391505 1401662 1411623
 1421584 1431740 1441701 1451662 1461623 1471779 1481740 1491701 1501662 1511818 1521779 1531740 1541701
 1551662 1561818 1571779 1581740 1591701 1601662 1611623 1621584 1631545 1641701 1651662 1661623 1671584
 1681545 1691505 1701466 1711427 1721388 1731349 1161037 1170998 1181154 1191115 1201271 1211232 1221388
 1231349 1241505 1251466 1261623 1271584 1281740 1291701 1301662 1311818 1321779 1331935 1341896 1352052
 1362013 1371974 1382130 1392091 1402248 1412209 1422170 1432326 1442287 1452248 1462404 1472365 1482326
 1492482 1502443 1512404 1522365 1532521 1542482 1552443 1562404 1572560 1582521 1592482 1602443 1612404
 1622560 1632521 1642482 1652443 1662404 1672365 1682326 1692287 1702443 1712404 1722365 1732326 1161232
 1171193 1181349 1191505 1201466 1211623 1221584 1231740 1241701 1251857 1261818 1271974 1281935 1292091
 1302248 1312209 1322365 1332326 1342482 1352443 1362404 1372560 1382521 1392677 1402638 1412795 1422755
 1432912 1442873 1452834 1462990 1472951 1483107 1493068 1503029 1513185 1523146 1533107 1543263 1553224
 1563185 1573341 1583302 1593263 1603224 1613380 1623341 1633302 1643263 1653420 1663380 1673341 1683302
 1693263 1703224 1713380 1723341 1733302 1161427 1171584 1181545 1191701 1201857 1211818 1221974 1231935
 1242091 1252248 1262209 1272365 1282326 1292482 1302638 1312599 1322755 1332716 1342873 1352834 1362990
 1373146 1383107 1393263 1403224 1413380 1423341 1433498 1443459 1453615 1463576 1473537 1483693 1493654
 1503810 1513771 1523927 1533888 1543849 1554005 1563966 1574123 1584084 1594045 1604201 1614162 1624123
 1634084 1644240 1654201 1664162 1674318 1684279 1694240 1704201 1714162 1724318 1734279 1161623 1171779
 1181935 1191896 1202052 1212209 1222170 1232326 1242482 1252443 1262599 1272755 1282716 1292873 1303029
 1312990 1323146 1333302 1343263 1353420 1363380 1373537 1383693 1393654 1403810 1413771 1423927 1434084
 1444045 1454201 1464162 1474318 1484279 1494435 1504396 1514552 1524513 1534670 1544630 1554787 1564748
 1574709 1584865 1594826 1604982 1614943 1624904 1635060 1645021 1655177 1665138 1675099 1685060 1695216
 1705177 1715138 1725295 1735255 1161818 1171974 1182130 1192287 1202248 1212404 1222560 1232716 1242677
 1252834 1262990 1273146 1283107 1293263 1303420 1313576 1323537 1333693 1343849 1353810 1363966 1374123
 1384084 1394240 1404396 1414357 1424513 1434670 1444630 1454787 1464748 1474904 1485060 1495021 1505177
 1515138 1525295 1535255 1545412 1555373 1565529 1575490 1585646 1595607 1605763 1615724 1625880 1635841
 1645998 1655959 1665920 1676076 1686037 1696193 1706154 1716115 1726271 1736232 1162013 1172170 1182326
 1192482 1202638 1212795 1222755 1232912 1243068 1253224 1263380 1273537 1283498 1293654 1303810 1313966
 1323927 1334084 1344240 1354396 1364552 1374513 1384670 1394826 1404787 1414943 1425099 1435255 1445216
 1455373 1465529 1475490 1485646 1495802 1505763 1515920 1525880 1536037 1546193 1556154 1566310 1576271
 1586427 1596584 1606545 1616701 1626662 1636818 1646779 1656935 1666896 1676857 1687013 1696974 1707130
 1717091 1727248 1737209 1162404 1172365 1182521 1192677 1202834 1212990 1223146 1233302 1243459 1253615
 1263771 1273732 1283888 1294045 1304201 1314357 1324513 1334670 1344630 1354787 1364943 1375099 1385255
 1395216 1405373 1415529 1425685 1435841 1445802 1455959 1466115 1476271 1486232 1496388 1506545 1516505
 1526662 1536818 1546779 1556935 1567091 1577052 1587209 1597365 1607326 1617482 1627443 1637599 1647755
 1657716 1667873 1677834 1687990 1697951 1708107 1718068 1728224 1738185 1162599 1172755 1182912 1193068
 1203224 1213380 1223537 1233498 1243654 1253810 1263966 1274123 1284279 1294435 1304591 1314748 1324904
 1335060 1345216 1355373 1365529 1375490 1385646 1395802 1405959 1416115 1426271 1436427 1446388 1456545
 1466701 1476857 1487013 1496974 1507130 1517287 1527443 1537599 1547560 1557716 1567873 1577834 1587990
 1598146 1608107 1618263 1628420 1638380 1648537 1658693 1668654 1678810 1688771 1698927 1709084 1719045
 1729201 1739162 1162795 1172951 1183107 1193263 1203420 1213576 1223732 1233888 1244045 1254201 1264357
 1274513 1284670 1294826 1304982 1315138 1325295 1335451 1345607 1355763 1365920 1376076 1386232 1396388
 1406545 1416701 1426857 1437013 1447170 1457130 1467287 1477443 1487599 1497755 1507912 1518068 1528029
 1538185 1548341 1558498 1568654 1578615 1588771 1598927 1609084 1619045 1629201 1639357 1649513 1659474
 1669630 1679787 1689748 1699904 1709865 1720021 1730177 1740138 1162990 1173146 1183302 1193459 1203615
 1213966 1224123 1234279 1244435 1254591 1264748 1274904 1285060 1295216 1305373 1315529 1325685 1336037
 1346193 1356349 1366505 1376662 1386818 1396974 1407130 1417287 1427443 1437599 1447755 1457912 1468068
 1478224 1488185 1498341 1508498 1518654 1528810 1538966 1549123 1559279 1569435 1579396 1589552 1599709
 1609865 1620021 1630177 1640138 1650295 1660451 1670607 1680568 1690724 1700880 1710841 1720998 1731154
 1741115 1163185 1173341 1183498 1193849 1204005 1214162 1224318 1234474 1244826 1254982 1265138 1275295
 1285451 1295607 1305763 1316115 1326271 1336427 1346584 1356740 1366896 1377052 1387209 1397365 1407716
 1417873 1428029 1438185 1448341 1458498 1468654 1478810 1488966 1499123 1509279 1519435 1529591 1539748
 1549904 1560060 1570216 1580177 1590334 1600490 1610646 1620802 1630959 1641115 1651271 1661232 1671388
 1681545 1691701 1701857 1711818 1721974 1732130 1742287 1163380 1173537 1183888 1194045 1204201 1214552
 1224709 1234865 1245021 1255373 1265529 1275685 1285841 1295998 1306349 1316505 1326662 1336818 1346974
 1357326 1367482 1377638 1387795 1397951 1408107 1418459 1428615 1438771 1448927 1459084 1469240 1479396
 1489552 1499709 1509865 1520021 1530373 1540529 1550685 1560841 1570998 1581154 1591310 1601271 1611427
 1621584 1631740 1641896 1652052 1662209 1672365 1682521 1692677 1702638 1712795 1722951 1733107 1743263
 1163576 1173927 1184084 1194240 1204591 1214748 1224904 1235255 1245412 1255568 1265920 1276076 1286232
 1296388 1306740 1316896 1327052 1337404 1347560 1357716 1367873 1378224 1388380 1398537 1408693 1418849
 1429201 1439357 1449513 1459670 1469826 1480177 1490334 1500490 1510646 1520802 1530959 1541115 1551271
 1561427 1571779 1581935 1592091 1602248 1612404 1622560 1632716 1642873 1653029 1663185 1673341 1683498
 1693459 1703615 1713771 1723927 1734084 1744240 1163771 1174123 1184279 1194630 1204787 1215138 1225295
 1235451 1245802 1255959 1266115 1276466 1286623 1296974 1307130 1317287 1327638 1337795 1347951 1358302
 1368459 1378615 1388966 1399123 1409279 1419435 1429787 1439943 1450099 1460255 1470607 1480763 1490920
 1501076 1511427 1521584 1531740 1541896 1552052 1562209 1572560 1582716 1592873 1603029 1613185 1623341
 1633498 1643654 1653810 1663966 1674123 1684279 1694435 1704591 1714748 1724904 1735060 1745216
 0000000000   8
     482     471     463     463     472     482     484     480     474     461     440     423     422
     428     429     422     404     380     359     361     391     424     429     408     388     371
     342     308     287     276     271     268     264     259     268     302     351     380     354
     294     263     277     285     273     289     342     379     394     422     439     382     268
     187     171     174     166     162     170     480     472     461     445     441     461     480
     473     459     461     464     456     448     447     449     455     457     425     362     328
     349     380     381     375     386     379     327     283     294     321     310     285     295
     339     387     433     497     567     574     482     369     339     366     358     310     284
     283     285     314     360     350     266     181     154     162     160     145     144     478
     475     474     451     428     441     480     495     482     473     475     474     464     452
     446     457     472     454     394     339     329     362     409     441     447     422     372
     347     405     490     484     405     384     457     535     583     652     749     785     698
     551     463     452     421     326     243     216     206     213     270     318     276     182
     131     141     159     143     121     476     476     484     473     446     434     452     476
     484     479     475     469     459     449     443     435     427     423     405     362     335
     376     464     520     515     486     458     467     557     674     678     569     513     575
     658     711     777     852     873     816     707     583     472     374     279     210     184
     172     166     200     249     247     194     150     144     162     152     112     462     466
     480     485     473     451     433     434     450     462     462     456     449     445     437
     411     383     384     397     384     367     399     474     545     577     559     526     555
     670     772     756     668     637     697     777     827     848     843     827     811     764
     653     498     355     257     208     198     200     195     186     189     204     214     200
     175     172     168     127     425     438     460     475     481     472     448     428     426
     431     428     425     427     422     408     389     376     378     390     395     388     396
     456     560     629     606     563     619     745     792     726     673     719     815     885
     897     845     765     724     725     710     648     549     427     320     269     261     259
     246     227     216     226     242     237     212     194     184     152     380     396     425
     451     465     470     463     447     430     414     400     390     387     385     379     371
     362     362     380     398     393     403     486     609     667     640     628     705     798
     787     688     647     737     870     925     876     779     694     650     628     606     583
     542     462     380     343     327     296     268     269     289     295     273     245     231
     218     191     161     359     367     386     411     433     447     452     444     430     420
     409     384     360     359     360     332     302     324     388     423     417     445     550
     675     738     741     743     770     793     764     686     639     703     826     865     784
     687     644     617     575     546     532     487     414     372     362     335     287     260
     270     300     315     290     249     233     223     189     159     391     379     366     372
     397     420     426     418     412     414     414     391     355     331     314     292     301
     378     466     487     466     497     609     748     847     873     838     786     749     718
     676     636     649     712     734     669     600     587     584     562     553     542     483
     411     382     364     310     257     242     243     243     258     274     264     236     212
     187     160     454     426     389     375     384     398     399     391     378     363     353
     352     337     301     293     362     475     565     596     575     549     590     707     831
     896     905     879     822     742     674     634     604     583     587     589     558     528
     533     550     555     562     559     523     479     452     407     323     251     230     223
     197     190     230     264     249     214     187     160     488     465     442     430     413
     393     381     366     338     311     300     308     321     342     418     556     673     697
     671     672     718     795     874     898     864     856     892     873     760     638     567
     531     511     504     493     477     484     519     543     540     533     532     522     503
     486     452     379     289     234     218     198     175     193     239     252     219     180
     155     477     470     483     489     452     404     378     353     334     354     383     373
     381     481     616     685     680     648     661     776     947    1044    1020     933     857
     837     854     826     715     576     480     448     465     480     461     441     473     537
     563     536     505     495     483     459     448     448     418     337     253     218     213
     196     188     212     229     202     170     166     469     471     499     509     464     407
     381     376     402     479     536     512     503     590     666     649     613     619     691
     873    1089    1154    1050     937     878     813     734     671     594     482     400     412
     469     485     450     432     478     555     591     562     516     492     472     442     421
     422     409     353     277     233     225     212     193     194     199     182     175     188
     486     496     511     502     449     393     383     418     477     540     566     552     549
     562     564     600     701     792     850     939    1037    1045     970     888     807     701
     602     539     480     407     384     435     484     469     430     427     476     558     617
     602     539     495     484     472     446     420     394     355     307     271     250     222
     189     180     195     206     203     197     497     526     524     490     435     392     393
     431     469     478     470     471     472     460     493     634     830     966    1002     949
     859     819     825     773     652     563     530     487     422     394     425     468     468
     434     416     431     470     539     614     618     543     482     490     510     489     445
     414     389     353     312     278     243     201     183     212     249     242     209     494
     536     524     480     437     409     401     410     416     414     418     421     407     413
     498     635     763     878     944     870     703     624     649     626     534     484     483
     454     414     420     456     466     439     413     423     452     473     506     574     609
     556     496     514     555     530     472     450     442     398     335     301     286     252
     210     211     252     272     255     511     535     510     470     440     413     389     388
     407     428     444     455     459     471     508     550     583     634     702     710     628
     537     506     506     489     456     427     419     431     443     445     444     435     421
     438     481     498     499     548     611     602     558     573     603     560     486     463
     459     417     366     351     345     303     235     203     234     285     305     537     536
     495     455     432     407     380     388     437     470     466     493     564     579     518
     486     506     502     495     548     590     540     463     452     473     450     407     412
     446     443     420     429     444     432     446     512     554     552     578     631     635
     608     613     613     558     495     466     447     429     430     428     382     306     256
     252     272     291     308     529     528     477     431     429     435     413     410     464
     512     507     535     621     625     520     476     524     510     440     462     548     554
     490     461     474     466     431     421     435     433     421     433     442     431     458
     544     608     614     619     636     624     599     592     579     548     518     490     466
     474     494     459     362     291     310     368     372     320     292     498     507     456
     421     449     478     456     440     492     563     595     610     616     563     474     454
     504     505     453     451     508     533     509     491     494     479     441     413     421
     449     473     475     453     443     491     573     616     608     598     607     608     585
     557     549     556     550     525     517     532     512     427     337     322     387     466
     474     401     320     481     480     444     436     464     470     449     463     523     583
     626     637     583     484     420     423     442     440     439     459     482     499     519
     534     518     474     434     417     437     492     543     541     496     483     532     588
     590     550     529     565     617     607     549     531     562     569     546     546     547
     497     426     389     391     428     501     549     499     374     468     458     448     449
     447     423     417     471     539     563     569     580     549     476     433     430     412
     384     402     442     455     476     548     599     561     489     453     449     460     496
     544     563     541     515     536     581     578     517     483     536     609     599     530
     511     549     567     559     557     538     503     499     490     435     426     527     605
     532     374     455     464     468     448     427     413     421     478     559     589     564
     542     532     505     476     460     422     368     362     400     421     451     551     652
     644     559     492     461     440     431     460     520     546     511     495     543     565
     507     470     515     553     523     486     503     541     566     591     601     568     546
     573     544     433     424     567     627     489     320     474     499     483     444     441
     457     457     489     585     665     647     576     524     498     479     463     429     370
     336     360     398     430     511     638     692     620     508     435     392     365     386
     459     507     483     456     481     494     461     453     488     496     469     474     514
     550     592     649     668     627     595     594     535     428     433     560     594     452
     303     507     510     462     442     484     519     493     484     574     686     693     598
     510     478     466     447     428     398     361     350     383     433     490     563     607
     574     492     421     374     353     366     399     428     443     443     424     402     405
     441     476     485     485     498     521     564     636     696     696     654     616     579
     518     452     440     490     520     454     340     487     469     445     468     539     583
     538     479     529     644     664     573     507     515     511     471     457     466     434
     372     363     428     491     493     460     447     450     431     389     362     354     344
     353     397     427     404     382     413     460     477     474     477     490     521     577
     640     671     658     626     590     546     509     482     450     434     443     422     335
     414     437     510     567     599     623     588     511     518     617     650     580     551
     598     606     555     532     532     487     405     361     395     457     462     399     359
     386     409     380     346     341     343     349     375     399     406     423     457     465
     431     390     392     450     520     550     552     562     570     549     516     500     491
     472     449     428     399     341     265     355     452     628     697     645     606     597
     556     533     589     658     667     655     660     655     626     589     542     491     449
     410     386     409     442     413     348     333     353     340     316     337     382     404
     398     386     392     424     441     398     316     269     312     415     473     439     400
     426     454     434     428     462     465     426     416     425     383     297     244     354
     481     672     743     654     564     557     555     507     503     612     742     759     686
     637     622     576     510     486     495     474     420     394     407     403     363     338
     337     319     292     309     368     415     413     375     346     351     348     290     216
     209     287     365     358     294     279     325     344     335     380     445     438     404
     417     423     371     326     342     417     506     622     676     629     559     543     535
     469     426     523     690     747     687     639     620     566     499     482     495     482
     435     390     374     380     388     389     374     331     276     257     293     343     356
     322     280     261     247     217     196     218     264     278     247     219     238     269
     280     312     389     431     419     451     514     476     372     373     490     511     556
     583     592     589     590     593     564     495     449     483     552     586     600     640
     677     643     539     447     420     428     417     392     384     395     403     401     379
     329     268     237     244     259     256     240     219     203     195     200     214     225
     224     211     205     221     242     247     270     341     408     415     426     528     626
     560     408     422     628     574     616     594     549     552     607     640     608     559
     543     536     498     445     438     530     672     714     581     398     325     354     392
     415     434     421     371     327     305     284     258     241     229     211     195     189
     183     176     184     204     214     212     209     209     215     235     251     255     282
     346     403     429     472     574     663     616     481     515     786     587     628     594
     533     535     590     614     599     608     644     654     616     528     431     434     562
     644     540     362     278     292     333     384     424     401     319     248     225     227
     221     208     197     193     193     191     180     170     181     204     214     218     233
     245     241     239     257     278     286     326     427     520     541     576     677     700
     611     659     923     594     588     563     539     538     540     535     566     653     738
     782     801     776     685     590     554     520     423     315     271     266     257     262
     294     315     292     248     219     201     178     165     182     208     217     213     202
     186     185     209     235     242     250     262     255     238     255     284     292     361
     547     673     603     553     696     824     789     789     916     606     542     533     562
     541     475     464     551     675     777     841     876     899     908     859     729     553
     393     294     266     265     240     200     193     223     250     255     240     204     170
     181     230     256     241     228     230     224     217     231     246     242     242     256
     252     236     246     275     323     475     711     790     620     496     637     846     886
     808     747     582     514     512     559     529     439     425     510     613     704     770
     782     779     830     887     849     718     562     415     300     246     251     279     286
     247     194     179     194     195     198     244     300     303     263     238     246     263
     270     263     247     247     277     302     288     263     260     281     374     588     793
     771     547     411     522     722     777     660     531     514     495     485     509     500
     440     404     434     501     567     609     613     608     635     694     754     789     767
     645     435     249     213     321     414     359     216     131     139     183     238     298
     331     321     284     249     244     276     309     308     301     332     386     406     380
     344     315     316     423     627     738     616     403     348     473     581     538     417
     353     436     469     462     456     456     430     389     386     428     458     461     490
     554     585     573     602     704     786     758     606     393     247     254     338     354
     290     231     216     237     281     316     322     318     302     265     243     274     331
     375     411     440     440     424     424     427     397     383     463     584     586     438
     312     351     464     466     345     249     243     362     418     438     426     405     387
     375     378     392     388     380     434     543     599     564     542     592     649     674
     683     632     480     308     224     235     295     359     381     353     311     288     287
     303     315     301     280     295     357     434     478     461     403     375     414     471
     486     482     498     502     451     385     368     389     385     333     270     234     219
     293     342     393     397     357     332     347     361     344     327     347     403     469
     511     512     505     520     538     564     651     754     734     562     370     273     288
     372     443     417     322     255     255     294     343     374     367     361     401     459
     486     499     531     552     533     519     550     571     531     470     461     496     489
     397     290     250     267     275     246     256     275     340     361     319     289     310
     323     295     282     324     372     385     389     403     427     464     506     538     590
     685     755     726     619     492     387     344     360     373     346     310     299     328
     392     446     465     480     507     529     580     727     915     957     783     586     551
     592     568     537     582     605     503     354     278     269     269     268     257     266
     254     311     333     292     266     285     294     270     260     293     336     349     336
     332     363     426     485     513     527     557     595     615     609     566     471     347
     272     303     398     442     411     386     407     445     515     623     696     722     804
     980    1123    1086     862     616     520     554     590     604     607     535     390     296
     293     286     247     231     234     277     267     307     313     274     263     283     280
     251     240     259     293     317     315     312     347     405     435     438     450     467
     448     398     370     384     387     326     260     302     435     510     464     387     352
     374     489     681     835     903     937     929     842     733     661     588     518     509
     545     535     452     349     285     266     254     228     209     208     204     251     269
     294     289     261     257     269     252     218     210     230     252     266     279     300
     335     365     371     369     383     390     345     258     198     207     254     285     307
     358     429     456     407     329     287     308     408     580     753     838     792     628
     440     375     461     544     518     456     426     374     279     231     257     258     201
     163     177     190     180     221     241     255     257     242     225     216     202     180
     180     207     226     231     248     280     300     303     308     326     332     299     239
     194     187     204     242     305     371     404     404     387     350     299     268     279
     329     414     513     566     522     415     338     357     444     500     461     373     306
     260     217     210     238     231     176     143     153     164     160     224     209     206
     216     210     181     159     154     153     161     185     207     219     235     255     261
     254     255     271     267     217     164     172     226     267     300     353     397     398
     379     367     349     311     268     255     282     317     337     354     370     378     391
     423     454     441     373     287     237     225     213     193     182     175     157     139
     138     143     144     228     192     171     168     166     153     138     133     138     151
     167     182     199     219     230     228     219     211     204     191     168     156     184
     240     287     318     336     339     332     329     329     324     300     255     228     253
     286     289     298     330     345     332     336     362     360     300     229     201     205
     193     160     138     135     135     133     133     134     133     206     189     157     127
     124     136     135     126     130     145     154     157     172     196     204     191     177
     167     155     146     154     170     190     228     274     289     263     239     241     245
     240     246     253     234     214     229     260     271     274     278     265     239     234
     259     268     231     182     169     174     164     143     133     128     124     125     126
     123     124     193     188     153     110     100     114     121     118     124     137     142
     143     157     179     179     155     134     127     128     136     151     161     171     201
     239     237     198     174     175     172     167     185     210     211     202     213     233
     235     222     216     225     234     232     218     192     159     138     137     141     138
     132     129     123     114     109     110     113     121     200     172     139     107      90
      97     109     116     123     132     135     136     149     167     164     136     110     102
     110     125     137     140     146     166     184     179     161     152     148     142     147
     168     184     182     182     198     213     206     192     196     219     238     229     192
     148     123     116     115     114     115     115     112     110     107     108     114     122
     125     191     142     117     102      91      99     114     120     124     133     132     126
     134     153     155     130     102      92      96     105     114     121     125     130     139
     143     138     134     134     135     143     156     162     160     164     177     186     188
     189     193     196     192     179     158     138     125     117     107     100     102     108
     113     119     129     141     152     150     140     169     129     110     100      99     108
     114     113     116     120     116     110     115     129     133     116      95      87      92
      97     100     101     102     108     120     127     123     117     118     125     131     138
     145     152     156     156     158     165     175     175     167     158     150     144     143
     141     129     110      96      98     113     129     141     154     168     176     170     161
     170     143     124     112     109     105      96      93      95      95      97     104     107
     104      99      93      86      86      96     103     100      94      96     104     112     116
     114     111     113     121     129     131     134     143     148     143     138     143     151
     152     154     159     154     145     147     157     149     120      94      94     110     125
     129     131     138     149     161     173     177     146     127     118     108      93      82
      80      84      92     106     116     108      89      79      79      82      88      99     104
     102     105     115     115     109     109     114     115     118     130     138     134     130
     139     147     141     129     126     130     135     143     151     150     144     150     163
     156     121      90      88      99      98      87      82      89     111     141     164     154
     117     100     100      95      87      82      81      92     118     136     126      99      82
      79      80      82      92     100      99     101     118     133     125     107     104     111
     114     119     130     134     129     133     150     160     148     127     118     122     130
     134     136     142     151     153     143     127     106      90      89      94      86      74
      70      79     104     131     140     113      82      73      79      83      82      78      77
      92     121     130     107      81      75      80      79      82      95     106     104     102
     114     125     115      95      88      94      99     102     106     108     112     129     154
     165     151     128     122     134     144     141     137     146     155     139     106      87
      89      95     100     104     102      98      94      96     110     126     125      84      70
      67      68      70      70      66      65      73      84      84      74      68      72      76
      75      78      92     111     116     104      93      92      88      74      65      70      77
      78      80      84      90     104     125     139     132     120     126     144     148     136
     130     132     127     106      84      78      86      99     111     117     115     111     108
     104     105     116     124      75      72      66      58      59      63      62      62      65
      66      65      67      72      75      78      80      80      88     106     114      95      70
      62      62      57      55      58      63      66      72      74      71      72      86      99
      99     101     113     122     114     100      95      92      86      83      89      93      92
      96     109     115     106     100     105     107     101     107     127      77      72      57
      50      59      69      71      75      87      99     102      97      90      86      88      92
      95     100     104      95      75      58      52      51      52      57      62      63      67
      72      68      60      62      72      78      82      90      98      94      80      70      67
      68      72      83      97     105      99      92      96     104      99      96     108     118
     112     110     126      80      63      49      56      72      78      83      96     118     136
     140     128     111      98      90      91     104     117     108      81      60      55      55
      51      53      60      65      68      71      69      60      58      66      75      78      84
      95     103     101      90      75      66      70      78      82      90     104     107      96
      92     101     107     108     116     126     127     122     128      74      50      50      71
      84      83      93     120     142     143     133     122     111      95      78      74      87
     104      98      74      56      54      54      51      52      55      61      72      80      74
      60      56      61      67      73      81      93     104     111     103      81      67      69
      72      65      68      91     111     109      99     101     107     109     113     122     130
     132     136      60      44      56      77      86      88     104     135     152     133     100
      83      80      71      58      53      57      65      68      63      56      52      50      49
      46      45      54      79      99      90      63      46      47      53      58      65      71
      78      84      82      68      56      55      57      51      50      69      97     108      99
      88      87      91     100     111     122     128     133      50      47      59      70      80
      89     102     123     135     114      72      49      48      48      45      43      41      41
      46      50      49      47      48      50      51      46      51      80     108      95      56
      38      46      51      51      55      55      51      54      65      65      53      47      50
      51      48      54      73      85      80      71      71      78      87      98     106     111
     115      50      49      55      60      66      73      78      86      92      81      57      45
      47      47      42      40      40      42      44      44      43      41      44      57      68
      61      50      66      87      72      41      42      61      63      60      67      67      57
      63      82      84      64      47      47      55      60      60      58      57      59      65
      72      76      77      81      85      88      93      57      49      45      48      50      49
      50      51      51      48      47      52      58      54      43      38      41      45      45
      43      40      35      39      59      76      67      50      53      59      43      31      50
      74      77      76      85      87      81      88     100      96      72      50      43      54
      72      74      59      46      51      65      73      71      69      68      68      71      77
      70      49      37      39      40      37      37      37      35      34      40      48      52
      48      42      39      40      41      42      41      38      34      38      54      61      54
      52      60      55      36      32      54      77      88      95     101     100      95      96
      94      86      72      56      45      54      75      81      66      53      57      65      65
      62      64      67      66      65      69      83      53      34      35      37      34      33
      34      34      33      35      36      36      37      40      42      43      41      39      38
      37      36      41      49      49      48      61      73      62      44      46      66      83
      97     114     124     118     103      91      83      75      68      60      54      62      78
      82      72      66      68      66      60      60      67      74      75      72      73
