Daten.008: Schoena (Schoena) REM 
    1     2008   6  30   14    114.0
    2     2008   6  30   17    114.0
    3     2008   6  30   20    112.6
    4     2008   6  30   23    114.0
    5     2008   7   1    2    112.6
    6     2008   7   1    5    111.2
    7     2008   7   1    8    112.6
    8     2008   7   1   11    112.6
    9     2008   7   1   14    112.6
   10     2008   7   1   17    112.6
   11     2008   7   1   20    114.0
   12     2008   7   1   23    114.0
   13     2008   7   2    2    112.6
   14     2008   7   2    5    109.8
   15     2008   7   2    8    104.2
   16     2008   7   2   11    104.2
   17     2008   7   2   14    119.7
   18     2008   7   2   17    128.5
   19     2008   7   2   20    116.8
   20     2008   7   2   23    108.4
   21     2008   7   3    2    104.2
   22     2008   7   3    5    101.5
   23     2008   7   3    8     97.4
   24     2008   7   3   11     94.8
   25     2008   7   3   14     94.8
   26     2008   7   3   17     90.8
   27     2008   7   3   20     86.9
   28     2008   7   3   23     85.6
   29     2008   7   4    2     84.4
   30     2008   7   4    5     85.6
   31     2008   7   4    8     92.1
   32     2008   7   4   11     97.4
   33     2008   7   4   14    127.0
   34     2008   7   4   17    131.4
   35     2008   7   4   20    124.1
   36     2008   7   4   23    119.7
   37     2008   7   5    2    119.7
   38     2008   7   5    5    140.5
   39     2008   7   5    8    167.4
   40     2008   7   5   11    152.9
   41     2008   7   5   14    132.9
   42     2008   7   5   17    122.6
   43     2008   7   5   20    136.0
   44     2008   7   5   23    157.7
   45     2008   7   6    2    156.1
   46     2008   7   6    5    151.4
   47     2008   7   6    8    149.8
   48     2008   7   6   11    139.0
   49     2008   7   6   14    122.6
   50     2008   7   6   17    115.4
   51     2008   7   6   20    114.0
   52     2008   7   6   23    116.8
   53     2008   7   7    2    131.4
   54     2008   7   7    5    151.4
   55     2008   7   7    8    159.3
   56     2008   7   7   11    157.7
   57     2008   7   7   14    143.6
   58     2008   7   7   17    130.0
   59     2008   7   7   20    121.1
   60     2008   7   7   23    115.4
   61     2008   7   8    2    114.0
   62     2008   7   8    5    111.2
   63     2008   7   8    8    118.3
   64     2008   7   8   11    127.0
   65     2008   7   8   14    128.5
   66     2008   7   8   17    128.5
   67     2008   7   8   20    124.1
   68     2008   7   8   23    118.3
   69     2008   7   9    2    115.4
   70     2008   7   9    5    115.4
   71     2008   7   9    8    114.0
   72     2008   7   9   11    112.6
   73     2008   7   9   14    112.6
   74     2008   7   9   17    112.6
   75     2008   7   9   20    112.6
   76     2008   7   9   23    112.6
   77     2008   7  10    2    111.2
   78     2008   7  10    5    111.2
   79     2008   7  10    8    108.4
   80     2008   7  10   11    111.2
   81     2008   7  10   14    136.0
   82     2008   7  10   17    139.0
   83     2008   7  10   20    119.7
   84     2008   7  10   23    108.4
   85     2008   7  11    2    105.6
   86     2008   7  11    5    104.2
   87     2008   7  11    8    104.2
   88     2008   7  11   11    104.2
   89     2008   7  11   14    104.2
   90     2008   7  11   17    104.2
   91     2008   7  11   20    107.0
   92     2008   7  11   23    107.0
   93     2008   7  12    2    108.4
   94     2008   7  12    5    111.2
   95     2008   7  12    8    114.0
   96     2008   7  12   11    116.8
   97     2008   7  12   14    122.6
   98     2008   7  12   17    121.1
   99     2008   7  12   20    118.3
  100     2008   7  12   23    116.8
  101     2008   7  13    2    116.8
  102     2008   7  13    5    116.8
  103     2008   7  13    8    116.8
  104     2008   7  13   11    116.8
  105     2008   7  13   14    118.3
  106     2008   7  13   17    121.1
  107     2008   7  13   20    121.1
  108     2008   7  13   23    139.0
  109     2008   7  14    2    151.4
  110     2008   7  14    5    145.1
  111     2008   7  14    8    139.0
  112     2008   7  14   11    137.5
  113     2008   7  14   14    142.1
  114     2008   7  14   17    152.9
  115     2008   7  14   20    152.9
  116     2008   7  14   23    146.7
  117     2008   7  15    2    137.5
  118     2008   7  15    5    130.0
  119     2008   7  15    8    131.4
  120     2008   7  15   11    136.0
