Daten.007: Usti (Usti) REM 
    1     2008   6  30   14    115.0
    2     2008   6  30   17    111.0
    3     2008   6  30   20    111.0
    4     2008   6  30   23    114.0
    5     2008   7   1    2    114.0
    6     2008   7   1    5    114.0
    7     2008   7   1    8    109.0
    8     2008   7   1   11    112.0
    9     2008   7   1   14    117.0
   10     2008   7   1   17    111.0
   11     2008   7   1   20    114.0
   12     2008   7   1   23    101.0
   13     2008   7   2    2    103.0
   14     2008   7   2    5    103.0
   15     2008   7   2    8    135.0
   16     2008   7   2   11    109.0
   17     2008   7   2   14    111.0
   18     2008   7   2   17    102.0
   19     2008   7   2   20    103.0
   20     2008   7   2   23     93.5
   21     2008   7   3    2     90.7
   22     2008   7   3    5     96.3
   23     2008   7   3    8     94.9
   24     2008   7   3   11     82.7
   25     2008   7   3   14     84.0
   26     2008   7   3   17     82.7
   27     2008   7   3   20     81.4
   28     2008   7   3   23     88.0
   29     2008   7   4    2     88.0
   30     2008   7   4    5     84.0
   31     2008   7   4    8    141.0
   32     2008   7   4   11    114.0
   33     2008   7   4   14    114.0
   34     2008   7   4   17    114.0
   35     2008   7   4   20    115.0
   36     2008   7   4   23    163.0
   37     2008   7   5    2    181.0
   38     2008   7   5    5    122.0
   39     2008   7   5    8    119.0
   40     2008   7   5   11    111.0
   41     2008   7   5   14    170.0
   42     2008   7   5   17    157.0
   43     2008   7   5   20    148.0
   44     2008   7   5   23    147.0
   45     2008   7   6    2    147.0
   46     2008   7   6    5    117.0
   47     2008   7   6    8    111.0
   48     2008   7   6   11    112.0
   49     2008   7   6   14    111.0
   50     2008   7   6   17    119.0
   51     2008   7   6   20    150.0
   52     2008   7   6   23    159.0
   53     2008   7   7    2    159.0
   54     2008   7   7    5    145.0
   55     2008   7   7    8    123.0
   56     2008   7   7   11    127.0
   57     2008   7   7   14    119.0
   58     2008   7   7   17    111.0
   59     2008   7   7   20    109.0
   60     2008   7   7   23    108.0
   61     2008   7   8    2    128.0
   62     2008   7   8    5    128.0
   63     2008   7   8    8    128.0
   64     2008   7   8   11    128.0
   65     2008   7   8   14    114.0
   66     2008   7   8   17    112.0
   67     2008   7   8   20    112.0
   68     2008   7   8   23    114.0
   69     2008   7   9    2    111.0
   70     2008   7   9    5    111.0
   71     2008   7   9    8    111.0
   72     2008   7   9   11    112.0
   73     2008   7   9   14    119.0
   74     2008   7   9   17    109.0
   75     2008   7   9   20    111.0
   76     2008   7   9   23    112.0
   77     2008   7  10    2    103.0
   78     2008   7  10    5    140.0
   79     2008   7  10    8    150.0
   80     2008   7  10   11    111.0
   81     2008   7  10   14    102.0
   82     2008   7  10   17    103.0
   83     2008   7  10   20    103.0
   84     2008   7  10   23    103.0
   85     2008   7  11    2    103.0
   86     2008   7  11    5    103.0
   87     2008   7  11    8    103.0
   88     2008   7  11   11    111.0
   89     2008   7  11   14    103.0
   90     2008   7  11   17    111.0
   91     2008   7  11   20    109.0
   92     2008   7  11   23    111.0
   93     2008   7  12    2    111.0
   94     2008   7  12    5    123.0
   95     2008   7  12    8    123.0
   96     2008   7  12   11    114.0
   97     2008   7  12   14    112.0
   98     2008   7  12   17    112.0
   99     2008   7  12   20    114.0
  100     2008   7  12   23    115.0
  101     2008   7  13    2    115.0
  102     2008   7  13    5    115.0
  103     2008   7  13    8    115.0
  104     2008   7  13   11    114.0
  105     2008   7  13   14    114.0
  106     2008   7  13   17    166.0
  107     2008   7  13   20    131.0
  108     2008   7  13   23    130.0
  109     2008   7  14    2    130.0
  110     2008   7  14    5    130.0
  111     2008   7  14    8    148.0
  112     2008   7  14   11    152.0
  113     2008   7  14   14    143.0
  114     2008   7  14   17    135.0
  115     2008   7  14   20    120.0
  116     2008   7  14   23    120.0
  117     2008   7  15    2    131.0
  118     2008   7  15    5    130.0
  119     2008   7  15    8    130.0
  120     2008   7  15   11    130.0
