Modell.004: Louny (Louny) REM 
    1     2008   6  30   14     18.1
    2     2008   6  30   17     17.8
    3     2008   6  30   20     17.8
    4     2008   6  30   23     17.8
    5     2008   7   1    2     17.8
    6     2008   7   1    5     17.8
    7     2008   7   1    8     17.8
    8     2008   7   1   11     17.8
    9     2008   7   1   14     17.4
   10     2008   7   1   17     18.1
   11     2008   7   1   20     17.8
   12     2008   7   1   23     17.8
   13     2008   7   2    2     17.8
   14     2008   7   2    5     17.8
   15     2008   7   2    8     17.8
   16     2008   7   2   11     17.8
   17     2008   7   2   14     17.8
   18     2008   7   2   17     17.4
   19     2008   7   2   20     16.3
   20     2008   7   2   23     15.3
   21     2008   7   3    2     14.6
   22     2008   7   3    5     14.6
   23     2008   7   3    8     14.6
   24     2008   7   3   11     14.3
   25     2008   7   3   14     13.9
   26     2008   7   3   17     13.9
   27     2008   7   3   20     14.3
   28     2008   7   3   23     13.3
   29     2008   7   4    2     15.0
   30     2008   7   4    5     15.6
   31     2008   7   4    8     15.3
   32     2008   7   4   11     15.0
   33     2008   7   4   14     15.3
   34     2008   7   4   17     15.0
   35     2008   7   4   20     14.6
   36     2008   7   4   23     14.3
   37     2008   7   5    2     14.3
   38     2008   7   5    5     13.9
   39     2008   7   5    8     13.3
   40     2008   7   5   11     14.6
   41     2008   7   5   14     14.6
   42     2008   7   5   17     13.9
   43     2008   7   5   20     13.9
   44     2008   7   5   23     13.6
   45     2008   7   6    2     13.6
   46     2008   7   6    5     13.9
   47     2008   7   6    8     13.9
   48     2008   7   6   11     13.9
   49     2008   7   6   14     13.9
   50     2008   7   6   17     13.3
   51     2008   7   6   20     12.6
   52     2008   7   6   23     13.3
   53     2008   7   7    2     13.9
   54     2008   7   7    5     13.9
   55     2008   7   7    8     13.9
   56     2008   7   7   11     13.6
   57     2008   7   7   14     13.6
   58     2008   7   7   17     13.6
   59     2008   7   7   20     13.6
   60     2008   7   7   23     13.6
   61     2008   7   8    2     13.6
   62     2008   7   8    5     12.0
   63     2008   7   8    8     11.4
   64     2008   7   8   11     10.8
   65     2008   7   8   14     10.5
   66     2008   7   8   17     10.2
   67     2008   7   8   20     10.2
   68     2008   7   8   23     10.2
   69     2008   7   9    2     10.5
   70     2008   7   9    5     12.3
   71     2008   7   9    8     13.6
   72     2008   7   9   11     13.9
   73     2008   7   9   14     14.6
   74     2008   7   9   17     13.3
   75     2008   7   9   20     13.6
   76     2008   7   9   23     13.9
   77     2008   7  10    2     13.9
   78     2008   7  10    5     13.9
   79     2008   7  10    8     13.9
   80     2008   7  10   11     15.0
   81     2008   7  10   14     13.9
   82     2008   7  10   17     13.9
   83     2008   7  10   20     13.9
   84     2008   7  10   23     13.9
   85     2008   7  11    2     13.6
   86     2008   7  11    5     13.9
   87     2008   7  11    8     13.9
   88     2008   7  11   11     13.9
   89     2008   7  11   14     13.9
   90     2008   7  11   17     13.6
   91     2008   7  11   20     13.6
   92     2008   7  11   23     14.3
   93     2008   7  12    2     14.3
   94     2008   7  12    5     14.3
   95     2008   7  12    8     13.9
   96     2008   7  12   11     13.9
   97     2008   7  12   14     13.9
   98     2008   7  12   17     13.0
   99     2008   7  12   20     13.6
  100     2008   7  12   23     13.6
  101     2008   7  13    2     13.6
  102     2008   7  13    5     13.6
  103     2008   7  13    8     13.9
  104     2008   7  13   11     13.6
  105     2008   7  13   14     15.0
  106     2008   7  13   17     14.6
  107     2008   7  13   20     14.3
  108     2008   7  13   23     14.6
  109     2008   7  14    2     14.6
  110     2008   7  14    5     14.3
  111     2008   7  14    8     14.3
  112     2008   7  14   11     14.3
  113     2008   7  14   14     13.9
  114     2008   7  14   17     13.9
  115     2008   7  14   20     13.6
  116     2008   7  14   23     13.6
  117     2008   7  15    2     13.9
  118     2008   7  15    5     13.9
  119     2008   7  15    8     13.9
  120     2008   7  15   11     13.9
  121     2008   7  15   14     13.9
  122     2008   7  15   17     13.9
  123     2008   7  15   20     13.9
  124     2008   7  15   23     13.9
  125     2008   7  16    2     13.9
  126     2008   7  16    5     13.9
  127     2008   7  16    8     13.9
  128     2008   7  16   11     13.9
  129     2008   7  16   14     13.9
  130     2008   7  16   17     13.9
  131     2008   7  16   20     13.9
  132     2008   7  16   23     13.9
  133     2008   7  17    2     13.9
  134     2008   7  17    5     13.9
  135     2008   7  17    8     13.9
  136     2008   7  17   11     13.9
  137     2008   7  17   14     13.9
  138     2008   7  17   17     13.9
  139     2008   7  17   20     13.9
  140     2008   7  17   23     13.9
  141     2008   7  18    2     13.9
  142     2008   7  18    5     13.9
  143     2008   7  18    8     13.9
  144     2008   7  18   11     13.9
