Modell.002: Praha (Praha) REM 
    1     2008   6  30   14     55.3
    2     2008   6  30   17     55.3
    3     2008   6  30   20     55.3
    4     2008   6  30   23     55.3
    5     2008   7   1    2     55.3
    6     2008   7   1    5     55.3
    7     2008   7   1    8     52.8
    8     2008   7   1   11     55.3
    9     2008   7   1   14     55.3
   10     2008   7   1   17     55.3
   11     2008   7   1   20     52.8
   12     2008   7   1   23     52.8
   13     2008   7   2    2     55.3
   14     2008   7   2    5     55.3
   15     2008   7   2    8     55.3
   16     2008   7   2   11     55.3
   17     2008   7   2   14     55.3
   18     2008   7   2   17     55.3
   19     2008   7   2   20     52.8
   20     2008   7   2   23     52.8
   21     2008   7   3    2     52.8
   22     2008   7   3    5     55.3
   23     2008   7   3    8     55.3
   24     2008   7   3   11     55.3
   25     2008   7   3   14     58.0
   26     2008   7   3   17     80.5
   27     2008   7   3   20     70.1
   28     2008   7   3   23     60.9
   29     2008   7   4    2     60.9
   30     2008   7   4    5     58.0
   31     2008   7   4    8     63.8
   32     2008   7   4   11     63.8
   33     2008   7   4   14     60.9
   34     2008   7   4   17     63.8
   35     2008   7   4   20     60.9
   36     2008   7   4   23     63.8
   37     2008   7   5    2     60.9
   38     2008   7   5    5     60.9
   39     2008   7   5    8     58.0
   40     2008   7   5   11     63.8
   41     2008   7   5   14     63.8
   42     2008   7   5   17     66.9
   43     2008   7   5   20     66.9
   44     2008   7   5   23     66.9
   45     2008   7   6    2     66.9
   46     2008   7   6    5     63.8
   47     2008   7   6    8     63.8
   48     2008   7   6   11     63.8
   49     2008   7   6   14     63.8
   50     2008   7   6   17     63.8
   51     2008   7   6   20     63.8
   52     2008   7   6   23     63.8
   53     2008   7   7    2     63.8
   54     2008   7   7    5     63.8
   55     2008   7   7    8     58.0
   56     2008   7   7   11     63.8
   57     2008   7   7   14     63.8
   58     2008   7   7   17     63.8
   59     2008   7   7   20     60.9
   60     2008   7   7   23     63.8
   61     2008   7   8    2     60.9
   62     2008   7   8    5     60.9
   63     2008   7   8    8     58.0
   64     2008   7   8   11     58.0
   65     2008   7   8   14     60.9
   66     2008   7   8   17     55.3
   67     2008   7   8   20     63.8
   68     2008   7   8   23     63.8
   69     2008   7   9    2     63.8
   70     2008   7   9    5     66.9
   71     2008   7   9    8     66.9
   72     2008   7   9   11     63.8
   73     2008   7   9   14     58.0
   74     2008   7   9   17     60.9
   75     2008   7   9   20     58.0
   76     2008   7   9   23     60.9
   77     2008   7  10    2     60.9
   78     2008   7  10    5     60.9
   79     2008   7  10    8     60.9
   80     2008   7  10   11     58.0
   81     2008   7  10   14     55.3
   82     2008   7  10   17     60.9
   83     2008   7  10   20     60.9
   84     2008   7  10   23     60.9
   85     2008   7  11    2     63.8
   86     2008   7  11    5     63.8
   87     2008   7  11    8     60.9
   88     2008   7  11   11     58.0
   89     2008   7  11   14     55.3
   90     2008   7  11   17     58.0
   91     2008   7  11   20     58.0
   92     2008   7  11   23     58.0
   93     2008   7  12    2     58.0
   94     2008   7  12    5     60.9
   95     2008   7  12    8     58.0
   96     2008   7  12   11     55.3
   97     2008   7  12   14     58.0
   98     2008   7  12   17     60.9
   99     2008   7  12   20     60.9
  100     2008   7  12   23     60.9
  101     2008   7  13    2     60.9
  102     2008   7  13    5     60.9
  103     2008   7  13    8     60.9
  104     2008   7  13   11     63.8
  105     2008   7  13   14     63.8
  106     2008   7  13   17     76.9
  107     2008   7  13   20     70.1
  108     2008   7  13   23     63.8
  109     2008   7  14    2     63.8
  110     2008   7  14    5     63.8
  111     2008   7  14    8     63.8
  112     2008   7  14   11     66.9
  113     2008   7  14   14     66.9
  114     2008   7  14   17     66.9
  115     2008   7  14   20     66.9
  116     2008   7  14   23     66.9
  117     2008   7  15    2     66.9
  118     2008   7  15    5     66.9
  119     2008   7  15    8     66.9
  120     2008   7  15   11     66.9
  121     2008   7  15   14     66.9
  122     2008   7  15   17     66.9
  123     2008   7  15   20     66.9
  124     2008   7  15   23     66.9
  125     2008   7  16    2     66.9
  126     2008   7  16    5     66.9
  127     2008   7  16    8     66.9
  128     2008   7  16   11     66.9
  129     2008   7  16   14     66.9
  130     2008   7  16   17     66.9
  131     2008   7  16   20     66.9
  132     2008   7  16   23     66.9
  133     2008   7  17    2     66.9
  134     2008   7  17    5     66.9
  135     2008   7  17    8     66.9
  136     2008   7  17   11     66.9
  137     2008   7  17   14     66.9
  138     2008   7  17   17     66.9
  139     2008   7  17   20     66.9
  140     2008   7  17   23     66.9
  141     2008   7  18    2     66.9
  142     2008   7  18    5     66.9
  143     2008   7  18    8     66.9
  144     2008   7  18   11     66.9
