Modell.001: Brandys (Brandys) REM 
    1     2008   6  30   14     45.0
    2     2008   6  30   17     38.0
    3     2008   6  30   20     37.0
    4     2008   6  30   23     38.0
    5     2008   7   1    2     39.0
    6     2008   7   1    5     29.0
    7     2008   7   1    8     29.0
    8     2008   7   1   11     44.0
    9     2008   7   1   14     29.0
   10     2008   7   1   17     25.0
   11     2008   7   1   20     25.0
   12     2008   7   1   23     28.0
   13     2008   7   2    2     24.0
   14     2008   7   2    5     23.0
   15     2008   7   2    8     31.0
   16     2008   7   2   11     29.0
   17     2008   7   2   14     31.0
   18     2008   7   2   17     31.0
   19     2008   7   2   20     32.0
   20     2008   7   2   23     33.0
   21     2008   7   3    2     33.0
   22     2008   7   3    5     33.0
   23     2008   7   3    8     33.0
   24     2008   7   3   11     35.0
   25     2008   7   3   14     33.0
   26     2008   7   3   17     34.0
   27     2008   7   3   20     32.0
   28     2008   7   3   23     43.0
   29     2008   7   4    2     40.0
   30     2008   7   4    5     40.0
   31     2008   7   4    8     49.0
   32     2008   7   4   11     46.0
   33     2008   7   4   14     53.0
   34     2008   7   4   17     69.0
   35     2008   7   4   20     63.0
   36     2008   7   4   23     54.0
   37     2008   7   5    2     58.0
   38     2008   7   5    5     64.0
   39     2008   7   5    8     70.0
   40     2008   7   5   11     63.0
   41     2008   7   5   14     61.0
   42     2008   7   5   17     32.0
   43     2008   7   5   20     43.0
   44     2008   7   5   23     57.0
   45     2008   7   6    2     53.0
   46     2008   7   6    5     58.0
   47     2008   7   6    8     57.0
   48     2008   7   6   11     50.0
   49     2008   7   6   14     42.0
   50     2008   7   6   17     31.0
   51     2008   7   6   20     28.0
   52     2008   7   6   23     29.0
   53     2008   7   7    2     35.0
   54     2008   7   7    5     65.0
   55     2008   7   7    8     58.0
   56     2008   7   7   11     39.0
   57     2008   7   7   14     37.0
   58     2008   7   7   17     34.0
   59     2008   7   7   20     35.0
   60     2008   7   7   23     37.0
   61     2008   7   8    2     30.0
   62     2008   7   8    5     31.0
   63     2008   7   8    8     36.0
   64     2008   7   8   11     41.0
   65     2008   7   8   14     54.0
   66     2008   7   8   17     51.0
   67     2008   7   8   20     31.0
   68     2008   7   8   23     37.0
   69     2008   7   9    2     39.0
   70     2008   7   9    5     30.0
   71     2008   7   9    8     35.0
   72     2008   7   9   11     41.0
   73     2008   7   9   14     39.0
   74     2008   7   9   17     40.0
   75     2008   7   9   20     44.0
   76     2008   7   9   23     39.0
   77     2008   7  10    2     38.0
   78     2008   7  10    5     35.0
   79     2008   7  10    8     33.0
   80     2008   7  10   11     39.0
   81     2008   7  10   14     45.0
   82     2008   7  10   17     39.0
   83     2008   7  10   20     31.0
   84     2008   7  10   23     38.0
   85     2008   7  11    2     34.0
   86     2008   7  11    5     36.0
   87     2008   7  11    8     35.0
   88     2008   7  11   11     31.0
   89     2008   7  11   14     30.0
   90     2008   7  11   17     49.0
   91     2008   7  11   20     43.0
   92     2008   7  11   23     36.0
   93     2008   7  12    2     31.0
   94     2008   7  12    5     21.0
   95     2008   7  12    8     33.0
   96     2008   7  12   11     40.0
   97     2008   7  12   14     49.0
   98     2008   7  12   17     59.0
   99     2008   7  12   20     63.0
  100     2008   7  12   23     59.0
  101     2008   7  13    2     47.0
  102     2008   7  13    5     26.0
  103     2008   7  13    8     51.0
  104     2008   7  13   11     47.0
  105     2008   7  13   14     38.0
  106     2008   7  13   17     46.0
  107     2008   7  13   20     44.0
  108     2008   7  13   23     37.0
  109     2008   7  14    2     47.0
  110     2008   7  14    5     46.0
  111     2008   7  14    8     42.0
  112     2008   7  14   11     35.0
  113     2008   7  14   14     38.0
  114     2008   7  14   17     40.0
  115     2008   7  14   20     46.0
  116     2008   7  14   23     51.0
  117     2008   7  15    2     46.0
  118     2008   7  15    5     43.0
  119     2008   7  15    8     43.0
  120     2008   7  15   11     43.0
  121     2008   7  15   14     43.0
  122     2008   7  15   17     43.0
  123     2008   7  15   20     43.0
  124     2008   7  15   23     43.0
  125     2008   7  16    2     43.0
  126     2008   7  16    5     43.0
  127     2008   7  16    8     43.0
  128     2008   7  16   11     43.0
  129     2008   7  16   14     43.0
  130     2008   7  16   17     43.0
  131     2008   7  16   20     43.0
  132     2008   7  16   23     43.0
  133     2008   7  17    2     43.0
  134     2008   7  17    5     43.0
  135     2008   7  17    8     43.0
  136     2008   7  17   11     43.0
  137     2008   7  17   14     43.0
  138     2008   7  17   17     43.0
  139     2008   7  17   20     43.0
  140     2008   7  17   23     43.0
  141     2008   7  18    2     43.0
  142     2008   7  18    5     43.0
  143     2008   7  18    8     43.0
  144     2008   7  18   11     43.0
