3c3
<      04/21/05 10:54:56.17 Uhr    KALYPSO - 1D, VERSION 1.0.4 
---
>      04/21/05 10:51:33.57 Uhr    KALYPSO - 1D, VERSION 1.0.5 
19,21c19,20
<     58.4500     5.670      5.718   1     0.13     1.58      4.623    0.246   0.419
<                                    2     0.04    37.22     17.867    0.996  37.066
<                                    3     0.10     6.25     29.224    0.217   1.387
---
>     58.4500     5.670      5.718   1     0.13     1.58      4.623    0.251   0.396
>                                    3     0.10     6.25     29.224    0.222   1.387
25,26c24,25
<     58.4930     5.693      5.729   1     0.10     2.27      4.497    0.298   0.676
<                                    2     0.04    44.18     22.726    0.853  37.686
---
>     58.4930     5.693      5.730   1     0.10     2.27      4.498    0.298   0.677
>                                    2     0.04    44.18     22.726    0.853  37.685
31,33c30,31
<     58.5500     5.732      5.737   1     0.10   125.07    168.838    0.176  22.109
<                                    2     0.05    35.87     15.284    0.418  14.999
<                                    3     0.14    10.32     13.523    0.148   1.653
---
>     58.5500     5.733      5.737   1     0.10   125.12    168.856    0.177  22.128
>                                    3     0.14    10.32     13.523    0.149   1.535
35c33
<                                                                             38.850       -0.044 0.008 0.023 0.000 0.000-0.012
---
>                                                                             38.850       -0.045 0.009 0.024 0.000 0.000-0.012
37,39c35,37
<     58.6000     5.720      5.769   1     0.14     2.22      3.749    0.307   0.823
<                                    2     0.05    37.29     16.170    0.996  37.155
<                                    3     0.11     3.37     10.087    0.254   0.896
---
>     58.6000     5.720      5.770   1     0.14     2.23      3.750    0.314   0.698
>                                    2     0.05    37.29     16.170    1.000  37.286
>                                    3     0.11     3.37     10.092    0.260   0.877
41c39
<                                                                             38.850        0.042 0.008 0.000 0.000 0.000 0.050
---
>                                                                             38.850        0.043 0.008 0.000 0.000 0.000 0.051
43,45c41,43
<     58.6470     5.770      5.777   1     0.11   118.64    229.840    0.159  18.859
<                                    2     0.05    39.74     17.892    0.483  19.202
<                                    3     0.12     6.26     21.954    0.110   0.705
---
>     58.6470     5.772      5.778   1     0.11   119.00    230.088    0.160  19.037
>                                    2     0.05    39.76     17.892    0.479  19.034
>                                    3     0.12     6.29     22.014    0.111   0.697
49,51c47,49
<     58.7000     5.774      5.780   1     0.11   120.33    246.243    0.158  19.063
<                                    2     0.05    38.38     17.968    0.489  18.775
<                                    3     0.14     5.94     12.494    0.138   0.874
---
>     58.7000     5.775      5.782   1     0.11   120.71    246.243    0.159  19.185
>                                    2     0.05    38.41     17.968    0.488  18.760
>                                    3     0.14     5.96     12.514    0.138   0.823
55,57c53,55
<     58.7490     5.777      5.784   1     0.11   111.87    224.843    0.154  17.174
<                                    2     0.05    41.71     19.638    0.471  19.641
<                                    3     0.12    14.41     35.804    0.130   1.893
---
>     58.7490     5.779      5.785   1     0.11   112.23    225.083    0.154  17.263
>                                    2     0.05    41.74     19.638    0.470  19.610
>                                    3     0.12    14.47     35.824    0.130   1.888
61,63c59,61
<     58.8000     5.779      5.788   1     0.12    67.42    165.837    0.138   9.324
<                                    2     0.05    44.94     21.020    0.512  22.989
<                                    3     0.10    35.79     58.380    0.183   6.536
---
>     58.8000     5.781      5.789   1     0.12    67.68    165.886    0.138   9.352
>                                    2     0.05    44.97     21.020    0.510  22.950
>                                    3     0.10    35.88     58.422    0.182   6.546
74,76c72,74
<     58.8530     5.781      5.793   1     0.12    53.44    116.866    0.191  10.193
<                                    2     0.05    35.87     17.787    0.622  22.315
<                                    3     0.12    34.82     82.503    0.182   6.342
---
>     58.8530     5.783      5.795   1     0.12    53.62    116.901    0.191  10.216
>                                    2     0.05    35.90     17.787    0.621  22.277
>                                    3     0.12    34.95     82.558    0.182   6.358
80,81c78,79
<     58.9000     5.767      5.814   2     0.05    39.28     19.400    0.968  38.025
<                                    3     0.09     3.99     22.932    0.209   0.834
---
>     58.9000     5.769      5.815   2     0.05    39.31     19.404    0.967  38.017
>                                    3     0.09     4.03     23.072    0.209   0.842
85,87c83,85
<     58.9510     5.808      5.825   1     0.12    55.87    117.081    0.207  11.542
<                                    2     0.05    40.95     19.892    0.663  27.160
<                                    3     0.13     1.02      4.112    0.144   0.146
---
>     58.9510     5.810      5.826   1     0.12    56.05    117.130    0.206  11.572
>                                    2     0.05    40.97     19.892    0.662  27.129
>                                    3     0.13     1.02      4.124    0.143   0.147
91,92c89,90
<     59.0000     5.814      5.834   1     0.12    47.72    138.668    0.194   9.248
<                                    2     0.05    41.56     22.071    0.711  29.568
---
>     59.0000     5.815      5.835   1     0.12    47.93    138.795    0.194   9.282
>                                    2     0.05    41.59     22.077    0.710  29.533
96,98c94,96
<     59.0510     5.828      5.841   1     0.12    74.81    153.301    0.198  14.834
<                                    2     0.05    37.89     18.802    0.627  23.769
<                                    3     0.13     1.67      5.918    0.147   0.246
---
>     59.0510     5.829      5.842   1     0.12    75.03    153.354    0.198  14.866
>                                    2     0.05    37.92     18.802    0.626  23.736
>                                    3     0.13     1.68      5.933    0.147   0.247
102,103c100,101
<     59.1000     5.833      5.849   1     0.12    61.63    160.164    0.220  13.582
<                                    2     0.05    37.07     22.786    0.682  25.268
---
>     59.1000     5.834      5.850   1     0.12    61.86    160.240    0.220  13.618
>                                    2     0.05    37.10     22.795    0.680  25.232
107c105
<     59.1500     5.822      5.879   2     0.06    36.76     24.534    1.057  38.844
---
>     59.1500     5.824      5.881   2     0.06    36.79     24.552    1.056  38.844
111,112c109,110
<     59.2000     5.865      5.901   2     0.05    36.46     20.414    0.898  32.748
<                                    3     0.12    19.86     42.343    0.306   6.088
---
>     59.2000     5.866      5.902   2     0.05    36.48     20.417    0.897  32.732
>                                    3     0.12    19.92     42.360    0.306   6.105
116,118c114,116
<     59.2560     5.894      5.914   1     0.11    34.51    108.659    0.203   6.999
<                                    2     0.05    39.16     20.602    0.727  28.482
<                                    3     0.12    15.89     45.184    0.206   3.273
---
>     59.2560     5.895      5.916   1     0.11    34.65    108.659    0.203   7.025
>                                    2     0.05    39.18     20.602    0.726  28.446
>                                    3     0.12    15.95     45.230    0.206   3.283
122,124c120,122
<     59.3000     5.895      5.925   1     0.12    21.43     75.993    0.211   4.531
<                                    2     0.05    35.87     19.259    0.854  30.639
<                                    3     0.12    15.95     48.989    0.228   3.635
---
>     59.3000     5.896      5.926   1     0.12    21.53     75.993    0.212   4.553
>                                    2     0.05    35.89     19.259    0.853  30.602
>                                    3     0.12    16.02     49.025    0.228   3.648
133c131
<                                                                             38.850        0.016 0.014 0.000 0.000 0.000 0.030
---
>                                                                             38.850        0.016 0.013 0.000 0.000 0.000 0.030
135,137c133,135
<     59.3650     5.925      5.939   1     0.12    36.29     70.355    0.239   8.660
<                                    2     0.06    43.56     26.528    0.606  26.386
<                                    3     0.12    18.57     47.665    0.205   3.804
---
>     59.3650     5.926      5.940   1     0.12    36.37     70.355    0.239   8.674
>                                    2     0.06    43.59     26.528    0.605  26.363
>                                    3     0.12    18.63     47.688    0.205   3.813
141,143c139,141
<     59.4000     5.931      5.944   1     0.12    58.01     94.189    0.255  14.818
<                                    2     0.05    32.24     17.175    0.658  21.230
<                                    3     0.13    14.02     38.473    0.190   2.659
---
>     59.4000     5.932      5.945   1     0.12    58.12     94.189    0.255  14.836
>                                    2     0.05    32.26     17.175    0.657  21.206
>                                    3     0.13    14.06     38.488    0.190   2.666
147,149c145,147
<     59.4480     5.939      5.952   1     0.12    65.57    105.482    0.250  16.399
<                                    2     0.05    34.71     18.980    0.633  21.983
<                                    3     0.11     2.27      7.858    0.179   0.407
---
>     59.4480     5.940      5.953   1     0.12    65.69    105.482    0.250  16.421
>                                    2     0.05    34.73     18.980    0.632  21.961
>                                    3     0.11     2.28      7.879    0.179   0.408
153,155c151,153
<     59.5000     5.946      5.959   1     0.11    67.45    109.773    0.224  15.124
<                                    2     0.05    36.76     18.337    0.624  22.957
<                                    3     0.11     4.35     11.812    0.172   0.764
---
>     59.5000     5.947      5.960   1     0.11    67.58    109.773    0.225  15.233
>                                    2     0.05    36.78     18.337    0.622  22.871
>                                    3     0.11     4.36     11.828    0.173   0.756
159,161c157,159
<     59.5510     5.953      5.964   1     0.12    67.97    114.263    0.202  13.754
<                                    2     0.05    37.21     17.585    0.592  22.016
<                                    3     0.11    15.15     29.487    0.195   2.964
---
>     59.5510     5.955      5.966   1     0.12    68.12    114.263    0.203  13.856
>                                    2     0.05    37.23     17.585    0.589  21.930
>                                    3     0.11    15.19     29.511    0.196   2.974
165,167c163,165
<     59.6000     5.958      5.972   1     0.12    57.74    120.675    0.212  12.254
<                                    2     0.05    34.35     18.677    0.662  22.741
<                                    3     0.11    15.24     25.991    0.248   3.787
---
>     59.6000     5.959      5.973   1     0.12    57.90    120.675    0.212  12.277
>                                    2     0.05    34.37     18.677    0.661  22.715
>                                    3     0.11    15.27     26.001    0.248   3.793
171,173c169,171
<     59.6520     5.970      5.979   1     0.10    67.38    127.975    0.214  14.395
<                                    2     0.05    34.15     18.404    0.552  18.842
<                                    3     0.11    27.11     50.658    0.207   5.616
---
>     59.6520     5.972      5.980   1     0.10    67.55    127.975    0.214  14.458
>                                    2     0.05    34.18     18.404    0.548  18.711
>                                    3     0.11    27.18     50.683    0.207   5.636
177,179c175,177
<     59.7000     5.963      5.996   1     0.13     0.01      0.457    0.072   0.001
<                                    2     0.05    35.01     19.299    0.884  30.939
<                                    3     0.12    29.30     69.335    0.270   7.907
---
>     59.7000     5.964      5.997   1     0.13     0.01      0.468    0.073   0.001
>                                    2     0.05    35.04     19.299    0.882  30.891
>                                    3     0.12    29.40     69.400    0.271   7.958
183,184c181,182
<     59.8000     6.003      6.014   2     0.05    37.04     18.672    0.586  21.709
<                                    3     0.10    78.53    136.726    0.218  17.138
---
>     59.8000     6.005      6.016   2     0.05    37.07     18.675    0.583  21.612
>                                    3     0.10    78.73    136.839    0.219  17.236
195,197c193,195
<     59.9000     6.016      6.025   1     0.12    39.10    109.456    0.158   6.180
<                                    2     0.05    37.11     20.318    0.545  20.235
<                                    3     0.12    69.50    152.890    0.179  12.438
---
>     59.9000     6.018      6.026   1     0.12    39.26    109.456    0.158   6.210
>                                    2     0.05    37.14     20.318    0.543  20.184
>                                    3     0.12    69.72    152.937    0.179  12.480
201,202c199,200
<     60.0000     6.025      6.041   2     0.05    31.25     18.673    0.707  22.090
<                                    3     0.12    75.18    193.713    0.223  16.760
---
>     60.0000     6.027      6.042   2     0.05    31.28     18.676    0.704  22.013
>                                    3     0.12    75.47    193.769    0.223  16.837
206,207c204,205
<     60.0560     6.043      6.049   1     0.12   134.60    236.741    0.167  22.461
<                                    2     0.05    35.59     19.731    0.460  16.375
---
>     60.0560     6.045      6.050   1     0.12   134.91    236.741    0.167  22.471
>                                    2     0.05    35.62     19.735    0.459  16.364
209c207
<                                                                             38.850       -0.062 0.011 0.034 0.000 0.000-0.016
---
>                                                                             38.850       -0.062 0.012 0.034 0.000 0.000-0.016
211,212c209,210
<     60.1000     6.027      6.094   2     0.05    33.78     18.341    1.148  38.767
<                                    3     0.16     0.31      1.449    0.218   0.086
---
>     60.1000     6.029      6.096   2     0.05    33.80     18.344    1.147  38.784
>                                    3     0.16     0.31      1.453    0.220   0.068
216,217c214,215
<     60.1520     6.103      6.107   1     0.11   181.48    399.733    0.131  23.856
<                                    2     0.05    36.84     19.206    0.405  14.923
---
>     60.1520     6.105      6.109   1     0.11   182.15    399.733    0.131  23.878
>                                    2     0.05    36.87     19.210    0.404  14.902
221,222c219,220
<     60.2000     6.094      6.135   2     0.05    38.06     21.025    0.936  35.642
<                                    3     0.12    18.13    101.665    0.183   3.326
---
>     60.2000     6.096      6.137   2     0.05    38.10     21.030    0.934  35.600
>                                    3     0.12    18.30    101.943    0.184   3.369
226,227c224,225
<     60.3000     6.120      6.187   2     0.05    33.76     19.700    1.151  38.843
<                                    3     0.13     0.13      1.240    0.180   0.028
---
>     60.3000     6.122      6.189   2     0.05    33.80     19.707    1.150  38.853
>                                    3     0.13     0.14      1.250    0.181   0.025
231,232c229,230
<     60.4000     6.165      6.248   2     0.05    30.06     16.848    1.284  38.605
<                                    3     0.13     0.93      4.634    0.266   0.261
---
>     60.4000     6.167      6.250   2     0.05    30.10     16.853    1.283  38.613
>                                    3     0.13     0.95      4.664    0.269   0.254
234c232
<                                                                             38.850        0.055 0.021 0.000 0.000 0.000 0.075
---
>                                                                             38.850        0.055 0.021 0.000 0.000 0.000 0.076
236,238c234,236
<     60.4510     6.240      6.269   1     0.13    33.99     70.140    0.267   9.082
<                                    2     0.05    33.39     16.872    0.856  28.580
<                                    3     0.11     4.87     15.445    0.226   1.113
---
>     60.4510     6.243      6.272   1     0.13    34.23     70.179    0.270   9.241
>                                    2     0.05    33.44     16.872    0.849  28.409
>                                    3     0.11     4.93     15.517    0.229   1.126
240c238
<                                                                             38.850       -0.038 0.025 0.008 0.000 0.000-0.005
---
>                                                                             38.850       -0.039 0.025 0.008 0.000 0.000-0.005
242c240
<     60.5210     6.235      6.302   2     0.05    33.87     20.553    1.147  38.853
---
>     60.5210     6.238      6.305   2     0.05    33.94     20.572    1.145  38.853
253,255c251,253
<     60.5280     6.279      6.304   1     0.12     8.66     35.179    0.172   1.523
<                                    2     0.05    35.98     17.375    0.795  28.601
<                                    3     0.11    30.75     52.887    0.278   8.555
---
>     60.5280     6.283      6.308   1     0.12     8.78     35.197    0.173   1.521
>                                    2     0.05    36.04     17.375    0.792  28.534
>                                    3     0.11    30.93     52.910    0.279   8.629
259,261c257,259
<     60.6000     6.302      6.316   1     0.12    20.83    129.974    0.112   2.333
<                                    2     0.05    36.84     18.209    0.631  23.253
<                                    3     0.11    56.39     86.605    0.235  13.265
---
>     60.6000     6.306      6.319   1     0.12    21.26    130.054    0.113   2.393
>                                    2     0.05    36.90     18.209    0.627  23.138
>                                    3     0.11    56.67     86.629    0.235  13.319
265,267c263,265
<     60.6310     6.307      6.320   1     0.11    26.37    147.232    0.131   3.446
<                                    2     0.05    36.79     20.575    0.624  22.952
<                                    3     0.12    54.99     99.063    0.227  12.465
---
>     60.6310     6.310      6.323   1     0.11    26.85    147.305    0.131   3.517
>                                    2     0.05    36.85     20.575    0.620  22.835
>                                    3     0.12    55.31     99.094    0.226  12.510
271,273c269,271
<     60.7000     6.315      6.330   1     0.06    20.75    150.031    0.144   2.997
<                                    2     0.04    38.27     19.126    0.648  24.810
<                                    3     0.10    49.46     98.116    0.224  11.075
---
>     60.7000     6.318      6.332   1     0.07    21.24    150.115    0.144   3.063
>                                    2     0.05    38.33     19.126    0.643  24.633
>                                    3     0.10    49.78     98.183    0.225  11.188
275c273
<                                                                             38.850       -0.011 0.018 0.001 0.000 0.000 0.008
---
>                                                                             38.850       -0.010 0.018 0.001 0.000 0.000 0.009
277,279c275,277
<     60.8000     6.323      6.349   1     0.12     5.24     38.356    0.143   0.754
<                                    2     0.05    30.89     16.278    0.838  25.877
<                                    3     0.11    41.64     79.860    0.292  12.178
---
>     60.8000     6.327      6.352   1     0.12     5.39     38.890    0.145   0.782
>                                    2     0.05    30.95     16.278    0.828  25.628
>                                    3     0.11    41.94     79.914    0.296  12.402
281c279
<                                                                             38.850       -0.038 0.031 0.009 0.000 0.000 0.001
---
>                                                                             38.850       -0.039 0.032 0.009 0.000 0.000 0.002
283,284c281,282
<     60.9000     6.324      6.388   2     0.05    34.31     17.260    1.123  38.547
<                                    3     0.12     0.92      2.456    0.308   0.329
---
>     60.9000     6.329      6.392   2     0.05    34.38     17.269    1.123  38.606
>                                    3     0.12     0.93      2.470    0.314   0.293
286c284
<                                                                             38.850        0.031 0.033 0.000 0.000 0.000 0.064
---
>                                                                             38.850        0.031 0.034 0.000 0.000 0.000 0.064
288,289c286,287
<     61.0000     6.388      6.421   2     0.05    42.37     25.413    0.842  35.658
<                                    3     0.12    12.68     33.411    0.258   3.278
---
>     61.0000     6.393      6.426   2     0.05    42.50     25.427    0.837  35.558
>                                    3     0.12    12.86     33.500    0.260   3.340
293,294c291,292
<     61.1000     6.426      6.441   2     0.04    37.00     17.210    0.667  24.681
<                                    3     0.12    72.24    149.466    0.198  14.289
---
>     61.1000     6.431      6.446   2     0.05    37.08     17.220    0.659  24.448
>                                    3     0.12    73.07    149.466    0.199  14.508
298c296
<                                                                             19.200        0.015 0.002 0.000 0.000 0.000 0.016
---
>                                                                             19.200        0.014 0.002 0.000 0.000 0.000 0.016
300,302c298,300
<     61.1270     6.442      6.442   1     0.12   253.51    417.465    0.045  11.423
<                                    2     0.05    46.73     20.616    0.132   6.180
<                                    3     0.12    48.83    143.127    0.033   1.593
---
>     61.1270     6.447      6.447   1     0.11   255.64    417.465    0.045  11.410
>                                    2     0.05    46.83     20.616    0.132   6.179
>                                    3     0.12    49.57    143.127    0.033   1.611
313,315c311,313
<     61.1390     6.442      6.442   1     0.11   235.19    404.515    0.055  12.828
<                                    2     0.05    34.91     19.953    0.137   4.777
<                                    3     0.12    40.38    123.735    0.040   1.597
---
>     61.1390     6.447      6.448   1     0.11   237.27    404.515    0.054  12.868
>                                    2     0.05    35.00     19.953    0.135   4.718
>                                    3     0.12    41.01    123.735    0.039   1.616
319,321c317,319
<     61.2000     6.443      6.443   1     0.12   202.30    366.959    0.060  12.235
<                                    2     0.05    27.69     16.594    0.154   4.274
<                                    3     0.13    52.41    124.054    0.051   2.691
---
>     61.2000     6.448      6.448   1     0.12   204.17    366.959    0.060  12.279
>                                    2     0.05    27.77     16.594    0.152   4.214
>                                    3     0.12    53.05    124.054    0.051   2.707
335c333
<       1          0.5770      16.868      1.826      21.287     Überströmen 
---
>       1          0.5771      16.861      1.831      21.344     Überströmen 
339c337
<       6.476      16.868
---
>       6.481      16.861
345,347c343,345
<     61.2410     6.458      6.476   1     0.06     3.68      4.260    0.371   1.366
<                                    2     0.05    27.85     11.996    0.606  16.873
<                                    3     0.05     2.36      2.905    0.409   0.967
---
>     61.2410     6.463      6.481   1     0.06     3.70      4.270    0.370   1.370
>                                    2     0.05    27.90     11.996    0.604  16.860
>                                    3     0.05     2.37      2.912    0.408   0.969
351,353c349,351
<     61.3000     6.479      6.481   1     0.12    76.86    201.310    0.112   8.571
<                                    2     0.06    20.87     15.588    0.291   6.064
<                                    3     0.13    45.81    135.478    0.099   4.539
---
>     61.3000     6.484      6.486   1     0.12    77.85    202.090    0.111   8.604
>                                    2     0.06    20.95     15.588    0.287   6.016
>                                    3     0.13    46.47    135.478    0.098   4.568
357,359c355,357
<     61.4000     6.486      6.506   1     0.13     0.12      0.725    0.160   0.024
<                                    2     0.06    22.43     16.152    0.692  15.527
<                                    3     0.12    17.69     69.635    0.206   3.650
---
>     61.4000     6.491      6.510   1     0.13     0.13      0.734    0.162   0.020
>                                    2     0.06    22.50     16.152    0.689  15.496
>                                    3     0.12    18.04     69.861    0.209   3.761
361c359
<                                                                             19.200       -0.006 0.036 0.000 0.000 0.000 0.030
---
>                                                                             19.200       -0.005 0.035 0.000 0.000 0.000 0.030
363,365c361,363
<     61.5000     6.516      6.547   1     0.12     4.46     23.541    0.239   1.067
<                                    2     0.06    18.49     14.743    0.859  15.884
<                                    3     0.11    11.87    111.957    0.189   2.249
---
>     61.5000     6.521      6.551   1     0.12     4.57     23.720    0.239   1.094
>                                    2     0.06    18.56     14.743    0.849  15.748
>                                    3     0.11    12.41    113.652    0.190   2.360
367c365
<                                                                             19.200        0.004 0.041 0.000 0.000 0.000 0.045
---
>                                                                             19.200        0.003 0.040 0.000 0.000 0.000 0.044
369,370c367,368
<     61.6000     6.561      6.588   2     0.06    20.77     15.980    0.789  16.396
<                                    3     0.11    11.87     52.964    0.236   2.804
---
>     61.6000     6.564      6.591   2     0.06    20.82     15.987    0.785  16.352
>                                    3     0.11    12.05     53.132    0.236   2.848
379c377
<                                                                             19.200        0.001 0.037 0.000 0.000 0.000 0.038
---
>                                                                             19.200        0.003 0.036 0.000 0.000 0.000 0.039
381,383c379,381
<     61.7000     6.598      6.625   1     0.13     0.28      1.096    0.247   0.080
<                                    2     0.06    18.85     14.405    0.805  15.171
<                                    3     0.11    16.64     77.182    0.237   3.947
---
>     61.7000     6.602      6.627   1     0.12     3.45     33.357    0.158   0.546
>                                    2     0.06    18.90     14.405    0.777  14.689
>                                    3     0.11    16.94     77.504    0.234   3.971
385c383
<                                                                             19.200       -0.001 0.036 0.000 0.000 0.000 0.034
---
>                                                                             19.200       -0.002 0.035 0.000 0.000 0.000 0.032
387,388c385,386
<     61.8000     6.633      6.662   2     0.06    21.96     16.061    0.792  17.404
<                                    3     0.12     9.46     56.993    0.190   1.796
---
>     61.8000     6.635      6.664   2     0.06    21.99     16.065    0.790  17.381
>                                    3     0.12     9.57     57.077    0.190   1.819
390c388
<                                                                             19.200        0.006 0.033 0.000 0.000 0.000 0.038
---
>                                                                             19.200        0.005 0.032 0.000 0.000 0.000 0.038
392,393c390,391
<     61.9000     6.671      6.695   2     0.06    21.47     16.968    0.742  15.923
<                                    3     0.11    15.20     77.970    0.216   3.277
---
>     61.9000     6.672      6.696   2     0.06    21.50     16.974    0.739  15.898
>                                    3     0.11    15.32     78.242    0.216   3.302
395c393
<                                                                             19.200        0.007 0.028 0.000 0.000 0.000 0.035
---
>                                                                             19.200        0.008 0.028 0.000 0.000 0.000 0.035
397,399c395,397
<     62.0000     6.706      6.722   1     0.12    24.74     89.073    0.202   4.997
<                                    2     0.06    21.92     16.019    0.646  14.161
<                                    3     0.13     0.39      4.676    0.109   0.042
---
>     62.0000     6.708      6.724   1     0.12    24.89     89.073    0.203   5.063
>                                    2     0.06    21.94     16.019    0.642  14.094
>                                    3     0.13     0.40      4.724    0.110   0.043
403,404c401,402
<     62.1000     6.729      6.770   2     0.06    21.48     17.367    0.894  19.200
<                                    3     0.13     0.01      0.734    0.065   0.001
---
>     62.1000     6.730      6.771   2     0.06    21.51     17.371    0.893  19.199
>                                    3     0.13     0.01      0.775    0.067   0.001
406c404
<                                                                             19.200        0.025 0.037 0.000 0.000 0.000 0.062
---
>                                                                             19.200        0.025 0.037 0.000 0.000 0.000 0.061
408,409c406,407
<     62.2000     6.790      6.807   2     0.06    20.32     16.066    0.653  13.281
<                                    3     0.12    23.92     67.917    0.246   5.895
---
>     62.2000     6.792      6.808   2     0.06    20.34     16.068    0.652  13.264
>                                    3     0.12    24.01     67.989    0.246   5.911
411c409
<                                                                             19.200       -0.004 0.028 0.000 0.000 0.000 0.025
---
>                                                                             19.200       -0.004 0.029 0.000 0.000 0.000 0.025
413,415c411,413
<     62.3000     6.815      6.839   1     0.13     0.14      0.819    0.182   0.034
<                                    2     0.06    20.93     15.445    0.748  15.645
<                                    3     0.12    15.98     63.813    0.220   3.521
---
>     62.3000     6.817      6.840   1     0.13     0.15      0.822    0.183   0.027
>                                    2     0.06    20.95     15.445    0.745  15.599
>                                    3     0.12    16.09     63.887    0.222   3.576
417c415
<                                                                             19.200       -0.002 0.032 0.000 0.000 0.000 0.031
---
>                                                                             19.200       -0.002 0.033 0.000 0.000 0.000 0.031
419,420c417,418
<     62.4000     6.846      6.873   1     0.11    14.42     71.631    0.225   3.237
<                                    2     0.06    20.01     15.174    0.798  15.963
---
>     62.4000     6.847      6.875   1     0.11    14.54     71.722    0.225   3.269
>                                    2     0.06    20.03     15.174    0.795  15.931
422c420
<                                                                             19.200       -0.013 0.049 0.000 0.000 0.000 0.035
---
>                                                                             19.200       -0.013 0.048 0.000 0.000 0.000 0.035
424,425c422,423
<     62.5000     6.881      6.935   2     0.06    18.38     13.586    1.037  19.058
<                                    3     0.10     0.92      8.053    0.232   0.213
---
>     62.5000     6.883      6.936   2     0.06    18.40     13.588    1.036  19.055
>                                    3     0.10     0.93      8.173    0.233   0.216
439c437
<       1          0.5676      17.443      1.350      12.146     Überströmen 
---
>       1          0.5677      17.436      1.351      12.155     Überströmen 
443c441
<       7.010      17.443
---
>       7.011      17.436
456,458c454,456
<     62.5930     6.946      7.010   1     0.08     1.41      4.105    0.508   0.718
<                                    2     0.05    15.06      9.209    1.158  17.443
<                                    3     0.03     2.27     20.234    0.458   1.039
---
>     62.5930     6.947      7.011   1     0.08     1.42      4.116    0.507   0.720
>                                    2     0.05    15.08      9.209    1.157  17.436
>                                    3     0.03     2.29     20.644    0.456   1.044
460c458
<                                                                             19.200       -0.106 0.012 0.023 0.000 0.000-0.070
---
>                                                                             19.200       -0.105 0.013 0.023 0.000 0.000-0.070
462,463c460,461
<     62.6000     6.876      7.045   1     0.13     0.16      1.081    0.512   0.088
<                                    2     0.06    10.47     10.620    1.826  19.112
---
>     62.6000     6.878      7.046   1     0.13     0.17      1.087    0.521   0.086
>                                    2     0.07    10.49     10.625    1.823  19.114
465c463
<                                                                             19.200        0.137 0.159 0.000 0.000 0.000 0.296
---
>                                                                             19.200        0.137 0.163 0.000 0.000 0.000 0.300
467,469c465,467
<     62.7000     7.172      7.204   1     0.11     8.67     40.398    0.234   2.028
<                                    2     0.05    17.13     10.999    0.884  15.148
<                                    3     0.10     8.46     40.790    0.238   2.015
---
>     62.7000     7.178      7.209   1     0.11     8.89     40.756    0.234   2.077
>                                    2     0.05    17.18     10.999    0.876  15.052
>                                    3     0.10     8.69     41.275    0.237   2.061
471c469
<                                                                             19.200       -0.005 0.039 0.000 0.000 0.000 0.035
---
>                                                                             19.200       -0.005 0.038 0.000 0.000 0.000 0.034
473,475c471,473
<     62.8000     7.207      7.248   1     0.11     9.28     50.515    0.238   2.205
<                                    2     0.05    17.61     11.215    0.956  16.834
<                                    3     0.06     0.66      5.651    0.244   0.161
---
>     62.8000     7.212      7.252   1     0.11     9.52     50.771    0.238   2.265
>                                    2     0.05    17.66     11.215    0.950  16.769
>                                    3     0.06     0.69      5.931    0.241   0.165
477c475
<                                                                             19.200        0.004 0.044 0.000 0.000 0.000 0.048
---
>                                                                             19.200        0.004 0.043 0.000 0.000 0.000 0.047
479,480c477,478
<     62.9000     7.255      7.292   2     0.06    19.16     15.029    0.899  17.222
<                                    3     0.10    10.27     98.820    0.193   1.978
---
>     62.9000     7.259      7.295   2     0.06    19.22     15.051    0.892  17.137
>                                    3     0.10    10.68     99.691    0.193   2.063
482c480
<                                                                             19.200       -0.010 0.049 0.000 0.000 0.000 0.040
---
>                                                                             19.200       -0.010 0.050 0.000 0.000 0.000 0.039
484,485c482,483
<     63.0000     7.294      7.351   1     0.06     0.56      5.391    0.262   0.168
<                                    2     0.05    17.96     12.647    1.061  19.061
---
>     63.0000     7.298      7.355   1     0.06     0.58      6.276    0.262   0.153
>                                    2     0.05    18.00     12.657    1.060  19.074
487c485
<                                                                             19.200        0.029 0.044 0.000 0.000 0.000 0.073
---
>                                                                             19.200        0.029 0.044 0.000 0.000 0.000 0.074
489,491c487,489
<     63.1000     7.367      7.395   1     0.13     0.23      3.154    0.127   0.029
<                                    2     0.06    19.77     14.733    0.805  15.912
<                                    3     0.11    13.98     62.846    0.233   3.258
---
>     63.1000     7.372      7.399   1     0.13     0.25      3.253    0.128   0.031
>                                    2     0.06    19.84     14.733    0.799  15.846
>                                    3     0.11    14.27     63.326    0.233   3.322
493c491
<                                                                             19.200       -0.010 0.043 0.000 0.000 0.000 0.033
---
>                                                                             19.200       -0.010 0.042 0.000 0.000 0.000 0.032
495c493
<     63.2000     7.400      7.448   2     0.06    19.86     15.188    0.968  19.224
---
>     63.2000     7.404      7.451   2     0.06    19.92     15.212    0.965  19.224
499c497
<     63.3000     7.450      7.504   2     0.05    18.78     14.265    1.024  19.233
---
>     63.3000     7.454      7.507   2     0.05    18.83     14.281    1.021  19.233
501c499
<                                                                             19.200        0.010 0.049 0.000 0.000 0.000 0.060
---
>                                                                             19.200        0.010 0.049 0.000 0.000 0.000 0.059
503,504c501,502
<     63.4000     7.510      7.553   1     0.12     1.11      8.993    0.190   0.211
<                                    2     0.05    20.61     14.799    0.921  18.984
---
>     63.4000     7.513      7.556   1     0.11     1.14      9.058    0.191   0.218
>                                    2     0.05    20.65     14.807    0.919  18.976
513c511
<                                                                             19.200       -0.003 0.045 0.000 0.000 0.000 0.042
---
>                                                                             19.200       -0.003 0.044 0.000 0.000 0.000 0.041
515c513
<     63.5000     7.552      7.600   2     0.05    19.69     14.261    0.976  19.213
---
>     63.5000     7.555      7.603   2     0.05    19.72     14.277    0.974  19.213
519,521c517,519
<     63.6000     7.611      7.641   1     0.12     0.42      5.238    0.138   0.058
<                                    2     0.06    20.79     14.984    0.818  16.997
<                                    3     0.11     9.91     53.897    0.216   2.145
---
>     63.6000     7.614      7.644   1     0.12     0.44      5.310    0.141   0.062
>                                    2     0.06    20.83     14.984    0.814  16.949
>                                    3     0.11    10.08     54.038    0.218   2.198
523c521
<                                                                             19.200       -0.009 0.042 0.000 0.000 0.000 0.034
---
>                                                                             19.200       -0.009 0.042 0.000 0.000 0.000 0.033
525c523
<     63.7000     7.644      7.692   2     0.05    19.85     15.034    0.968  19.219
---
>     63.7000     7.647      7.695   2     0.05    19.89     15.051    0.966  19.219
529c527
<     63.8000     7.692      7.741   2     0.05    19.48     13.852    0.987  19.222
---
>     63.8000     7.694      7.744   2     0.05    19.52     13.864    0.985  19.222
533c531
<     63.9000     7.741      7.796   2     0.06    18.54     14.007    1.037  19.218
---
>     63.9000     7.744      7.799   2     0.06    18.57     14.021    1.035  19.218
535c533
<                                                                             19.200        0.001 0.056 0.000 0.000 0.000 0.057
---
>                                                                             19.200        0.001 0.055 0.000 0.000 0.000 0.056
537,538c535,536
<     64.0000     7.798      7.852   2     0.05    18.61     13.429    1.030  19.172
<                                    3     0.12     0.33      3.797    0.173   0.057
---
>     64.0000     7.800      7.854   2     0.05    18.63     13.435    1.029  19.170
>                                    3     0.12     0.34      3.841    0.175   0.059
540c538
<                                                                             19.200        0.002 0.050 0.000 0.000 0.000 0.052
---
>                                                                             19.200        0.002 0.051 0.000 0.000 0.000 0.052
542,543c540,541
<     64.1000     7.850      7.902   1     0.13     0.12      0.897    0.197   0.026
<                                    2     0.05    18.97     12.774    1.013  19.220
---
>     64.1000     7.853      7.904   1     0.13     0.12      0.905    0.200   0.024
>                                    2     0.05    19.00     12.779    1.011  19.217
557c555
<       1          0.5651      17.410      1.241      11.793     Überströmen 
---
>       1          0.5651      17.407      1.243      11.811     Überströmen 
561c559
<       7.992      17.410
---
>       7.993      17.407
565c563
<                                                                             19.200       -0.021 0.000 0.001 0.000 0.000-0.019
---
>                                                                             19.200       -0.020 0.000 0.001 0.000 0.000-0.019
567,569c565,567
<     64.1930     7.917      7.991   1     0.07     1.34      2.620    0.750   1.003
<                                    2     0.06    14.05      9.628    1.239  17.411
<                                    3     0.08     1.15      2.333    0.686   0.786
---
>     64.1930     7.919      7.993   1     0.07     1.34      2.626    0.748   1.005
>                                    2     0.06    14.07      9.628    1.237  17.407
>                                    3     0.08     1.15      2.337    0.685   0.788
578c576
<                                                                             19.200       -0.039 0.051 0.000 0.000 0.000 0.012
---
>                                                                             19.200       -0.039 0.051 0.000 0.000 0.000 0.013
580,581c578,579
<     64.2200     7.929      8.082   2     0.07    11.10     11.422    1.731  19.217
<                                    3     0.13     0.02      0.452    0.294   0.007
---
>     64.2200     7.932      8.083   2     0.07    11.13     11.429    1.727  19.211
>                                    3     0.13     0.02      0.463    0.298   0.007
583c581
<                                                                             19.200        0.094 0.139 0.000 0.000 0.000 0.233
---
>                                                                             19.200        0.094 0.140 0.000 0.000 0.000 0.234
585,587c583,585
<     64.3000     8.163      8.221   1     0.13     0.07      0.601    0.212   0.020
<                                    2     0.06    17.93     12.740    1.066  19.108
<                                    3     0.13     0.22      3.369    0.160   0.037
---
>     64.3000     8.166      8.223   1     0.13     0.07      0.607    0.216   0.016
>                                    2     0.06    17.96     12.740    1.065  19.126
>                                    3     0.13     0.23      3.444    0.165   0.038
589c587
<                                                                             19.200        0.012 0.074 0.000 0.000 0.000 0.085
---
>                                                                             19.200        0.014 0.074 0.000 0.000 0.000 0.088
591,593c589,590
<     64.4000     8.248      8.294   1     0.13     0.09      0.818    0.239   0.028
<                                    2     0.06    13.21     11.543    1.086  14.347
<                                    3     0.11    15.46     92.690    0.312   4.825
---
>     64.4000     8.254      8.298   1     0.13     0.10      0.832    0.243   0.024
>                                    3     0.11    16.02     92.690    0.316   5.066
595c592
<                                                                             19.200       -0.006 0.070 0.000 0.000 0.000 0.065
---
>                                                                             19.200       -0.007 0.071 0.000 0.000 0.000 0.064
597,599c594,596
<     64.5000     8.313      8.370   1     0.13     0.03      0.479    0.158   0.009
<                                    2     0.05    17.99     13.142    1.066  19.181
<                                    3     0.13     0.13      0.915    0.221   0.039
---
>     64.5000     8.318      8.375   1     0.13     0.04      0.495    0.162   0.006
>                                    2     0.05    18.06     13.142    1.063  19.191
>                                    3     0.13     0.14      0.930    0.224   0.031
601c598
<                                                                             19.200        0.001 0.058 0.000 0.000 0.000 0.058
---
>                                                                             19.200        0.001 0.058 0.000 0.000 0.000 0.059
603,605c600,602
<     64.6000     8.371      8.428   1     0.11     0.86      2.130    0.410   0.353
<                                    2     0.05    17.55     11.858    1.070  18.792
<                                    3     0.13     0.56      5.054    0.196   0.119
---
>     64.6000     8.377      8.433   1     0.11     0.87      2.144    0.409   0.357
>                                    2     0.06    17.62     11.858    1.059  18.660
>                                    3     0.13     0.59      5.187    0.197   0.116
607c604
<                                                                             19.200        0.011 0.051 0.000 0.000 0.000 0.062
---
>                                                                             19.200        0.011 0.052 0.000 0.000 0.000 0.062
609,611c606,608
<     64.7000     8.433      8.479   1     0.11     5.16     31.817    0.222   1.173
<                                    2     0.05    18.18     12.092    0.983  17.866
<                                    3     0.11     0.54      4.516    0.198   0.129
---
>     64.7000     8.439      8.485   1     0.11     5.36     31.997    0.227   1.215
>                                    2     0.05    18.25     12.092    0.978  17.853
>                                    3     0.11     0.57      4.648    0.201   0.115
618c615
<                                                                             19.200       -0.029 0.072 0.000 0.000 0.000 0.044
---
>                                                                             19.200       -0.029 0.072 0.000 0.000 0.000 0.043
620c617
<     64.7760     8.476      8.580   2     0.06    13.45     12.705    1.429  19.211
---
>     64.7760     8.482      8.585   2     0.06    13.52     12.720    1.421  19.211
623c620
<               8.476    11.252    13.446
---
>               8.482    11.315    13.515
626c623
<              13.446     0.000     0.000     0.000
---
>              13.515     0.000     0.000     0.000
636c633
<               8.492    11.304    13.628
---
>               8.497    11.366    13.693
639c636
<              13.628     0.000     0.000     0.000
---
>              13.693     0.000     0.000     0.000
642c639
<               8.496    11.356    13.683
---
>               8.502    11.419    13.749
645c642
<              13.683     0.000     0.000     0.000
---
>              13.749     0.000     0.000     0.000
653c650
<     64.7820     8.496      8.597   2     0.06    13.68     12.755    1.403  19.201
---
>     64.7820     8.502      8.601   2     0.06    13.75     12.769    1.396  19.200
659c656
<     64.7870     8.499      8.608   2     0.06    13.13     12.636    1.465  19.225
---
>     64.7870     8.505      8.613   2     0.06    13.19     12.650    1.458  19.225
661c658
<                                                                             19.200        0.060 0.015 0.000 0.000 0.000 0.075
---
>                                                                             19.200        0.060 0.015 0.000 0.000 0.000 0.074
663,665c660,662
<     64.8000     8.574      8.623   1     0.11     7.58     60.340    0.258   1.955
<                                    2     0.06    16.64     14.794    1.034  17.210
<                                    3     0.13     0.13      4.091    0.120   0.016
---
>     64.8000     8.579      8.628   1     0.11     7.90     61.190    0.259   2.042
>                                    2     0.06    16.72     14.794    1.024  17.120
>                                    3     0.13     0.15      4.431    0.123   0.019
667c664
<                                                                             19.200        0.003 0.060 0.000 0.000 0.000 0.064
---
>                                                                             19.200        0.003 0.059 0.000 0.000 0.000 0.062
669,670c666,667
<     64.9000     8.638      8.684   2     0.06    19.95     14.669    0.959  19.142
<                                    3     0.13     0.69      5.560    0.196   0.134
---
>     64.9000     8.641      8.686   2     0.06    20.00     14.677    0.949  18.978
>                                    3     0.08     1.66     45.246    0.134   0.222
672c669
<                                                                             19.200        0.006 0.049 0.000 0.000 0.000 0.055
---
>                                                                             19.200        0.005 0.048 0.000 0.000 0.000 0.054
674,676c671,673
<     65.0000     8.692      8.733   1     0.11     3.79     28.759    0.210   0.799
<                                    2     0.06    19.26     14.150    0.923  17.786
<                                    3     0.11     2.73     19.332    0.226   0.617
---
>     65.0000     8.695      8.735   1     0.11     3.86     28.988    0.212   0.817
>                                    2     0.06    19.29     14.150    0.920  17.754
>                                    3     0.11     2.77     19.510    0.227   0.631
678c675
<                                                                             19.200       -0.004 0.046 0.000 0.000 0.000 0.042
---
>                                                                             19.200       -0.004 0.047 0.000 0.000 0.000 0.043
680,682c677,679
<     65.1000     8.734      8.783   1     0.13     0.14      0.766    0.220   0.038
<                                    2     0.05    19.54     13.168    0.981  19.171
<                                    3     0.13     0.19      1.141    0.213   0.045
---
>     65.1000     8.738      8.786   1     0.13     0.14      0.772    0.226   0.032
>                                    2     0.05    19.58     13.168    0.979  19.172
>                                    3     0.13     0.19      1.153    0.219   0.042
684c681
<                                                                             19.200        0.007 0.043 0.000 0.000 0.000 0.049
---
>                                                                             19.200        0.007 0.044 0.000 0.000 0.000 0.050
686c683
<     65.2000     8.784      8.826   2     0.05    21.15     15.241    0.908  19.200
---
>     65.2000     8.788      8.830   2     0.05    21.22     15.261    0.905  19.200
690c687
<     65.3000     8.825      8.870   2     0.05    20.40     14.885    0.943  19.230
---
>     65.3000     8.829      8.874   2     0.05    20.45     14.904    0.940  19.230
694c691
<     65.4000     8.870      8.913   2     0.06    21.10     14.705    0.913  19.259
---
>     65.4000     8.874      8.916   2     0.06    21.15     14.723    0.911  19.259
703c700
<                                                                             19.200        0.003 0.037 0.000 0.000 0.000 0.041
---
>                                                                             19.200        0.003 0.038 0.000 0.000 0.000 0.041
705,707c702,704
<     65.5000     8.911      8.950   1     0.13     0.12      0.721    0.186   0.029
<                                    2     0.05    21.87     13.782    0.879  19.216
<                                    3     0.13     0.25      4.211    0.111   0.029
---
>     65.5000     8.915      8.954   1     0.13     0.13      0.728    0.189   0.024
>                                    2     0.05    21.92     13.782    0.876  19.201
>                                    3     0.13     0.27      4.355    0.114   0.031
721c718
<       1          0.5597      18.554      1.041      11.451     Überströmen 
---
>       1          0.5597      18.551      1.043      11.473     Überströmen 
725c722
<       9.121      18.554
---
>       9.123      18.551
731,733c728,730
<     65.6230     9.072      9.121   1     0.08     0.62      1.725    0.405   0.252
<                                    2     0.05    18.60     11.365    0.997  18.554
<                                    3     0.09     0.91      2.138    0.432   0.394
---
>     65.6230     9.074      9.123   1     0.08     0.63      1.729    0.405   0.253
>                                    2     0.05    18.63     11.365    0.996  18.551
>                                    3     0.09     0.92      2.143    0.432   0.395
737c734
<     65.7000     9.116      9.213   2     0.06    13.88     12.410    1.384  19.204
---
>     65.7000     9.118      9.215   2     0.06    13.90     12.419    1.381  19.203
741c738
<     65.8000     9.245      9.325   2     0.06    15.35     12.586    1.251  19.200
---
>     65.8000     9.246      9.326   2     0.06    15.36     12.592    1.250  19.200
743c740
<                                                                             19.200        0.010 0.086 0.000 0.000 0.000 0.096
---
>                                                                             19.200        0.010 0.085 0.000 0.000 0.000 0.096
745c742
<     65.9000     9.341      9.410   2     0.06    16.45     13.132    1.167  19.200
---
>     65.9000     9.342      9.411   2     0.06    16.47     13.139    1.166  19.200
749c746
<     66.0000     9.422      9.500   2     0.06    15.54     12.450    1.235  19.196
---
>     66.0000     9.423      9.501   2     0.06    15.55     12.457    1.234  19.196
753c750
<     66.1000     9.528      9.610   2     0.07    15.08     13.309    1.277  19.257
---
>     66.1000     9.528      9.611   2     0.07    15.09     13.313    1.276  19.257
757c754
<     66.2000     9.645      9.715   2     0.06    16.44     13.643    1.168  19.198
---
>     66.2000     9.646      9.715   2     0.06    16.45     13.646    1.167  19.198
759c756
<                                                                             19.200       -0.001 0.084 0.000 0.000 0.000 0.083
---
>                                                                             19.200       -0.001 0.085 0.000 0.000 0.000 0.084
761,762c758,759
<     66.3000     9.729      9.800   1     0.13     0.11      0.789    0.280   0.032
<                                    2     0.05    16.18     12.901    1.187  19.215
---
>     66.3000     9.730      9.801   1     0.13     0.11      0.791    0.284   0.028
>                                    2     0.06    16.20     12.904    1.186  19.204
773,774c770,771
<     66.4000     9.814      9.871   2     0.06    18.15     13.853    1.055  19.150
<                                    3     0.13     0.30      4.115    0.167   0.050
---
>     66.4000     9.816      9.872   2     0.06    18.17     13.856    1.054  19.149
>                                    3     0.13     0.30      4.169    0.168   0.051
778,779c775,776
<     66.5000     9.890      9.926   2     0.06    17.79     14.058    0.908  16.150
<                                    3     0.12    10.04     34.778    0.304   3.050
---
>     66.5000     9.892      9.928   2     0.06    17.81     14.062    0.906  16.134
>                                    3     0.12    10.10     34.821    0.304   3.066
783,785c780,782
<     66.6000     9.931      9.979   1     0.14     0.20      1.020    0.224   0.057
<                                    2     0.05    19.12     12.930    0.987  18.881
<                                    3     0.12     2.08     27.576    0.148   0.309
---
>     66.6000     9.932      9.981   1     0.14     0.20      1.024    0.226   0.045
>                                    2     0.05    19.14     12.930    0.986  18.873
>                                    3     0.12     2.13     27.647    0.151   0.322
789,790c786,787
<     66.7000     9.976     10.031   1     0.13     0.02      0.312    0.154   0.005
<                                    2     0.05    18.51     13.155    1.037  19.208
---
>     66.7000     9.979     10.033   1     0.13     0.02      0.316    0.156   0.004
>                                    2     0.05    18.54     13.161    1.036  19.215
794c791
<     66.8000    10.033     10.092   2     0.06    17.83     13.598    1.078  19.225
---
>     66.8000    10.036     10.095   2     0.06    17.86     13.610    1.076  19.225
796c793
<                                                                             19.200       -0.007 0.083 0.000 0.000 0.000 0.076
---
>                                                                             19.200       -0.007 0.082 0.000 0.000 0.000 0.075
798,799c795,796
<     66.9000    10.109     10.182   1     0.12     0.10     11.632    0.072   0.007
<                                    2     0.06    16.03     13.879    1.200  19.231
---
>     66.9000    10.111     10.184   1     0.12     0.12     12.242    0.081   0.010
>                                    2     0.06    16.06     13.884    1.197  19.228
813c810
<       1          0.5624      18.222      1.139      11.963     Überströmen 
---
>       1          0.5625      18.220      1.141      11.978     Überströmen 
817c814
<      10.269      18.222
---
>      10.271      18.220
823,825c820,822
<     66.9500    10.223     10.269   1     0.06     1.03      2.158    0.510   0.523
<                                    2     0.05    18.69     10.961    0.975  18.222
<                                    3     0.07     0.95      2.185    0.480   0.454
---
>     66.9500    10.224     10.271   1     0.06     1.03      2.161    0.510   0.525
>                                    2     0.05    18.71     10.961    0.974  18.220
>                                    3     0.07     0.95      2.188    0.480   0.455
829c826
<     66.9770    10.196     10.318   2     0.07    12.38     11.938    1.551  19.200
---
>     66.9770    10.197     10.320   2     0.07    12.39     11.947    1.549  19.200
840,841c837,838
<     67.0000    10.264     10.355   1     0.13     0.06      0.682    0.250   0.016
<                                    2     0.06    14.40     12.269    1.330  19.151
---
>     67.0000    10.266     10.356   1     0.13     0.06      0.688    0.253   0.015
>                                    2     0.06    14.42     12.275    1.329  19.154
843c840
<                                                                             19.200        0.013 0.105 0.000 0.000 0.000 0.118
---
>                                                                             19.200        0.013 0.106 0.000 0.000 0.000 0.120
845,847c842,844
<     67.1000    10.382     10.459   1     0.13     0.11      0.749    0.282   0.039
<                                    2     0.06    15.31     11.601    1.238  18.950
<                                    3     0.13     0.81      6.390    0.266   0.214
---
>     67.1000    10.385     10.462   1     0.13     0.11      0.757    0.286   0.031
>                                    2     0.06    15.34     11.601    1.235  18.946
>                                    3     0.13     0.83      6.472    0.270   0.223
849c846
<                                                                             19.200       -0.001 0.095 0.000 0.000 0.000 0.094
---
>                                                                             19.200       -0.001 0.097 0.000 0.000 0.000 0.095
851,852c848,849
<     67.2000    10.476     10.556   1     0.13     0.10      0.819    0.267   0.032
<                                    2     0.06    15.31     12.414    1.255  19.221
---
>     67.2000    10.481     10.560   1     0.13     0.10      0.835    0.271   0.027
>                                    2     0.06    15.37     12.433    1.250  19.208
854c851
<                                                                             19.200        0.016 0.088 0.000 0.000 0.000 0.104
---
>                                                                             19.200        0.016 0.090 0.000 0.000 0.000 0.106
856,857c853,854
<     67.3000    10.580     10.644   1     0.13     0.22      1.142    0.302   0.075
<                                    2     0.06    17.06     13.289    1.121  19.125
---
>     67.3000    10.586     10.650   1     0.13     0.23      1.158    0.307   0.071
>                                    2     0.06    17.13     13.307    1.117  19.129
859c856
<                                                                             19.200        0.006 0.074 0.000 0.000 0.000 0.080
---
>                                                                             19.200        0.006 0.074 0.000 0.000 0.000 0.081
861,863c858,860
<     67.4000    10.661     10.719   1     0.13     0.01      0.252    0.146   0.002
<                                    2     0.06    17.68     14.219    1.077  19.036
<                                    3     0.10     1.03     12.601    0.217   0.224
---
>     67.4000    10.667     10.724   1     0.13     0.01      0.259    0.147   0.002
>                                    2     0.06    17.77     14.219    1.071  19.028
>                                    3     0.10     1.11     13.154    0.219   0.244
865c862
<                                                                             19.200       -0.006 0.086 0.000 0.000 0.000 0.080
---
>                                                                             19.200       -0.006 0.085 0.000 0.000 0.000 0.078
867c864
<     67.5000    10.740     10.811   2     0.06    16.28     14.126    1.182  19.244
---
>     67.5000    10.746     10.816   2     0.06    16.35     14.157    1.177  19.244
871c868
<                                                                             10.420        0.047 0.063 0.000 0.000 0.000 0.111
---
>                                                                             10.420        0.047 0.063 0.000 0.000 0.000 0.110
873,874c870,871
<     67.6000    10.851     10.875   2     0.06    15.20     11.762    0.682  10.360
<                                    3     0.12     0.40      1.736    0.208   0.084
---
>     67.6000    10.856     10.879   2     0.06    15.25     11.774    0.679  10.354
>                                    3     0.11     0.41      1.747    0.211   0.087
878c875
<     67.7000    10.881     10.900   2     0.06    17.32     13.997    0.602  10.420
---
>     67.7000    10.886     10.904   2     0.06    17.38     14.013    0.600  10.420
880c877
<                                                                             10.420       -0.004 0.029 0.000 0.000 0.000 0.026
---
>                                                                             10.420       -0.004 0.029 0.000 0.000 0.000 0.025
882,883c879,880
<     67.8000    10.907     10.933   2     0.06    14.52     12.227    0.716  10.399
<                                    3     0.13     0.47      6.839    0.122   0.058
---
>     67.8000    10.912     10.937   2     0.06    14.57     12.236    0.714  10.396
>                                    3     0.13     0.50      7.068    0.125   0.062
887c884
<     67.9000    10.941     10.969   2     0.06    14.02     11.526    0.746  10.457
---
>     67.9000    10.946     10.974   2     0.06    14.06     11.536    0.744  10.457
898,900c895,897
<     68.0000    10.976     11.001   1     0.13     0.06      0.495    0.144   0.011
<                                    2     0.06    14.79     11.417    0.704  10.410
<                                    3     0.13     0.16      2.082    0.119   0.019
---
>     68.0000    10.980     11.005   1     0.13     0.06      0.502    0.146   0.009
>                                    2     0.06    14.83     11.417    0.702  10.414
>                                    3     0.13     0.17      2.141    0.121   0.021
902c899
<                                                                             10.420       -0.001 0.032 0.000 0.000 0.000 0.032
---
>                                                                             10.420       -0.001 0.033 0.000 0.000 0.000 0.032
904,906c901,903
<     68.1000    11.008     11.034   1     0.14     0.17      1.027    0.186   0.040
<                                    2     0.06    14.40     12.341    0.721  10.377
<                                    3     0.13     0.03      1.097    0.081   0.003
---
>     68.1000    11.013     11.039   1     0.14     0.18      1.040    0.189   0.033
>                                    2     0.06    14.46     12.341    0.722  10.437
>                                    3     0.13     0.04      1.188    0.085   0.003
908c905
<                                                                             10.420        0.003 0.031 0.000 0.000 0.000 0.034
---
>                                                                             10.420        0.003 0.032 0.000 0.000 0.000 0.034
910,911c907,908
<     68.2000    11.042     11.066   1     0.13     0.05      0.533    0.126   0.008
<                                    2     0.06    15.31     11.452    0.680  10.412
---
>     68.2000    11.047     11.071   1     0.13     0.05      0.545    0.128   0.007
>                                    2     0.06    15.36     11.465    0.678  10.413
925c922
<       1          0.5592      10.124      1.024       9.760     Überströmen 
---
>       1          0.5593      10.122      1.029       9.802     Überströmen 
929c926
<      11.104      10.124
---
>      11.109      10.122
935,937c932,934
<     68.2360    11.080     11.104   1     0.13     0.51      1.431    0.256   0.131
<                                    2     0.06    14.40      9.892    0.703  10.124
<                                    3     0.13     0.62      1.592    0.267   0.165
---
>     68.2360    11.084     11.109   1     0.13     0.52      1.437    0.255   0.132
>                                    2     0.06    14.45      9.892    0.701  10.122
>                                    3     0.13     0.63      1.600    0.266   0.167
939c936
<                                                                             10.420       -0.030 0.007 0.006 0.000 0.000-0.017
---
>                                                                             10.420       -0.029 0.007 0.006 0.000 0.000-0.017
941c938
<     68.2480    11.063     11.117   2     0.07    10.11      9.968    1.030  10.420
---
>     68.2480    11.067     11.121   2     0.07    10.16      9.986    1.026  10.420
943c940
<                                                                             10.420        0.015 0.037 0.000 0.000 0.000 0.052
---
>                                                                             10.420        0.015 0.036 0.000 0.000 0.000 0.052
945c942
<     68.3000    11.115     11.154   2     0.06    11.97     10.244    0.870  10.418
---
>     68.3000    11.119     11.157   2     0.06    12.01     10.259    0.867  10.418
947c944
<                                                                             10.420       -0.001 0.023 0.000 0.000 0.000 0.023
---
>                                                                             10.420       -0.001 0.023 0.000 0.000 0.000 0.022
949c946
<     68.3440    11.138     11.178   2     0.06    11.71     10.759    0.890  10.420
---
>     68.3440    11.141     11.182   2     0.06    11.74     10.771    0.887  10.420
953c950
<     68.4000    11.171     11.215   2     0.07    11.18     10.509    0.932  10.426
---
>     68.4000    11.175     11.219   2     0.07    11.22     10.523    0.929  10.426
964c961
<     68.4500    11.208     11.247   2     0.06    11.97     11.216    0.872  10.441
---
>     68.4500    11.212     11.250   2     0.06    12.01     11.226    0.869  10.441
968c965
<     68.5000    11.237     11.274   2     0.06    12.29     10.905    0.849  10.431
---
>     68.5000    11.240     11.277   2     0.06    12.32     10.921    0.847  10.431
970c967
<                                                                             10.420        0.002 0.024 0.000 0.000 0.000 0.027
---
>                                                                             10.420        0.002 0.024 0.000 0.000 0.000 0.026
972c969
<     68.5490    11.264     11.298   2     0.06    12.69     10.947    0.822  10.433
---
>     68.5490    11.267     11.301   2     0.06    12.72     10.960    0.820  10.433
976c973
<     68.6000    11.288     11.332   2     0.07    11.28     10.165    0.924  10.422
---
>     68.6000    11.291     11.334   2     0.07    11.30     10.173    0.922  10.422
980c977
<     68.6510    11.327     11.362   2     0.07    12.55     11.309    0.832  10.437
---
>     68.6510    11.330     11.365   2     0.07    12.58     11.320    0.830  10.437
984c981
<     68.7000    11.353     11.399   2     0.07    10.99     10.620    0.948  10.422
---
>     68.7000    11.356     11.401   2     0.07    11.02     10.629    0.946  10.422
988c985
<     68.7480    11.392     11.430   2     0.06    12.08     10.716    0.863  10.425
---
>     68.7480    11.394     11.432   2     0.06    12.10     10.725    0.861  10.425
992c989
<     68.8000    11.420     11.457   2     0.07    12.25     10.825    0.851  10.427
---
>     68.8000    11.422     11.459   2     0.07    12.27     10.833    0.850  10.427
996,997c993,994
<     68.8460    11.443     11.482   2     0.06    11.95     10.379    0.872  10.418
<                                    3     0.13     0.02      0.293    0.131   0.003
---
>     68.8460    11.445     11.484   2     0.06    11.97     10.384    0.870  10.419
>                                    3     0.13     0.02      0.298    0.133   0.002
1001c998
<     68.9000    11.474     11.510   2     0.06    12.44     11.259    0.839  10.439
---
>     68.9000    11.476     11.512   2     0.06    12.46     11.268    0.838  10.439
1005c1002
<     68.9510    11.501     11.540   2     0.07    11.99     11.224    0.869  10.422
---
>     68.9510    11.503     11.542   2     0.07    12.01     11.233    0.868  10.422
1009c1006
<     69.0000    11.533     11.590   2     0.07     9.86     10.596    1.057  10.423
---
>     69.0000    11.535     11.592   2     0.07     9.88     10.603    1.055  10.423
1013c1010
<     69.0420    11.579     11.648   2     0.07     8.94     10.743    1.165  10.421
---
>     69.0420    11.581     11.650   2     0.07     8.96     10.750    1.163  10.421
1022c1019
<                                                                             10.420        0.004 0.031 0.000 0.000 0.000 0.035
---
>                                                                             10.420        0.004 0.031 0.000 0.000 0.000 0.034
1024c1021
<     69.0660    11.614     11.679   2     0.07     9.22      9.936    1.129  10.407
---
>     69.0660    11.615     11.680   2     0.07     9.23      9.942    1.128  10.406
