3c3
<      04/21/05 10:54:29.53 Uhr    KALYPSO - 1D, VERSION 1.0.4 
---
>      04/21/05 10:52:16.39 Uhr    KALYPSO - 1D, VERSION 1.0.5 
86c86
<     59.2000     4.039      4.052   2     0.06     9.71      9.927    0.507   4.920
---
>     59.2000     4.038      4.052   2     0.06     9.71      9.927    0.507   4.920
110c110
<     59.5000     4.124      4.135   2     0.06    10.87     11.600    0.454   4.929
---
>     59.5000     4.124      4.135   2     0.06    10.87     11.599    0.454   4.929
137c137
<     59.8000     4.210      4.220   2     0.06    11.20     11.624    0.440   4.923
---
>     59.8000     4.210      4.220   2     0.06    11.19     11.624    0.440   4.923
145c145
<     60.0000     4.244      4.258   2     0.05     9.49      9.173    0.518   4.920
---
>     60.0000     4.244      4.258   2     0.05     9.49      9.172    0.518   4.920
153c153
<     60.1000     4.267      4.284   2     0.06     8.69     11.283    0.567   4.928
---
>     60.1000     4.267      4.283   2     0.06     8.69     11.283    0.567   4.928
165c165
<     60.3000     4.330      4.353   2     0.07     7.38     11.822    0.667   4.920
---
>     60.3000     4.330      4.352   2     0.07     7.38     11.821    0.667   4.920
169c169
<     60.4000     4.394      4.419   2     0.07     6.92     10.829    0.713   4.935
---
>     60.4000     4.393      4.419   2     0.07     6.92     10.829    0.713   4.935
173c173
<     60.4510     4.431      4.450   2     0.07     7.94     11.829    0.620   4.920
---
>     60.4510     4.431      4.450   2     0.07     7.94     11.828    0.620   4.920
181c181
<     60.5280     4.476      4.488   2     0.06    10.13     12.041    0.485   4.910
---
>     60.5280     4.475      4.487   2     0.06    10.13     12.041    0.485   4.910
192c192
<     60.6000     4.492      4.504   2     0.06    10.15     12.596    0.485   4.924
---
>     60.6000     4.492      4.504   2     0.06    10.14     12.596    0.485   4.924
204c204
<     60.8000     4.536      4.555   2     0.06     7.91     10.443    0.622   4.920
---
>     60.8000     4.535      4.555   2     0.06     7.91     10.443    0.622   4.920
212c212
<     61.0000     4.596      4.606   2     0.06    10.94     14.028    0.451   4.930
---
>     61.0000     4.596      4.606   2     0.06    10.94     14.027    0.451   4.930
216c216
<     61.1000     4.615      4.623   2     0.06    12.15     12.923    0.405   4.921
---
>     61.1000     4.614      4.623   2     0.06    12.15     12.923    0.405   4.921
228c228
<                                                                              2.090       -0.008 0.059 0.000 0.000 0.000 0.051
---
>                                                                              2.090       -0.008 0.060 0.000 0.000 0.000 0.051
244c244
<       1          0.5166       2.083      0.239       2.789     vollkommen  
---
>       1          0.5167       2.083      0.239       2.789     vollkommen  
273c273
<                                                                              2.090       -0.010 0.120 0.000 0.000 0.000 0.110
---
>                                                                              2.090       -0.010 0.120 0.000 0.000 0.000 0.111
356c356
<     62.7000     6.162      6.166   2     0.06     7.65      9.342    0.273   2.090
---
>     62.7000     6.162      6.166   2     0.06     7.64      9.342    0.273   2.090
372c372
<     63.1000     6.200      6.206   2     0.07     6.36     10.045    0.329   2.090
---
>     63.1000     6.200      6.205   2     0.07     6.36     10.045    0.329   2.090
415c415
<     64.0000     6.378      6.387   2     0.07     4.94      8.335    0.423   2.090
---
>     64.0000     6.378      6.387   2     0.07     4.94      8.334    0.423   2.090
419c419
<     64.1000     6.407      6.416   2     0.07     4.87      8.418    0.429   2.090
---
>     64.1000     6.406      6.416   2     0.07     4.87      8.418    0.429   2.090
433c433
<       1          0.5201       2.057      0.270       2.566     vollkommen  
---
>       1          0.5201       2.057      0.270       2.567     vollkommen  
491c491
<     64.7760     7.477      7.508   2     0.12     2.71      9.468    0.771   2.091
---
>     64.7760     7.477      7.508   2     0.12     2.71      9.468    0.772   2.091
530c530
<     64.7870     7.515      7.548   2     0.12     2.60      9.371    0.805   2.092
---
>     64.7870     7.515      7.548   2     0.12     2.60      9.370    0.805   2.092
546c546
<     65.1000     7.612      7.617   2     0.06     7.29      9.624    0.287   2.090
---
>     65.1000     7.612      7.616   2     0.06     7.29      9.624    0.287   2.090
565c565
<     65.4000     7.643      7.647   2     0.07     7.48     10.183    0.280   2.097
---
>     65.4000     7.642      7.646   2     0.07     7.48     10.183    0.280   2.097
583c583
<       1          0.5177       2.085      0.249       2.734     vollkommen  
---
>       1          0.5177       2.086      0.249       2.735     vollkommen  
587c587
<       8.329       2.085
---
>       8.329       2.086
594c594
<                                    2     0.06    10.41     11.365    0.200   2.085
---
>                                    2     0.06    10.41     11.365    0.200   2.086
678c678
<     66.9500     9.384      9.386   1     0.13     0.06      0.506    0.054   0.003
---
>     66.9500     9.384      9.386   1     0.13     0.06      0.507    0.054   0.003
713c713
<                                                                              2.090       -0.003 0.037 0.000 0.000 0.000 0.034
---
>                                                                              2.090       -0.003 0.036 0.000 0.000 0.000 0.034
719c719
<                                                                              1.940       -0.001 0.061 0.000 0.000 0.000 0.060
---
>                                                                              1.940       -0.001 0.061 0.000 0.000 0.000 0.059
729c729
<     67.8000     9.696      9.712   2     0.09     3.47      7.142    0.560   1.942
---
>     67.8000     9.696      9.712   2     0.09     3.46      7.142    0.560   1.942
766c766
<       1          0.5190       1.934      0.260       2.474     vollkommen  
---
>       1          0.5190       1.935      0.260       2.474     vollkommen  
770c770
<      10.340       1.934
---
>      10.340       1.935
776,777c776,777
<     68.2360    10.336     10.340   1     0.13     0.03      0.366    0.072   0.002
<                                    2     0.07     7.32      9.892    0.264   1.934
---
>     68.2360    10.336     10.340   1     0.13     0.03      0.367    0.072   0.002
>                                    2     0.07     7.32      9.892    0.264   1.935
845c845
<     68.9510    10.561     10.573   2     0.08     3.94      7.016    0.493   1.940
---
>     68.9510    10.560     10.573   2     0.08     3.94      7.015    0.493   1.940
