3c3
<      04/21/05 10:53:54.29 Uhr    KALYPSO - 1D, VERSION 1.0.4 
---
>      04/21/05 10:50:39.93 Uhr    KALYPSO - 1D, VERSION 1.0.5 
39c39
<     58.7000     3.724      3.729   2     0.06     9.76     12.140    0.321   3.136
---
>     58.7000     3.724      3.729   2     0.06     9.75     12.140    0.321   3.136
59c59
<     58.9510     3.758      3.763   2     0.06     9.49     11.600    0.330   3.130
---
>     58.9510     3.758      3.763   2     0.06     9.49     11.599    0.330   3.130
82c82
<     59.1500     3.791      3.801   2     0.08     7.19     11.263    0.435   3.130
---
>     59.1500     3.791      3.801   2     0.08     7.19     11.262    0.435   3.130
86c86
<     59.2000     3.804      3.812   2     0.06     7.63      9.321    0.410   3.133
---
>     59.2000     3.804      3.812   2     0.06     7.63      9.320    0.410   3.133
118c118
<     59.6000     3.905      3.919   2     0.07     5.99      9.886    0.523   3.133
---
>     59.6000     3.905      3.919   2     0.07     5.99      9.885    0.523   3.133
145c145
<     60.0000     4.007      4.016   2     0.06     7.62      8.377    0.411   3.131
---
>     60.0000     4.007      4.016   2     0.06     7.62      8.376    0.411   3.131
157c157
<     60.1520     4.050      4.057   2     0.06     8.04     11.238    0.389   3.131
---
>     60.1520     4.049      4.057   2     0.06     8.04     11.238    0.389   3.131
161c161
<     60.2000     4.058      4.066   2     0.06     7.75     11.044    0.404   3.130
---
>     60.2000     4.058      4.066   2     0.06     7.75     11.043    0.404   3.130
169c169
<     60.4000     4.180      4.202   2     0.08     4.77      9.688    0.656   3.131
---
>     60.4000     4.180      4.202   2     0.08     4.77      9.687    0.656   3.131
204c204
<     60.8000     4.330      4.344   2     0.07     5.92      9.683    0.529   3.131
---
>     60.8000     4.330      4.344   2     0.07     5.91      9.683    0.529   3.131
230c230
<     61.2000     4.553      4.586   2     0.13     2.05      9.919    0.803   1.650
---
>     61.2000     4.553      4.586   2     0.13     2.05      9.919    0.804   1.650
244c244
<       1          0.5124       1.646      0.206       2.397     vollkommen  
---
>       1          0.5124       1.646      0.206       2.398     vollkommen  
283c283
<     61.7000     5.356      5.366   2     0.10     3.80      9.834    0.436   1.657
---
>     61.7000     5.356      5.366   2     0.10     3.80      9.834    0.436   1.656
287c287
<     61.8000     5.397      5.401   2     0.07     6.27     10.485    0.263   1.650
---
>     61.8000     5.397      5.401   2     0.07     6.27     10.484    0.263   1.650
291c291
<     61.9000     5.409      5.414   2     0.07     5.63     10.016    0.294   1.656
---
>     61.9000     5.409      5.413   2     0.07     5.63     10.016    0.294   1.656
295c295
<     62.0000     5.423      5.427   2     0.08     6.06      9.953    0.272   1.650
---
>     62.0000     5.423      5.426   2     0.08     6.06      9.953    0.272   1.650
299c299
<     62.1000     5.436      5.440   2     0.07     5.46      9.853    0.302   1.651
---
>     62.1000     5.436      5.440   2     0.07     5.46      9.852    0.302   1.651
352c352
<     62.6000     5.893      5.930   2     0.10     1.95      6.935    0.848   1.650
---
>     62.6000     5.893      5.930   2     0.10     1.95      6.936    0.848   1.650
356c356
<     62.7000     6.098      6.100   2     0.06     7.09      9.200    0.233   1.650
---
>     62.7000     6.097      6.100   2     0.06     7.09      9.200    0.233   1.650
387c387
<     63.3000     6.157      6.162   2     0.07     5.15      9.472    0.321   1.655
---
>     63.3000     6.156      6.162   2     0.07     5.15      9.472    0.321   1.655
391c391
<     63.4000     6.173      6.177   2     0.07     5.78      9.572    0.287   1.656
---
>     63.4000     6.173      6.177   2     0.07     5.78      9.571    0.287   1.656
415c415
<     64.0000     6.297      6.305   2     0.08     4.31      8.139    0.383   1.653
---
>     64.0000     6.297      6.304   2     0.08     4.31      8.139    0.383   1.653
433c433
<       1          0.5159       1.629      0.233       2.210     vollkommen  
---
>       1          0.5159       1.629      0.233       2.211     vollkommen  
450c450
<     64.1930     6.978      6.983   1     0.13     0.11      0.787    0.150   0.016
---
>     64.1930     6.978      6.983   1     0.13     0.11      0.787    0.151   0.016
456c456
<     64.2200     6.993      7.013   2     0.11     2.63      7.199    0.627   1.650
---
>     64.2200     6.993      7.013   2     0.11     2.63      7.200    0.627   1.650
464c464
<     64.4000     7.179      7.202   2     0.11     2.43      8.288    0.679   1.653
---
>     64.4000     7.179      7.202   2     0.11     2.43      8.287    0.679   1.653
472c472
<     64.6000     7.323      7.327   2     0.07     6.62      9.631    0.249   1.651
---
>     64.6000     7.323      7.326   2     0.07     6.62      9.630    0.249   1.651
491c491
<     64.7760     7.430      7.457   2     0.12     2.28      8.890    0.723   1.652
---
>     64.7760     7.430      7.457   2     0.12     2.28      8.890    0.724   1.652
513c513
<               7.460     0.548     2.553
---
>               7.460     0.548     2.552
516c516
<               2.553     0.000     0.000     0.000
---
>               2.552     0.000     0.000     0.000
524c524
<     64.7820     7.460      7.482   2     0.12     2.55      9.305    0.646   1.650
---
>     64.7820     7.460      7.482   2     0.12     2.55      9.304    0.646   1.650
565c565
<     65.4000     7.580      7.583   2     0.07     6.89     10.034    0.240   1.653
---
>     65.4000     7.580      7.583   2     0.07     6.88     10.034    0.240   1.653
593c593
<     65.6230     8.292      8.294   1     0.13     0.03      0.328    0.036   0.001
---
>     65.6230     8.292      8.294   1     0.13     0.03      0.328    0.037   0.001
613c613
<                                                                              1.650       -0.002 0.021 0.000 0.000 0.000 0.019
---
>                                                                              1.650       -0.002 0.021 0.000 0.000 0.000 0.018
634c634
<     66.4000     8.475      8.481   2     0.07     4.65      8.261    0.356   1.657
---
>     66.4000     8.475      8.481   2     0.07     4.65      8.261    0.357   1.657
646c646
<     66.7000     8.582      8.589   2     0.07     4.49      8.289    0.368   1.650
---
>     66.7000     8.582      8.589   2     0.07     4.49      8.288    0.368   1.650
654c654
<     66.9000     8.764      8.793   2     0.12     2.20      7.886    0.751   1.653
---
>     66.9000     8.764      8.793   2     0.12     2.20      7.885    0.751   1.653
668c668
<       1          0.5143       1.646      0.220       2.310     vollkommen  
---
>       1          0.5143       1.647      0.220       2.311     vollkommen  
672c672
<       9.350       1.646
---
>       9.350       1.647
679,680c679,680
<                                    2     0.07     9.52     10.961    0.173   1.646
<                                    3     0.13     0.04      0.398    0.041   0.002
---
>                                    2     0.07     9.52     10.961    0.173   1.647
>                                    3     0.13     0.04      0.398    0.042   0.002
695c695
<     67.0000     9.355      9.359   2     0.07     5.93      8.465    0.278   1.650
---
>     67.0000     9.355      9.359   2     0.07     5.94      8.466    0.278   1.650
725c725
<     67.7000     9.533      9.538   2     0.09     3.41      7.928    0.314   1.070
---
>     67.7000     9.533      9.538   2     0.09     3.41      7.927    0.314   1.070
741c741
<     68.1000     9.695      9.706   2     0.09     2.29      6.870    0.469   1.074
---
>     68.1000     9.695      9.706   2     0.09     2.29      6.869    0.469   1.074
766c766
<       1          0.5083       1.068      0.177       1.690     vollkommen  
---
>       1          0.5083       1.069      0.177       1.690     vollkommen  
770c770
<      10.257       1.068
---
>      10.257       1.069
776,777c776,777
<     68.2360    10.256     10.257   1     0.13     0.02      0.252    0.039   0.001
<                                    2     0.07     6.55      9.892    0.163   1.068
---
>     68.2360    10.256     10.257   1     0.13     0.02      0.252    0.040   0.001
>                                    2     0.07     6.55      9.892    0.163   1.069
802c802
<     68.5000    10.298     10.300   2     0.08     4.54      7.154    0.235   1.070
---
>     68.5000    10.298     10.300   2     0.08     4.55      7.154    0.235   1.070
853c853
<     69.0420    10.672     10.715   2     0.13     1.17      6.198    0.917   1.070
---
>     69.0420    10.672     10.714   2     0.13     1.17      6.197    0.917   1.070
