     Ergebnis der Wasserspiegellagenberechnung fuer HW98                        
 
     05/02/05 16:07:31.03 Uhr    KALYPSO - 1D, VERSION 1.0.6 
 

                                                                  Blatt    1

     Stat-km  Wsp-m+NN  hen-m+NN  IND  Lambd    Fl-qm   Umfg-m   v-m/s   Q-cbm/s

                                                                          Q-ges           hv-m  hr-m  h-bor h-ein h-ort h-m


     Durchfluss bei Station km  58.450 :  Q =   38.85 m**3/s

         der Ausgangswasserspiegel wird zu   5.670 angesetzt

                                                                            38.850        0.000 0.000 0.000 0.000 0.000 0.000

    58.4500     5.670      5.718   1     0.13     1.58      4.623    0.246   0.427
                                   2     0.05    37.22     17.867    0.995  37.029
                                   3     0.10     6.25     29.224    0.218   1.395

                                                                            38.850        0.012 0.011 0.000 0.000 0.000 0.023

    58.4930     5.693      5.729   1     0.10     2.27      4.497    0.298   0.676
                                   2     0.04    44.17     22.726    0.853  37.686
                                   3     0.09     1.56      3.032    0.313   0.488

                                                                            38.850        0.032 0.008 0.000 0.000 0.000 0.039

    58.5500     5.732      5.737   1     0.10   125.07    168.837    0.177  22.129
                                   2     0.05    35.87     15.284    0.418  14.981
                                   3     0.14    10.32     13.523    0.152   1.641

                                                                            38.850       -0.044 0.008 0.023 0.000 0.000-0.012

    58.6000     5.720      5.769   1     0.14     2.22      3.749    0.310   0.808
                                   2     0.05    37.29     16.170    0.996  37.150
                                   3     0.11     3.37     10.087    0.256   0.899

                                                                            38.850        0.042 0.008 0.000 0.000 0.000 0.050

    58.6470     5.770      5.777   1     0.11   118.65    229.848    0.159  18.859
                                   2     0.05    39.74     17.892    0.483  19.197
                                   3     0.12     6.26     21.956    0.111   0.712

                                                                            38.850        0.000 0.004 0.000 0.000 0.000 0.004

    58.7000     5.774      5.780   1     0.11   120.34    246.243    0.158  19.069
                                   2     0.05    38.38     17.968    0.489  18.760
                                   3     0.14     5.94     12.494    0.140   0.888

                                                                            38.850        0.000 0.003 0.000 0.000 0.000 0.004

    58.7490     5.778      5.784   1     0.11   111.88    224.851    0.153  17.173
                                   2     0.05    41.71     19.638    0.471  19.644
                                   3     0.12    14.42     35.805    0.131   1.891

                                                                            38.850       -0.002 0.004 0.000 0.000 0.000 0.002

    58.8000     5.779      5.788   1     0.12    67.43    165.839    0.138   9.326
                                   2     0.05    44.94     21.020    0.511  22.987
                                   3     0.10    35.79     58.381    0.183   6.536

                                                                  Blatt    2

     Stat-km  Wsp-m+NN  hen-m+NN  IND  Lambd    Fl-qm   Umfg-m   v-m/s   Q-cbm/s

                                                                          Q-ges           hv-m  hr-m  h-bor h-ein h-ort h-m


                                                                            38.850       -0.004 0.005 0.000 0.000 0.000 0.002

    58.8530     5.781      5.793   1     0.12    53.44    116.868    0.191  10.188
                                   2     0.05    35.88     17.787    0.622  22.300
                                   3     0.12    34.83     82.506    0.183   6.362

                                                                            38.850       -0.035 0.010 0.011 0.000 0.000-0.014

    58.9000     5.767      5.814   2     0.05    39.28     19.400    0.968  38.024
                                   3     0.09     3.99     22.937    0.209   0.835

                                                                            38.850        0.030 0.011 0.000 0.000 0.000 0.041

    58.9510     5.808      5.825   1     0.12    55.87    117.082    0.207  11.543
                                   2     0.05    40.95     19.892    0.663  27.159
                                   3     0.13     1.02      4.112    0.144   0.146

                                                                            38.850       -0.002 0.007 0.000 0.000 0.000 0.005

    59.0000     5.814      5.834   1     0.12    47.73    138.673    0.194   9.250
                                   2     0.05    41.56     22.072    0.711  29.566

                                                                            38.850        0.007 0.007 0.000 0.000 0.000 0.014

    59.0510     5.828      5.841   1     0.12    74.82    153.303    0.198  14.836
                                   2     0.05    37.89     18.802    0.627  23.767
                                   3     0.13     1.67      5.919    0.147   0.246

                                                                            38.850       -0.003 0.008 0.000 0.000 0.000 0.004

    59.1000     5.833      5.849   1     0.12    61.64    160.166    0.220  13.584
                                   2     0.05    37.07     22.787    0.682  25.266

                                                                            38.850       -0.041 0.018 0.012 0.000 0.000-0.010

    59.1500     5.822      5.879   2     0.06    36.76     24.535    1.057  38.844

                                                                            38.850        0.021 0.021 0.000 0.000 0.000 0.043

    59.2000     5.865      5.901   2     0.05    36.46     20.414    0.898  32.747
                                   3     0.12    19.87     42.343    0.307   6.089

                                                                            38.850        0.015 0.014 0.000 0.000 0.000 0.029

    59.2560     5.894      5.915   1     0.11    34.52    108.659    0.203   7.001
                                   2     0.05    39.16     20.602    0.727  28.480
                                   3     0.12    15.89     45.185    0.206   3.274

                                                                            38.850       -0.009 0.010 0.001 0.000 0.000 0.001

    59.3000     5.895      5.925   1     0.12    21.43     75.993    0.211   4.532
                                   2     0.05    35.87     19.259    0.854  30.637
                                   3     0.12    15.95     48.990    0.228   3.636

                                                                  Blatt    3

     Stat-km  Wsp-m+NN  hen-m+NN  IND  Lambd    Fl-qm   Umfg-m   v-m/s   Q-cbm/s

                                                                          Q-ges           hv-m  hr-m  h-bor h-ein h-ort h-m


                                                                            38.850        0.016 0.014 0.000 0.000 0.000 0.030

    59.3650     5.925      5.939   1     0.12    36.29     70.355    0.239   8.661
                                   2     0.06    43.56     26.528    0.606  26.385
                                   3     0.12    18.57     47.665    0.205   3.804

                                                                            38.850        0.000 0.006 0.000 0.000 0.000 0.006

    59.4000     5.931      5.944   1     0.12    58.01     94.189    0.255  14.819
                                   2     0.05    32.24     17.175    0.658  21.229
                                   3     0.13    14.02     38.473    0.190   2.660

                                                                            38.850        0.001 0.007 0.000 0.000 0.000 0.008

    59.4480     5.939      5.952   1     0.12    65.57    105.482    0.250  16.400
                                   2     0.05    34.71     18.980    0.633  21.982
                                   3     0.11     2.27      7.859    0.179   0.407

                                                                            38.850        0.000 0.007 0.000 0.000 0.000 0.007

    59.5000     5.946      5.959   1     0.11    67.45    109.773    0.224  15.124
                                   2     0.05    36.76     18.337    0.625  22.960
                                   3     0.11     4.35     11.812    0.173   0.762

                                                                            38.850        0.002 0.006 0.000 0.000 0.000 0.007

    59.5510     5.953      5.964   1     0.12    67.97    114.263    0.202  13.751
                                   2     0.05    37.21     17.585    0.592  22.021
                                   3     0.11    15.15     29.487    0.195   2.960

                                                                            38.850       -0.002 0.006 0.000 0.000 0.000 0.005

    59.6000     5.958      5.972   1     0.12    57.75    120.675    0.212  12.254
                                   2     0.05    34.35     18.677    0.662  22.739
                                   3     0.11    15.24     25.991    0.248   3.787

                                                                            38.850        0.005 0.007 0.000 0.000 0.000 0.012

    59.6520     5.970      5.979   1     0.10    67.39    127.975    0.214  14.395
                                   2     0.05    34.15     18.404    0.552  18.840
                                   3     0.11    27.11     50.659    0.207   5.618

                                                                            38.850       -0.024 0.009 0.007 0.000 0.000-0.007

    59.7000     5.963      5.996   1     0.13     0.01      0.457    0.072   0.001
                                   2     0.05    35.02     19.299    0.884  30.938
                                   3     0.12    29.30     69.336    0.270   7.907

                                                                            38.850        0.022 0.019 0.000 0.000 0.000 0.040

    59.8000     6.003      6.014   2     0.05    37.05     18.672    0.586  21.690
                                   3     0.10    78.53    136.730    0.218  17.156

                                                                  Blatt    4

     Stat-km  Wsp-m+NN  hen-m+NN  IND  Lambd    Fl-qm   Umfg-m   v-m/s   Q-cbm/s

                                                                          Q-ges           hv-m  hr-m  h-bor h-ein h-ort h-m


                                                                            38.850        0.002 0.011 0.000 0.000 0.000 0.013

    59.9000     6.016      6.025   1     0.12    39.10    109.456    0.158   6.181
                                   2     0.05    37.11     20.318    0.545  20.233
                                   3     0.12    69.51    152.891    0.179  12.439

                                                                            38.850       -0.007 0.015 0.001 0.000 0.000 0.009

    60.0000     6.026      6.041   2     0.05    31.25     18.673    0.707  22.086
                                   3     0.12    75.19    193.715    0.223  16.764

                                                                            38.850        0.010 0.008 0.000 0.000 0.000 0.018

    60.0560     6.043      6.049   1     0.12   134.61    236.741    0.167  22.462
                                   2     0.05    35.59     19.731    0.460  16.374

                                                                            38.850       -0.062 0.011 0.034 0.000 0.000-0.016

    60.1000     6.027      6.094   2     0.05    33.78     18.341    1.148  38.761
                                   3     0.15     0.31      1.449    0.222   0.092

                                                                            38.850        0.063 0.013 0.000 0.000 0.000 0.076

    60.1520     6.103      6.107   1     0.11   181.52    399.733    0.131  23.859
                                   2     0.05    36.84     19.206    0.405  14.920

                                                                            38.850       -0.037 0.008 0.019 0.000 0.000-0.009

    60.2000     6.094      6.135   2     0.05    38.07     21.025    0.936  35.638
                                   3     0.12    18.14    101.680    0.184   3.330

                                                                            38.850       -0.013 0.039 0.000 0.000 0.000 0.026

    60.3000     6.120      6.187   2     0.05    33.76     19.700    1.150  38.843
                                   3     0.13     0.13      1.240    0.180   0.029

                                                                            38.850       -0.008 0.053 0.000 0.000 0.000 0.045

    60.4000     6.165      6.248   2     0.05    30.07     16.848    1.284  38.596
                                   3     0.13     0.93      4.636    0.267   0.267

                                                                            38.850        0.055 0.021 0.000 0.000 0.000 0.076

    60.4510     6.240      6.269   1     0.13    34.00     70.142    0.267   9.097
                                   2     0.05    33.39     16.872    0.855  28.561
                                   3     0.11     4.88     15.450    0.226   1.113

                                                                            38.850       -0.039 0.025 0.008 0.000 0.000-0.005

    60.5210     6.235      6.302   2     0.05    33.88     20.554    1.147  38.853

                                                                  Blatt    5

     Stat-km  Wsp-m+NN  hen-m+NN  IND  Lambd    Fl-qm   Umfg-m   v-m/s   Q-cbm/s

                                                                          Q-ges           hv-m  hr-m  h-bor h-ein h-ort h-m


                                                                            38.850        0.042 0.002 0.000 0.000 0.000 0.044

    60.5280     6.280      6.305   1     0.12     8.66     35.181    0.173   1.526
                                   2     0.05    35.99     17.375    0.795  28.599
                                   3     0.11    30.76     52.888    0.278   8.556

                                                                            38.850        0.012 0.011 0.000 0.000 0.000 0.023

    60.6000     6.303      6.316   1     0.12    20.86    129.978    0.112   2.337
                                   2     0.05    36.85     18.209    0.631  23.247
                                   3     0.11    56.40     86.606    0.235  13.266

                                                                            38.850        0.001 0.004 0.000 0.000 0.000 0.005

    60.6310     6.307      6.320   1     0.11    26.40    147.236    0.131   3.451
                                   2     0.05    36.80     20.575    0.624  22.946
                                   3     0.12    55.00     99.065    0.227  12.466

                                                                            38.850       -0.001 0.009 0.000 0.000 0.000 0.008

    60.7000     6.315      6.330   1     0.06    20.77    150.035    0.144   3.000
                                   2     0.04    38.27     19.126    0.648  24.807
                                   3     0.10    49.47     98.119    0.224  11.077

                                                                            38.850       -0.011 0.018 0.001 0.000 0.000 0.008

    60.8000     6.323      6.349   1     0.12     5.25     38.376    0.143   0.756
                                   2     0.05    30.89     16.278    0.838  25.875
                                   3     0.11    41.65     79.862    0.292  12.178

                                                                            38.850       -0.038 0.031 0.009 0.000 0.000 0.001

    60.9000     6.325      6.388   2     0.05    34.32     17.261    1.122  38.520
                                   3     0.12     0.92      2.457    0.310   0.351

                                                                            38.850        0.030 0.033 0.000 0.000 0.000 0.064

    61.0000     6.388      6.421   2     0.05    42.38     25.413    0.841  35.654
                                   3     0.12    12.69     33.416    0.259   3.287

                                                                            38.850        0.018 0.020 0.000 0.000 0.000 0.038

    61.1000     6.426      6.441   2     0.05    37.01     17.211    0.665  24.592
                                   3     0.12    72.31    149.466    0.198  14.376

     Durchflussaenderung bei Station km  61.127 :  Q =   19.20 m**3/s

                                                                            19.200        0.015 0.002 0.000 0.000 0.000 0.016

    61.1270     6.442      6.443   1     0.12   253.64    417.465    0.045  11.365
                                   2     0.05    46.74     20.616    0.133   6.239
                                   3     0.12    48.88    143.127    0.033   1.593

                                                                  Blatt    6

     Stat-km  Wsp-m+NN  hen-m+NN  IND  Lambd    Fl-qm   Umfg-m   v-m/s   Q-cbm/s

                                                                          Q-ges           hv-m  hr-m  h-bor h-ein h-ort h-m


                                                                            19.200        0.000 0.000 0.000 0.000 0.000 0.000

    61.1390     6.442      6.443   1     0.11   235.33    404.515    0.055  12.829
                                   2     0.05    34.91     19.953    0.137   4.774
                                   3     0.12    40.42    123.735    0.040   1.599

                                                                            19.200        0.000 0.001 0.000 0.000 0.000 0.000

    61.2000     6.443      6.443   1     0.12   202.42    366.959    0.060  12.237
                                   2     0.05    27.70     16.594    0.154   4.271
                                   3     0.12    52.45    124.054    0.051   2.692

     Wehrberechnung an Station km    61.241 : 


     Eingabedaten der Wehrberechnung
     -------------------------------
     Wehrtyp: breitkroniges Wehr
     Feld-Nr.     Breite
      1            5.00

     Ergebnisse der Wehrberechnung
     -----------------------------
     Feld-Nr.    mue          q-wehr     h-ue        A-ue      Ü-Art
      1          0.5771      16.868      1.826      21.291     Überströmen 

     Summation aller Felder
     he-wehr     q-wehr
      6.476      16.868

     Oberwasser:

                                                                            19.200       -0.017 0.000 0.013 0.000 0.000-0.004

    61.2410     6.459      6.476   1     0.06     3.68      4.260    0.371   1.366
                                   2     0.05    27.85     11.996    0.606  16.868
                                   3     0.05     2.36      2.906    0.409   0.967

                                                                            19.200        0.016 0.005 0.000 0.000 0.000 0.021

    61.3000     6.479      6.481   1     0.12    76.93    201.362    0.111   8.562
                                   2     0.06    20.88     15.588    0.289   6.043
                                   3     0.13    45.85    135.478    0.100   4.564

                                                                            19.200       -0.018 0.015 0.010 0.000 0.000 0.007

    61.4000     6.486      6.506   1     0.13     0.12      0.726    0.161   0.025
                                   2     0.05    22.43     16.152    0.692  15.521
                                   3     0.12    17.72     69.649    0.206   3.654

                                                                            19.200       -0.006 0.036 0.000 0.000 0.000 0.030

    61.5000     6.516      6.548   1     0.12     4.46     23.551    0.239   1.069
                                   2     0.06    18.49     14.743    0.858  15.874
                                   3     0.11    11.90    112.054    0.190   2.257

                                                                            19.200        0.004 0.041 0.000 0.000 0.000 0.045

    61.6000     6.561      6.588   2     0.06    20.77     15.980    0.789  16.393
                                   3     0.11    11.87     52.972    0.236   2.807

                                                                  Blatt    7

     Stat-km  Wsp-m+NN  hen-m+NN  IND  Lambd    Fl-qm   Umfg-m   v-m/s   Q-cbm/s

                                                                          Q-ges           hv-m  hr-m  h-bor h-ein h-ort h-m


                                                                            19.200        0.001 0.037 0.000 0.000 0.000 0.038

    61.7000     6.599      6.625   1     0.13     0.28      1.096    0.247   0.080
                                   2     0.06    18.85     14.405    0.805  15.170
                                   3     0.11    16.65     77.193    0.237   3.950

                                                                            19.200       -0.001 0.036 0.000 0.000 0.000 0.034

    61.8000     6.633      6.662   2     0.06    21.97     16.061    0.792  17.403
                                   3     0.12     9.46     56.997    0.190   1.797

                                                                            19.200        0.006 0.033 0.000 0.000 0.000 0.038

    61.9000     6.671      6.695   2     0.06    21.47     16.969    0.741  15.921
                                   3     0.11    15.20     77.983    0.216   3.279

                                                                            19.200        0.007 0.028 0.000 0.000 0.000 0.035

    62.0000     6.706      6.722   1     0.12    24.75     89.073    0.202   4.998
                                   2     0.06    21.92     16.019    0.646  14.159
                                   3     0.13     0.39      4.678    0.109   0.042

                                                                            19.200       -0.012 0.035 0.000 0.000 0.000 0.023

    62.1000     6.729      6.770   2     0.06    21.49     17.367    0.894  19.200
                                   3     0.13     0.01      0.735    0.065   0.001

                                                                            19.200        0.025 0.037 0.000 0.000 0.000 0.062

    62.2000     6.791      6.807   2     0.06    20.32     16.066    0.653  13.272
                                   3     0.12    23.92     67.919    0.247   5.903

                                                                            19.200       -0.004 0.028 0.000 0.000 0.000 0.025

    62.3000     6.815      6.839   1     0.13     0.14      0.819    0.182   0.034
                                   2     0.06    20.93     15.445    0.747  15.641
                                   3     0.12    15.98     63.813    0.221   3.525

                                                                            19.200       -0.002 0.032 0.000 0.000 0.000 0.031

    62.4000     6.846      6.873   1     0.11    14.42     71.630    0.225   3.238
                                   2     0.06    20.01     15.174    0.798  15.962

                                                                            19.200       -0.013 0.049 0.000 0.000 0.000 0.035

    62.5000     6.881      6.935   2     0.06    18.38     13.586    1.037  19.058
                                   3     0.10     0.92      8.052    0.233   0.213

     Wehrberechnung an Station km    62.593 : 


     Eingabedaten der Wehrberechnung
     -------------------------------
     Wehrtyp: breitkroniges Wehr
     Feld-Nr.     Breite
      1            5.00

     Ergebnisse der Wehrberechnung
     -----------------------------
     Feld-Nr.    mue          q-wehr     h-ue        A-ue      Ü-Art
      1          0.5676      17.443      1.349      12.145     Überströmen 

     Summation aller Felder
     he-wehr     q-wehr
      7.010      17.443

                                                                  Blatt    8

     Stat-km  Wsp-m+NN  hen-m+NN  IND  Lambd    Fl-qm   Umfg-m   v-m/s   Q-cbm/s

                                                                          Q-ges           hv-m  hr-m  h-bor h-ein h-ort h-m


     Oberwasser:

                                                                            19.200       -0.036 0.000 0.007 0.000 0.000-0.029

    62.5930     6.946      7.010   1     0.08     1.41      4.105    0.508   0.718
                                   2     0.05    15.06      9.209    1.158  17.443
                                   3     0.03     2.27     20.228    0.458   1.039

                                                                            19.200       -0.106 0.012 0.023 0.000 0.000-0.070

    62.6000     6.876      7.045   1     0.13     0.16      1.081    0.514   0.092
                                   2     0.06    10.47     10.620    1.825  19.108

                                                                            19.200        0.137 0.159 0.000 0.000 0.000 0.296

    62.7000     7.172      7.204   1     0.11     8.67     40.412    0.234   2.030
                                   2     0.05    17.13     10.999    0.884  15.143
                                   3     0.10     8.47     40.809    0.238   2.017

                                                                            19.200       -0.005 0.039 0.000 0.000 0.000 0.035

    62.8000     7.207      7.248   1     0.11     9.29     50.524    0.238   2.207
                                   2     0.05    17.61     11.215    0.956  16.832
                                   3     0.06     0.66      5.661    0.244   0.161

                                                                            19.200        0.004 0.044 0.000 0.000 0.000 0.048

    62.9000     7.255      7.292   2     0.06    19.16     15.030    0.899  17.218
                                   3     0.10    10.28     98.851    0.193   1.982

                                                                            19.200       -0.010 0.050 0.000 0.000 0.000 0.040

    63.0000     7.294      7.351   1     0.06     0.56      5.461    0.265   0.176
                                   2     0.05    17.96     12.648    1.061  19.052

                                                                            19.200        0.029 0.044 0.000 0.000 0.000 0.073

    63.1000     7.367      7.395   1     0.13     0.23      3.163    0.127   0.030
                                   2     0.06    19.78     14.733    0.804  15.906
                                   3     0.11    14.00     62.887    0.233   3.264

                                                                            19.200       -0.010 0.043 0.000 0.000 0.000 0.033

    63.2000     7.400      7.448   2     0.06    19.87     15.190    0.968  19.224

                                                                            19.200       -0.003 0.053 0.000 0.000 0.000 0.050

    63.3000     7.451      7.504   2     0.05    18.79     14.267    1.024  19.233

                                                                            19.200        0.010 0.049 0.000 0.000 0.000 0.059

    63.4000     7.510      7.553   1     0.11     1.11      8.998    0.190   0.211
                                   2     0.05    20.61     14.799    0.921  18.983

                                                                  Blatt    9

     Stat-km  Wsp-m+NN  hen-m+NN  IND  Lambd    Fl-qm   Umfg-m   v-m/s   Q-cbm/s

                                                                          Q-ges           hv-m  hr-m  h-bor h-ein h-ort h-m


                                                                            19.200       -0.003 0.045 0.000 0.000 0.000 0.042

    63.5000     7.552      7.600   2     0.05    19.69     14.262    0.976  19.213

                                                                            19.200        0.018 0.041 0.000 0.000 0.000 0.059

    63.6000     7.611      7.641   1     0.12     0.42      5.243    0.139   0.058
                                   2     0.06    20.79     14.984    0.817  16.993
                                   3     0.11     9.92     53.907    0.216   2.148

                                                                            19.200       -0.009 0.042 0.000 0.000 0.000 0.034

    63.7000     7.644      7.692   2     0.05    19.85     15.035    0.968  19.219

                                                                            19.200       -0.001 0.048 0.000 0.000 0.000 0.047

    63.8000     7.692      7.741   2     0.05    19.49     13.852    0.986  19.222

                                                                            19.200       -0.003 0.052 0.000 0.000 0.000 0.050

    63.9000     7.742      7.796   2     0.06    18.54     14.007    1.037  19.218

                                                                            19.200        0.001 0.056 0.000 0.000 0.000 0.057

    64.0000     7.798      7.852   2     0.05    18.61     13.430    1.030  19.172
                                   3     0.12     0.33      3.800    0.174   0.057

                                                                            19.200        0.002 0.050 0.000 0.000 0.000 0.052

    64.1000     7.850      7.902   1     0.13     0.12      0.897    0.198   0.026
                                   2     0.05    18.97     12.774    1.013  19.220

     Wehrberechnung an Station km    64.193 : 


     Eingabedaten der Wehrberechnung
     -------------------------------
     Wehrtyp: breitkroniges Wehr
     Feld-Nr.     Breite
      1            5.00

     Ergebnisse der Wehrberechnung
     -----------------------------
     Feld-Nr.    mue          q-wehr     h-ue        A-ue      Ü-Art
      1          0.5651      17.410      1.241      11.794     Überströmen 

     Summation aller Felder
     he-wehr     q-wehr
      7.992      17.410

     Oberwasser:

                                                                            19.200       -0.021 0.000 0.001 0.000 0.000-0.019

    64.1930     7.917      7.992   1     0.07     1.34      2.620    0.750   1.003
                                   2     0.06    14.05      9.628    1.239  17.410
                                   3     0.08     1.15      2.333    0.686   0.786

                                                                  Blatt   10

     Stat-km  Wsp-m+NN  hen-m+NN  IND  Lambd    Fl-qm   Umfg-m   v-m/s   Q-cbm/s

                                                                          Q-ges           hv-m  hr-m  h-bor h-ein h-ort h-m


                                                                            19.200       -0.039 0.051 0.000 0.000 0.000 0.012

    64.2200     7.929      8.082   2     0.07    11.10     11.422    1.731  19.217
                                   3     0.13     0.02      0.452    0.294   0.007

                                                                            19.200        0.094 0.139 0.000 0.000 0.000 0.233

    64.3000     8.163      8.221   1     0.13     0.07      0.601    0.213   0.020
                                   2     0.06    17.93     12.740    1.066  19.107
                                   3     0.13     0.22      3.370    0.161   0.038

                                                                            19.200        0.012 0.074 0.000 0.000 0.000 0.085

    64.4000     8.248      8.294   1     0.13     0.09      0.818    0.240   0.028
                                   2     0.06    13.21     11.543    1.086  14.345
                                   3     0.11    15.47     92.690    0.312   4.828

                                                                            19.200       -0.006 0.070 0.000 0.000 0.000 0.065

    64.5000     8.313      8.370   1     0.13     0.03      0.479    0.158   0.009
                                   2     0.05    17.99     13.142    1.066  19.179
                                   3     0.13     0.13      0.915    0.222   0.039

                                                                            19.200        0.001 0.058 0.000 0.000 0.000 0.058

    64.6000     8.371      8.428   1     0.11     0.86      2.130    0.410   0.353
                                   2     0.05    17.55     11.858    1.070  18.780
                                   3     0.13     0.56      5.054    0.197   0.123

                                                                            19.200        0.011 0.052 0.000 0.000 0.000 0.063

    64.7000     8.433      8.479   1     0.11     5.18     31.833    0.223   1.207
                                   2     0.05    18.19     12.092    0.977  17.777
                                   3     0.11     0.55      4.528    0.200   0.157

     Brueckenberechnung an Station km    64.782 : 


          Profil "3":

                                                                            19.200       -0.029 0.072 0.000 0.000 0.000 0.043

    64.7760     8.477      8.581   2     0.06    13.45     12.706    1.428  19.211

         Profil "3": hr  m  a
              8.477    11.256    13.451

         ad  aue apl  apg 
             13.451     0.000     0.000     0.000

                                                                  Blatt   11

     Stat-km  Wsp-m+NN  hen-m+NN  IND  Lambd    Fl-qm   Umfg-m   v-m/s   Q-cbm/s

                                                                          Q-ges           hv-m  hr-m  h-bor h-ein h-ort h-m


         Profil "2": hr  m  a
              8.492    11.308    13.633

         ad  aue apl  apg 
             13.633     0.000     0.000     0.000

         Profil "1": hr  m  a
              8.497    11.361    13.688

         ad  aue apl  apg 
             13.688     0.000     0.000     0.000

         wsp im ow (Profil "1") ermittelt aus Impulsbilanz

          Profil "1":

                                                                            19.200       -0.055 0.000 0.010 0.000 0.000-0.045

    64.7820     8.497      8.597   2     0.06    13.69     12.756    1.403  19.200

          Profil "b":

                                                                            19.200       -0.004 0.007 0.000 0.000 0.000 0.003

    64.7870     8.500      8.609   2     0.06    13.13     12.637    1.464  19.225

                                                                            19.200        0.060 0.015 0.000 0.000 0.000 0.075

    64.8000     8.574      8.624   1     0.11     7.60     60.405    0.258   1.962
                                   2     0.06    16.65     14.794    1.033  17.203
                                   3     0.13     0.13      4.117    0.120   0.016

                                                                            19.200        0.003 0.060 0.000 0.000 0.000 0.063

    64.9000     8.638      8.684   2     0.06    19.96     14.670    0.959  19.141
                                   3     0.13     0.69      5.565    0.196   0.135

                                                                            19.200        0.006 0.049 0.000 0.000 0.000 0.055

    65.0000     8.692      8.733   1     0.11     3.80     28.778    0.210   0.801
                                   2     0.06    19.26     14.150    0.923  17.783
                                   3     0.10     2.73     19.347    0.226   0.618

                                                                            19.200       -0.004 0.046 0.000 0.000 0.000 0.042

    65.1000     8.735      8.783   1     0.13     0.14      0.766    0.221   0.038
                                   2     0.05    19.54     13.168    0.981  19.170
                                   3     0.13     0.19      1.142    0.214   0.047

                                                                            19.200        0.007 0.043 0.000 0.000 0.000 0.049

    65.2000     8.784      8.826   2     0.05    21.15     15.241    0.908  19.200

                                                                            19.200       -0.002 0.042 0.000 0.000 0.000 0.041

    65.3000     8.825      8.870   2     0.05    20.40     14.886    0.943  19.230

                                                                            19.200        0.003 0.043 0.000 0.000 0.000 0.046

    65.4000     8.871      8.913   2     0.06    21.10     14.706    0.913  19.259

                                                                  Blatt   12

     Stat-km  Wsp-m+NN  hen-m+NN  IND  Lambd    Fl-qm   Umfg-m   v-m/s   Q-cbm/s

                                                                          Q-ges           hv-m  hr-m  h-bor h-ein h-ort h-m


                                                                            19.200        0.003 0.037 0.000 0.000 0.000 0.041

    65.5000     8.911      8.950   1     0.13     0.12      0.721    0.186   0.030
                                   2     0.05    21.87     13.782    0.878  19.213
                                   3     0.13     0.26      4.215    0.111   0.029

     Wehrberechnung an Station km    65.623 : 


     Eingabedaten der Wehrberechnung
     -------------------------------
     Wehrtyp: breitkroniges Wehr
     Feld-Nr.     Breite
      1            5.00

     Ergebnisse der Wehrberechnung
     -----------------------------
     Feld-Nr.    mue          q-wehr     h-ue        A-ue      Ü-Art
      1          0.5597      18.554      1.041      11.452     Überströmen 

     Summation aller Felder
     he-wehr     q-wehr
      9.121      18.554

     Oberwasser:

                                                                            19.200       -0.007 0.000 0.000 0.000 0.000-0.007

    65.6230     9.072      9.121   1     0.08     0.62      1.725    0.405   0.252
                                   2     0.05    18.60     11.365    0.997  18.554
                                   3     0.09     0.91      2.138    0.432   0.394

                                                                            19.200       -0.024 0.068 0.000 0.000 0.000 0.044

    65.7000     9.116      9.213   2     0.06    13.88     12.410    1.384  19.204

                                                                            19.200        0.018 0.111 0.000 0.000 0.000 0.129

    65.8000     9.245      9.325   2     0.06    15.35     12.586    1.251  19.200

                                                                            19.200        0.010 0.086 0.000 0.000 0.000 0.096

    65.9000     9.341      9.410   2     0.06    16.45     13.132    1.167  19.200

                                                                            19.200       -0.004 0.086 0.000 0.000 0.000 0.081

    66.0000     9.422      9.500   2     0.06    15.54     12.450    1.235  19.196

                                                                            19.200       -0.002 0.107 0.000 0.000 0.000 0.105

    66.1000     9.528      9.610   2     0.07    15.08     13.309    1.277  19.257

                                                                            19.200        0.013 0.105 0.000 0.000 0.000 0.118

    66.2000     9.645      9.715   2     0.06    16.44     13.643    1.168  19.198

                                                                            19.200       -0.001 0.084 0.000 0.000 0.000 0.083

    66.3000     9.729      9.800   1     0.13     0.11      0.789    0.281   0.034
                                   2     0.05    16.18     12.901    1.187  19.213

                                                                  Blatt   13

     Stat-km  Wsp-m+NN  hen-m+NN  IND  Lambd    Fl-qm   Umfg-m   v-m/s   Q-cbm/s

                                                                          Q-ges           hv-m  hr-m  h-bor h-ein h-ort h-m


                                                                            19.200        0.015 0.071 0.000 0.000 0.000 0.086

    66.4000     9.814      9.871   2     0.06    18.15     13.853    1.055  19.150
                                   3     0.13     0.30      4.118    0.168   0.050

                                                                            19.200        0.021 0.055 0.000 0.000 0.000 0.076

    66.5000     9.890      9.926   2     0.06    17.79     14.058    0.908  16.149
                                   3     0.12    10.05     34.780    0.304   3.051

                                                                            19.200       -0.006 0.047 0.000 0.000 0.000 0.041

    66.6000     9.931      9.979   1     0.13     0.20      1.020    0.226   0.057
                                   2     0.05    19.12     12.930    0.987  18.879
                                   3     0.12     2.09     27.578    0.148   0.309

                                                                            19.200       -0.003 0.049 0.000 0.000 0.000 0.046

    66.7000     9.976     10.031   1     0.13     0.02      0.312    0.155   0.005
                                   2     0.05    18.51     13.155    1.037  19.208

                                                                            19.200       -0.002 0.059 0.000 0.000 0.000 0.057

    66.8000    10.033     10.093   2     0.06    17.83     13.598    1.078  19.225

                                                                            19.200       -0.007 0.083 0.000 0.000 0.000 0.076

    66.9000    10.109     10.182   1     0.12     0.10     11.651    0.072   0.007
                                   2     0.06    16.03     13.879    1.200  19.231

     Wehrberechnung an Station km    66.950 : 


     Eingabedaten der Wehrberechnung
     -------------------------------
     Wehrtyp: breitkroniges Wehr
     Feld-Nr.     Breite
      1            5.00

     Ergebnisse der Wehrberechnung
     -----------------------------
     Feld-Nr.    mue          q-wehr     h-ue        A-ue      Ü-Art
      1          0.5624      18.222      1.139      11.964     Überströmen 

     Summation aller Felder
     he-wehr     q-wehr
     10.270      18.222

     Oberwasser:

                                                                            19.200        0.012 0.000 0.000 0.000 0.000 0.012

    66.9500    10.223     10.269   1     0.06     1.03      2.158    0.510   0.523
                                   2     0.05    18.69     10.961    0.975  18.222
                                   3     0.07     0.95      2.185    0.480   0.454

                                                                            19.200       -0.076 0.032 0.017 0.000 0.000-0.027

    66.9770    10.196     10.318   2     0.07    12.38     11.938    1.551  19.200

                                                                  Blatt   14

     Stat-km  Wsp-m+NN  hen-m+NN  IND  Lambd    Fl-qm   Umfg-m   v-m/s   Q-cbm/s

                                                                          Q-ges           hv-m  hr-m  h-bor h-ein h-ort h-m


                                                                            19.200        0.032 0.036 0.000 0.000 0.000 0.068

    67.0000    10.264     10.355   1     0.13     0.06      0.682    0.251   0.016
                                   2     0.06    14.40     12.269    1.330  19.151

                                                                            19.200        0.013 0.105 0.000 0.000 0.000 0.118

    67.1000    10.382     10.459   1     0.13     0.11      0.749    0.282   0.039
                                   2     0.06    15.31     11.601    1.238  18.946
                                   3     0.13     0.81      6.390    0.266   0.214

                                                                            19.200       -0.001 0.095 0.000 0.000 0.000 0.094

    67.2000    10.476     10.556   1     0.13     0.10      0.820    0.269   0.034
                                   2     0.06    15.31     12.414    1.255  19.218

                                                                            19.200        0.016 0.089 0.000 0.000 0.000 0.105

    67.3000    10.581     10.645   1     0.13     0.22      1.143    0.303   0.079
                                   2     0.06    17.06     13.290    1.121  19.121

                                                                            19.200        0.006 0.074 0.000 0.000 0.000 0.080

    67.4000    10.661     10.719   1     0.13     0.01      0.252    0.146   0.002
                                   2     0.06    17.69     14.219    1.076  19.035
                                   3     0.10     1.04     12.626    0.218   0.225

                                                                            19.200       -0.006 0.086 0.000 0.000 0.000 0.080

    67.5000    10.741     10.811   2     0.06    16.28     14.128    1.182  19.244

     Durchflussaenderung bei Station km  67.600 :  Q =   10.42 m**3/s

                                                                            10.420        0.047 0.063 0.000 0.000 0.000 0.111

    67.6000    10.851     10.875   2     0.06    15.20     11.763    0.681  10.357
                                   3     0.11     0.40      1.737    0.209   0.087

                                                                            10.420        0.005 0.025 0.000 0.000 0.000 0.030

    67.7000    10.882     10.900   2     0.06    17.32     13.998    0.602  10.420

                                                                            10.420       -0.004 0.029 0.000 0.000 0.000 0.026

    67.8000    10.907     10.933   2     0.06    14.52     12.227    0.716  10.398
                                   3     0.13     0.47      6.849    0.123   0.059

                                                                            10.420       -0.001 0.035 0.000 0.000 0.000 0.034

    67.9000    10.941     10.969   2     0.06    14.02     11.527    0.746  10.457

                                                                  Blatt   15

     Stat-km  Wsp-m+NN  hen-m+NN  IND  Lambd    Fl-qm   Umfg-m   v-m/s   Q-cbm/s

                                                                          Q-ges           hv-m  hr-m  h-bor h-ein h-ort h-m


                                                                            10.420        0.003 0.032 0.000 0.000 0.000 0.035

    68.0000    10.976     11.001   1     0.13     0.06      0.495    0.145   0.011
                                   2     0.06    14.79     11.417    0.704  10.410
                                   3     0.13     0.16      2.085    0.119   0.019

                                                                            10.420       -0.001 0.032 0.000 0.000 0.000 0.032

    68.1000    11.008     11.035   1     0.13     0.17      1.028    0.188   0.039
                                   2     0.06    14.41     12.341    0.720  10.378
                                   3     0.13     0.03      1.102    0.081   0.003

                                                                            10.420        0.003 0.031 0.000 0.000 0.000 0.034

    68.2000    11.042     11.066   1     0.13     0.05      0.533    0.126   0.009
                                   2     0.06    15.31     11.452    0.680  10.411

     Wehrberechnung an Station km    68.236 : 


     Eingabedaten der Wehrberechnung
     -------------------------------
     Wehrtyp: breitkroniges Wehr
     Feld-Nr.     Breite
      1            5.00

     Ergebnisse der Wehrberechnung
     -----------------------------
     Feld-Nr.    mue          q-wehr     h-ue        A-ue      Ü-Art
      1          0.5592      10.124      1.024       9.762     Überströmen 

     Summation aller Felder
     he-wehr     q-wehr
     11.104      10.124

     Oberwasser:

                                                                            10.420        0.002 0.000 0.000 0.000 0.000 0.002

    68.2360    11.080     11.104   1     0.13     0.51      1.431    0.256   0.131
                                   2     0.06    14.40      9.892    0.703  10.123
                                   3     0.13     0.62      1.593    0.267   0.165

                                                                            10.420       -0.030 0.007 0.006 0.000 0.000-0.017

    68.2480    11.063     11.117   2     0.07    10.12      9.969    1.030  10.420

                                                                            10.420        0.015 0.037 0.000 0.000 0.000 0.052

    68.3000    11.115     11.154   2     0.06    11.97     10.245    0.870  10.418

                                                                            10.420       -0.001 0.023 0.000 0.000 0.000 0.023

    68.3440    11.138     11.178   2     0.06    11.71     10.759    0.890  10.420

                                                                            10.420       -0.002 0.035 0.000 0.000 0.000 0.033

    68.4000    11.171     11.215   2     0.07    11.18     10.509    0.932  10.426

                                                                  Blatt   16

     Stat-km  Wsp-m+NN  hen-m+NN  IND  Lambd    Fl-qm   Umfg-m   v-m/s   Q-cbm/s

                                                                          Q-ges           hv-m  hr-m  h-bor h-ein h-ort h-m


                                                                            10.420        0.006 0.032 0.000 0.000 0.000 0.037

    68.4500    11.208     11.247   2     0.06    11.98     11.216    0.872  10.441

                                                                            10.420        0.002 0.027 0.000 0.000 0.000 0.029

    68.5000    11.238     11.274   2     0.06    12.29     10.905    0.849  10.431

                                                                            10.420        0.002 0.024 0.000 0.000 0.000 0.027

    68.5490    11.264     11.298   2     0.06    12.69     10.948    0.822  10.433

                                                                            10.420       -0.005 0.029 0.000 0.000 0.000 0.024

    68.6000    11.288     11.332   2     0.07    11.28     10.166    0.924  10.422

                                                                            10.420        0.008 0.031 0.000 0.000 0.000 0.039

    68.6510    11.327     11.363   2     0.07    12.55     11.310    0.831  10.437

                                                                            10.420       -0.005 0.031 0.000 0.000 0.000 0.026

    68.7000    11.354     11.399   2     0.07    10.99     10.620    0.948  10.422

                                                                            10.420        0.008 0.030 0.000 0.000 0.000 0.038

    68.7480    11.392     11.430   2     0.06    12.08     10.717    0.863  10.425

                                                                            10.420        0.001 0.027 0.000 0.000 0.000 0.028

    68.8000    11.420     11.457   2     0.07    12.25     10.825    0.851  10.427

                                                                            10.420       -0.001 0.024 0.000 0.000 0.000 0.023

    68.8460    11.443     11.482   2     0.06    11.95     10.379    0.872  10.418
                                   3     0.13     0.02      0.293    0.132   0.003

                                                                            10.420        0.003 0.028 0.000 0.000 0.000 0.031

    68.9000    11.474     11.510   2     0.06    12.44     11.259    0.839  10.439

                                                                            10.420       -0.001 0.029 0.000 0.000 0.000 0.027

    68.9510    11.502     11.540   2     0.07    11.99     11.224    0.869  10.422

                                                                            10.420       -0.009 0.041 0.000 0.000 0.000 0.032

    69.0000    11.533     11.590   2     0.07     9.86     10.596    1.057  10.423

                                                                            10.420       -0.006 0.052 0.000 0.000 0.000 0.046

    69.0420    11.579     11.648   2     0.07     8.94     10.743    1.165  10.421

                                                                  Blatt   17

     Stat-km  Wsp-m+NN  hen-m+NN  IND  Lambd    Fl-qm   Umfg-m   v-m/s   Q-cbm/s

                                                                          Q-ges           hv-m  hr-m  h-bor h-ein h-ort h-m


                                                                            10.420        0.004 0.031 0.000 0.000 0.000 0.035

    69.0660    11.614     11.679   2     0.07     9.22      9.936    1.129  10.407
