     Ergebnis der Wasserspiegellagenberechnung fuer NW98                        
 
     04/21/05 10:53:54.29 Uhr    KALYPSO - 1D, VERSION 1.0.4 
 

                                                                  Blatt    1

     Stat-km  Wsp-m+NN  hen-m+NN  IND  Lambd    Fl-qm   Umfg-m   v-m/s   Q-cbm/s

                                                                          Q-ges           hv-m  hr-m  h-bor h-ein h-ort h-m


     Durchfluss bei Station km  58.450 :  Q =    3.13 m**3/s

         der Ausgangswasserspiegel wird zu   3.690 angesetzt

                                                                             3.130        0.000 0.000 0.000 0.000 0.000 0.000

    58.4500     3.690      3.698   2     0.07     8.10     11.914    0.386   3.130

                                                                             3.130        0.001 0.007 0.000 0.000 0.000 0.008

    58.4930     3.698      3.704   2     0.06     9.03     11.329    0.347   3.132

                                                                             3.130        0.000 0.008 0.000 0.000 0.000 0.007

    58.5500     3.705      3.712   2     0.07     8.54     11.581    0.367   3.137

                                                                             3.130        0.001 0.007 0.000 0.000 0.000 0.008

    58.6000     3.714      3.719   2     0.07     9.44     12.925    0.332   3.131

                                                                             3.130        0.001 0.005 0.000 0.000 0.000 0.006

    58.6470     3.720      3.724   2     0.06    10.66     12.006    0.294   3.130

                                                                             3.130        0.000 0.005 0.000 0.000 0.000 0.004

    58.7000     3.724      3.729   2     0.06     9.76     12.140    0.321   3.136

                                                                             3.130        0.000 0.005 0.000 0.000 0.000 0.005

    58.7490     3.730      3.735   2     0.07     9.86     13.498    0.318   3.131

                                                                             3.130        0.002 0.004 0.000 0.000 0.000 0.006

    58.8000     3.736      3.739   2     0.06    12.44     13.296    0.252   3.130

                                                                             3.130       -0.003 0.007 0.000 0.000 0.000 0.004

    58.8530     3.740      3.749   2     0.07     7.40     11.145    0.423   3.132

                                                                             3.130        0.003 0.008 0.000 0.000 0.000 0.012

    58.9000     3.752      3.758   2     0.06     9.33     12.340    0.336   3.130

                                                                             3.130        0.000 0.006 0.000 0.000 0.000 0.006

    58.9510     3.758      3.763   2     0.06     9.49     11.600    0.330   3.130

                                                                             3.130        0.000 0.006 0.000 0.000 0.000 0.006

    59.0000     3.764      3.770   2     0.07     8.92     13.194    0.351   3.130

                                                                  Blatt    2

     Stat-km  Wsp-m+NN  hen-m+NN  IND  Lambd    Fl-qm   Umfg-m   v-m/s   Q-cbm/s

                                                                          Q-ges           hv-m  hr-m  h-bor h-ein h-ort h-m


                                                                             3.130       -0.001 0.010 0.000 0.000 0.000 0.009

    59.0510     3.772      3.781   2     0.07     7.70     12.121    0.407   3.133

                                                                             3.130        0.001 0.009 0.000 0.000 0.000 0.010

    59.1000     3.782      3.789   2     0.06     8.38      9.848    0.374   3.135

                                                                             3.130       -0.001 0.010 0.000 0.000 0.000 0.009

    59.1500     3.791      3.801   2     0.08     7.19     11.263    0.435   3.130

                                                                             3.130        0.001 0.011 0.000 0.000 0.000 0.012

    59.2000     3.804      3.812   2     0.06     7.63      9.321    0.410   3.133

                                                                             3.130        0.002 0.008 0.000 0.000 0.000 0.010

    59.2560     3.814      3.820   2     0.06     8.97     10.013    0.349   3.132

                                                                             3.130       -0.004 0.013 0.000 0.000 0.000 0.009

    59.3000     3.823      3.837   2     0.07     5.91     10.722    0.531   3.139

                                                                             3.130        0.006 0.021 0.000 0.000 0.000 0.027

    59.3650     3.850      3.858   2     0.07     7.84     10.777    0.400   3.133

                                                                             3.130       -0.003 0.010 0.000 0.000 0.000 0.007

    59.4000     3.857      3.871   2     0.07     5.91      8.796    0.531   3.142

                                                                             3.130        0.004 0.014 0.000 0.000 0.000 0.019

    59.4480     3.875      3.885   2     0.06     7.06      9.716    0.445   3.142

                                                                             3.130        0.003 0.009 0.000 0.000 0.000 0.012

    59.5000     3.888      3.895   2     0.06     8.37     10.697    0.375   3.137

                                                                             3.130        0.000 0.007 0.000 0.000 0.000 0.008

    59.5510     3.895      3.902   2     0.06     8.57     11.025    0.365   3.130

                                                                             3.130       -0.004 0.013 0.000 0.000 0.000 0.010

    59.6000     3.905      3.919   2     0.07     5.99      9.886    0.523   3.133

                                                                             3.130       -0.001 0.023 0.000 0.000 0.000 0.022

    59.6520     3.927      3.942   2     0.07     5.71      9.873    0.549   3.130

                                                                  Blatt    3

     Stat-km  Wsp-m+NN  hen-m+NN  IND  Lambd    Fl-qm   Umfg-m   v-m/s   Q-cbm/s

                                                                          Q-ges           hv-m  hr-m  h-bor h-ein h-ort h-m


                                                                             3.130        0.004 0.019 0.000 0.000 0.000 0.023

    59.7000     3.950      3.962   2     0.07     6.54     10.474    0.478   3.130

                                                                             3.130        0.005 0.022 0.000 0.000 0.000 0.027

    59.8000     3.977      3.984   2     0.06     8.73     10.792    0.359   3.135

                                                                             3.130       -0.001 0.015 0.000 0.000 0.000 0.014

    59.9000     3.991      4.000   2     0.06     7.77     10.499    0.404   3.136

                                                                             3.130        0.000 0.016 0.000 0.000 0.000 0.016

    60.0000     4.007      4.016   2     0.06     7.62      8.377    0.411   3.131

                                                                             3.130       -0.001 0.011 0.000 0.000 0.000 0.010

    60.0560     4.017      4.027   2     0.07     6.98     10.351    0.448   3.130

                                                                             3.130       -0.001 0.014 0.000 0.000 0.000 0.013

    60.1000     4.030      4.043   2     0.07     6.20     10.506    0.505   3.130

                                                                             3.130        0.005 0.014 0.000 0.000 0.000 0.020

    60.1520     4.050      4.057   2     0.06     8.04     11.238    0.389   3.131

                                                                             3.130        0.000 0.009 0.000 0.000 0.000 0.008

    60.2000     4.058      4.066   2     0.06     7.75     11.044    0.404   3.130

                                                                             3.130       -0.006 0.048 0.000 0.000 0.000 0.042

    60.3000     4.100      4.120   2     0.08     4.93      9.818    0.635   3.131

                                                                             3.130       -0.001 0.081 0.000 0.000 0.000 0.080

    60.4000     4.180      4.202   2     0.08     4.77      9.688    0.656   3.131

                                                                             3.130        0.006 0.038 0.000 0.000 0.000 0.045

    60.4510     4.225      4.241   2     0.08     5.64     11.140    0.556   3.137

                                                                             3.130        0.001 0.040 0.000 0.000 0.000 0.041

    60.5210     4.266      4.281   2     0.07     5.80     10.681    0.540   3.131

                                                                             3.130        0.007 0.002 0.000 0.000 0.000 0.009

    60.5280     4.275      4.283   2     0.07     7.89     11.431    0.396   3.125

                                                                  Blatt    4

     Stat-km  Wsp-m+NN  hen-m+NN  IND  Lambd    Fl-qm   Umfg-m   v-m/s   Q-cbm/s

                                                                          Q-ges           hv-m  hr-m  h-bor h-ein h-ort h-m


                                                                             3.130        0.000 0.015 0.000 0.000 0.000 0.015

    60.6000     4.290      4.298   2     0.07     7.78     11.848    0.404   3.145

                                                                             3.130        0.001 0.006 0.000 0.000 0.000 0.007

    60.6310     4.297      4.304   2     0.06     8.51     11.380    0.368   3.136

                                                                             3.130        0.001 0.009 0.000 0.000 0.000 0.010

    60.7000     4.307      4.313   2     0.06     9.14     12.495    0.343   3.131

                                                                             3.130       -0.004 0.027 0.000 0.000 0.000 0.023

    60.8000     4.330      4.344   2     0.07     5.92      9.683    0.529   3.131

                                                                             3.130        0.007 0.029 0.000 0.000 0.000 0.036

    60.9000     4.366      4.373   2     0.07     8.40     12.032    0.373   3.130

                                                                             3.130        0.000 0.017 0.000 0.000 0.000 0.017

    61.0000     4.383      4.391   2     0.07     8.33     12.364    0.376   3.130

                                                                             3.130        0.002 0.014 0.000 0.000 0.000 0.016

    61.1000     4.399      4.405   2     0.06     9.62     12.397    0.326   3.132

                                                                             3.130        0.002 0.002 0.000 0.000 0.000 0.005

    61.1270     4.404      4.407   2     0.06    13.10     13.948    0.239   3.130

     Durchflussaenderung bei Station km  61.139 :  Q =    1.65 m**3/s

                                                                             1.650       -0.003 0.002 0.001 0.000 0.000 0.000

    61.1390     4.404      4.409   2     0.09     4.87     10.842    0.339   1.650

                                                                             1.650       -0.014 0.161 0.000 0.000 0.000 0.147

    61.2000     4.553      4.586   2     0.13     2.05      9.919    0.803   1.650

     Wehrberechnung an Station km    61.241 : 


     Eingabedaten der Wehrberechnung
     -------------------------------
     Wehrtyp: breitkroniges Wehr
     Feld-Nr.     Breite
      1            5.00

     Ergebnisse der Wehrberechnung
     -----------------------------
     Feld-Nr.    mue          q-wehr     h-ue        A-ue      Ü-Art
      1          0.5124       1.646      0.206       2.397     vollkommen  

     Summation aller Felder
     he-wehr     q-wehr
      4.856       1.646

                                                                  Blatt    5

     Stat-km  Wsp-m+NN  hen-m+NN  IND  Lambd    Fl-qm   Umfg-m   v-m/s   Q-cbm/s

                                                                          Q-ges           hv-m  hr-m  h-bor h-ein h-ort h-m


     Oberwasser:

                                                                             1.650        0.004 0.000 0.000 0.000 0.000 0.004

    61.2410     4.854      4.856   1     0.13     0.05      0.522    0.048   0.002
                                   2     0.07     9.14     11.996    0.180   1.646
                                   3     0.13     0.04      0.401    0.046   0.002

                                                                             1.650       -0.012 0.072 0.000 0.000 0.000 0.059

    61.3000     4.914      4.940   2     0.10     2.30      8.042    0.720   1.654

                                                                             1.650        0.021 0.128 0.000 0.000 0.000 0.149

    61.4000     5.063      5.068   2     0.07     5.24      9.491    0.315   1.650

                                                                             1.650       -0.009 0.124 0.000 0.000 0.000 0.115

    61.5000     5.179      5.202   2     0.12     2.47      8.738    0.667   1.650

                                                                             1.650        0.018 0.123 0.000 0.000 0.000 0.142

    61.6000     5.321      5.325   2     0.08     5.66     10.108    0.292   1.651

                                                                             1.650       -0.003 0.037 0.000 0.000 0.000 0.035

    61.7000     5.356      5.366   2     0.10     3.80      9.834    0.436   1.657

                                                                             1.650        0.006 0.035 0.000 0.000 0.000 0.041

    61.8000     5.397      5.401   2     0.07     6.27     10.485    0.263   1.650

                                                                             1.650        0.000 0.012 0.000 0.000 0.000 0.012

    61.9000     5.409      5.414   2     0.07     5.63     10.016    0.294   1.656

                                                                             1.650        0.001 0.013 0.000 0.000 0.000 0.014

    62.0000     5.423      5.427   2     0.08     6.06      9.953    0.272   1.650

                                                                             1.650        0.000 0.014 0.000 0.000 0.000 0.013

    62.1000     5.436      5.440   2     0.07     5.46      9.853    0.302   1.651

                                                                             1.650       -0.002 0.031 0.000 0.000 0.000 0.029

    62.2000     5.465      5.474   2     0.09     4.04      9.669    0.409   1.650

                                                                             1.650        0.004 0.032 0.000 0.000 0.000 0.036

    62.3000     5.501      5.506   2     0.07     5.31      9.682    0.311   1.653

                                                                  Blatt    6

     Stat-km  Wsp-m+NN  hen-m+NN  IND  Lambd    Fl-qm   Umfg-m   v-m/s   Q-cbm/s

                                                                          Q-ges           hv-m  hr-m  h-bor h-ein h-ort h-m


                                                                             1.650        0.000 0.015 0.000 0.000 0.000 0.015

    62.4000     5.516      5.521   2     0.07     5.55      9.433    0.298   1.653

                                                                             1.650       -0.001 0.024 0.000 0.000 0.000 0.022

    62.5000     5.539      5.546   2     0.09     4.36      9.143    0.380   1.658

     Wehrberechnung an Station km    62.593 : 


     Eingabedaten der Wehrberechnung
     -------------------------------
     Wehrtyp: breitkroniges Wehr
     Feld-Nr.     Breite
      1            5.00

     Ergebnisse der Wehrberechnung
     -----------------------------
     Feld-Nr.    mue          q-wehr     h-ue        A-ue      Ü-Art
      1          0.5170       1.641      0.242       2.180     vollkommen  

     Summation aller Felder
     he-wehr     q-wehr
      5.902       1.641

     Oberwasser:

                                                                             1.650        0.000 0.000 0.000 0.000 0.000 0.000

    62.5930     5.898      5.902   1     0.13     0.04      0.414    0.094   0.004
                                   2     0.08     5.63      9.209    0.291   1.641
                                   3     0.13     0.05      0.476    0.097   0.005

                                                                             1.650       -0.032 0.012 0.015 0.000 0.000-0.005

    62.6000     5.893      5.930   2     0.10     1.95      6.935    0.848   1.650

                                                                             1.650        0.034 0.170 0.000 0.000 0.000 0.204

    62.7000     6.098      6.100   2     0.06     7.09      9.200    0.233   1.650

                                                                             1.650        0.000 0.007 0.000 0.000 0.000 0.007

    62.8000     6.104      6.107   2     0.07     6.64      9.728    0.249   1.654

                                                                             1.650        0.000 0.007 0.000 0.000 0.000 0.007

    62.9000     6.111      6.114   2     0.06     7.18      9.536    0.230   1.653

                                                                             1.650        0.000 0.007 0.000 0.000 0.000 0.007

    63.0000     6.118      6.122   2     0.07     6.34      9.745    0.260   1.650

                                                                             1.650        0.000 0.011 0.000 0.000 0.000 0.011

    63.1000     6.129      6.133   2     0.07     5.68      9.847    0.291   1.656

                                                                  Blatt    7

     Stat-km  Wsp-m+NN  hen-m+NN  IND  Lambd    Fl-qm   Umfg-m   v-m/s   Q-cbm/s

                                                                          Q-ges           hv-m  hr-m  h-bor h-ein h-ort h-m


                                                                             1.650        0.000 0.013 0.000 0.000 0.000 0.013

    63.2000     6.142      6.146   2     0.07     5.84      9.737    0.283   1.653

                                                                             1.650       -0.001 0.015 0.000 0.000 0.000 0.014

    63.3000     6.157      6.162   2     0.07     5.15      9.472    0.321   1.655

                                                                             1.650        0.001 0.015 0.000 0.000 0.000 0.016

    63.4000     6.173      6.177   2     0.07     5.78      9.572    0.287   1.656

                                                                             1.650        0.000 0.011 0.000 0.000 0.000 0.011

    63.5000     6.184      6.188   2     0.07     5.97      8.940    0.277   1.650

                                                                             1.650        0.000 0.010 0.000 0.000 0.000 0.010

    63.6000     6.194      6.198   2     0.07     5.92      8.912    0.279   1.650

                                                                             1.650       -0.002 0.021 0.000 0.000 0.000 0.019

    63.7000     6.213      6.220   2     0.08     4.38      9.471    0.377   1.650

                                                                             1.650        0.002 0.024 0.000 0.000 0.000 0.026

    63.8000     6.239      6.244   2     0.07     5.11      9.247    0.323   1.651

                                                                             1.650       -0.002 0.027 0.000 0.000 0.000 0.025

    63.9000     6.264      6.273   2     0.08     3.95      8.209    0.419   1.656

                                                                             1.650        0.001 0.031 0.000 0.000 0.000 0.033

    64.0000     6.297      6.305   2     0.08     4.31      8.139    0.383   1.653

                                                                             1.650        0.000 0.028 0.000 0.000 0.000 0.028

    64.1000     6.325      6.332   2     0.08     4.22      8.179    0.391   1.650

     Wehrberechnung an Station km    64.193 : 


     Eingabedaten der Wehrberechnung
     -------------------------------
     Wehrtyp: breitkroniges Wehr
     Feld-Nr.     Breite
      1            5.00

     Ergebnisse der Wehrberechnung
     -----------------------------
     Feld-Nr.    mue          q-wehr     h-ue        A-ue      Ü-Art
      1          0.5159       1.629      0.233       2.210     vollkommen  

     Summation aller Felder
     he-wehr     q-wehr
      6.983       1.629

                                                                  Blatt    8

     Stat-km  Wsp-m+NN  hen-m+NN  IND  Lambd    Fl-qm   Umfg-m   v-m/s   Q-cbm/s

                                                                          Q-ges           hv-m  hr-m  h-bor h-ein h-ort h-m


     Oberwasser:

                                                                             1.650        0.002 0.000 0.000 0.000 0.000 0.002

    64.1930     6.978      6.983   1     0.13     0.11      0.787    0.150   0.016
                                   2     0.08     5.12      9.628    0.318   1.629
                                   3     0.13     0.04      0.427    0.113   0.005

                                                                             1.650       -0.007 0.023 0.000 0.000 0.000 0.015

    64.2200     6.993      7.013   2     0.11     2.63      7.199    0.627   1.650

                                                                             1.650        0.017 0.062 0.000 0.000 0.000 0.079

    64.3000     7.072      7.075   2     0.07     7.06      8.908    0.234   1.650

                                                                             1.650       -0.010 0.116 0.000 0.000 0.000 0.106

    64.4000     7.179      7.202   2     0.11     2.43      8.288    0.679   1.653

                                                                             1.650        0.020 0.117 0.000 0.000 0.000 0.137

    64.5000     7.316      7.319   2     0.07     6.85     10.081    0.241   1.651

                                                                             1.650        0.000 0.008 0.000 0.000 0.000 0.008

    64.6000     7.323      7.327   2     0.07     6.62      9.631    0.249   1.651

                                                                             1.650        0.000 0.008 0.000 0.000 0.000 0.008

    64.7000     7.331      7.335   2     0.07     6.53      9.679    0.253   1.650

     Brueckenberechnung an Station km    64.782 : 


          Profil "a": 

                                                                             1.650       -0.010 0.094 0.000 0.000 0.000 0.084

    64.7710     7.418      7.441   2     0.12     2.44      9.029    0.676   1.650

          Profil "3":

                                                                             1.650       -0.002 0.014 0.000 0.000 0.000 0.013

    64.7760     7.430      7.457   2     0.12     2.28      8.890    0.723   1.652

                                                                  Blatt    9

     Stat-km  Wsp-m+NN  hen-m+NN  IND  Lambd    Fl-qm   Umfg-m   v-m/s   Q-cbm/s

                                                                          Q-ges           hv-m  hr-m  h-bor h-ein h-ort h-m


         Profil "3": hr  m  a
              7.430     0.532     2.283

         ad  aue apl  apg 
              2.283     0.000     0.000     0.000

         Profil "2": hr  m  a
              7.457     0.541     2.521

         ad  aue apl  apg 
              2.521     0.000     0.000     0.000

         Profil "1": hr  m  a
              7.460     0.548     2.553

         ad  aue apl  apg 
              2.553     0.000     0.000     0.000

         wsp im ow (Profil "1") ermittelt aus Impulsbilanz

          Profil "1":

                                                                             1.650        0.002 0.000 0.000 0.000 0.000 0.002

    64.7820     7.460      7.482   2     0.12     2.55      9.305    0.646   1.650

          Profil "b":

                                                                             1.650       -0.004 0.015 0.000 0.000 0.000 0.011

    64.7870     7.471      7.500   2     0.12     2.20      8.763    0.750   1.652

                                                                             1.650        0.022 0.025 0.000 0.000 0.000 0.047

    64.8000     7.518      7.525   2     0.08     4.62      9.252    0.356   1.647

                                                                             1.650        0.004 0.016 0.000 0.000 0.000 0.020

    64.9000     7.538      7.540   2     0.07     7.24     10.304    0.228   1.650

                                                                             1.650       -0.001 0.009 0.000 0.000 0.000 0.008

    65.0000     7.546      7.550   2     0.08     6.07      9.514    0.272   1.650

                                                                             1.650        0.001 0.009 0.000 0.000 0.000 0.010

    65.1000     7.556      7.559   2     0.07     6.79      9.487    0.244   1.657

                                                                             1.650        0.000 0.007 0.000 0.000 0.000 0.007

    65.2000     7.563      7.566   2     0.07     7.14     10.095    0.231   1.651

                                                                             1.650        0.000 0.008 0.000 0.000 0.000 0.008

    65.3000     7.571      7.574   2     0.07     6.23      9.988    0.265   1.650

                                                                  Blatt   10

     Stat-km  Wsp-m+NN  hen-m+NN  IND  Lambd    Fl-qm   Umfg-m   v-m/s   Q-cbm/s

                                                                          Q-ges           hv-m  hr-m  h-bor h-ein h-ort h-m


                                                                             1.650        0.001 0.009 0.000 0.000 0.000 0.009

    65.4000     7.580      7.583   2     0.07     6.89     10.034    0.240   1.653

                                                                             1.650        0.000 0.007 0.000 0.000 0.000 0.007

    65.5000     7.587      7.590   2     0.06     7.35      9.714    0.225   1.650

     Wehrberechnung an Station km    65.623 : 


     Eingabedaten der Wehrberechnung
     -------------------------------
     Wehrtyp: breitkroniges Wehr
     Feld-Nr.     Breite
      1            5.00

     Ergebnisse der Wehrberechnung
     -----------------------------
     Feld-Nr.    mue          q-wehr     h-ue        A-ue      Ü-Art
      1          0.5135       1.647      0.214       2.350     vollkommen  

     Summation aller Felder
     he-wehr     q-wehr
      8.294       1.647

     Oberwasser:

                                                                             1.650        0.002 0.000 0.000 0.000 0.000 0.002

    65.6230     8.292      8.294   1     0.13     0.03      0.328    0.036   0.001
                                   2     0.07    10.03     11.365    0.164   1.647
                                   3     0.13     0.04      0.430    0.039   0.002

                                                                             1.650       -0.001 0.005 0.000 0.000 0.000 0.004

    65.7000     8.296      8.300   2     0.07     5.88      9.108    0.281   1.652

                                                                             1.650        0.000 0.010 0.000 0.000 0.000 0.010

    65.8000     8.307      8.310   2     0.07     6.20      8.896    0.266   1.650

                                                                             1.650        0.001 0.007 0.000 0.000 0.000 0.008

    65.9000     8.315      8.317   2     0.06     6.95      8.700    0.237   1.650

                                                                             1.650        0.000 0.007 0.000 0.000 0.000 0.007

    66.0000     8.321      8.325   2     0.07     6.09      7.878    0.271   1.650

                                                                             1.650       -0.002 0.021 0.000 0.000 0.000 0.019

    66.1000     8.340      8.348   2     0.09     4.19      7.916    0.394   1.650

                                                                             1.650        0.001 0.030 0.000 0.000 0.000 0.031

    66.2000     8.371      8.378   2     0.08     4.33      8.022    0.381   1.650

                                                                  Blatt   11

     Stat-km  Wsp-m+NN  hen-m+NN  IND  Lambd    Fl-qm   Umfg-m   v-m/s   Q-cbm/s

                                                                          Q-ges           hv-m  hr-m  h-bor h-ein h-ort h-m


                                                                             1.650       -0.003 0.051 0.000 0.000 0.000 0.048

    66.3000     8.420      8.433   2     0.09     3.21      8.226    0.514   1.650

                                                                             1.650        0.007 0.048 0.000 0.000 0.000 0.055

    66.4000     8.475      8.481   2     0.07     4.65      8.261    0.356   1.657

                                                                             1.650       -0.003 0.043 0.000 0.000 0.000 0.040

    66.5000     8.515      8.527   2     0.09     3.45      8.701    0.479   1.651

                                                                             1.650        0.006 0.041 0.000 0.000 0.000 0.047

    66.6000     8.563      8.568   2     0.07     5.09      8.829    0.324   1.650

                                                                             1.650       -0.001 0.020 0.000 0.000 0.000 0.019

    66.7000     8.582      8.589   2     0.07     4.49      8.289    0.368   1.650

                                                                             1.650       -0.001 0.027 0.000 0.000 0.000 0.027

    66.8000     8.608      8.617   2     0.08     4.12      7.700    0.401   1.650

                                                                             1.650       -0.010 0.166 0.000 0.000 0.000 0.155

    66.9000     8.764      8.793   2     0.12     2.20      7.886    0.751   1.653

     Wehrberechnung an Station km    66.950 : 


     Eingabedaten der Wehrberechnung
     -------------------------------
     Wehrtyp: breitkroniges Wehr
     Feld-Nr.     Breite
      1            5.00

     Ergebnisse der Wehrberechnung
     -----------------------------
     Feld-Nr.    mue          q-wehr     h-ue        A-ue      Ü-Art
      1          0.5143       1.646      0.220       2.310     vollkommen  

     Summation aller Felder
     he-wehr     q-wehr
      9.350       1.646

     Oberwasser:

                                                                             1.650        0.007 0.000 0.000 0.000 0.000 0.007

    66.9500     9.349      9.350   1     0.13     0.04      0.436    0.042   0.002
                                   2     0.07     9.52     10.961    0.173   1.646
                                   3     0.13     0.04      0.398    0.041   0.002

                                                                             1.650       -0.002 0.003 0.000 0.000 0.000 0.001

    66.9770     9.349      9.356   2     0.08     4.68      7.938    0.353   1.652

                                                                  Blatt   12

     Stat-km  Wsp-m+NN  hen-m+NN  IND  Lambd    Fl-qm   Umfg-m   v-m/s   Q-cbm/s

                                                                          Q-ges           hv-m  hr-m  h-bor h-ein h-ort h-m


                                                                             1.650        0.002 0.004 0.000 0.000 0.000 0.006

    67.0000     9.355      9.359   2     0.07     5.93      8.465    0.278   1.650

                                                                             1.650       -0.001 0.014 0.000 0.000 0.000 0.014

    67.1000     9.369      9.374   2     0.08     5.16      9.001    0.320   1.650

                                                                             1.650       -0.001 0.022 0.000 0.000 0.000 0.021

    67.2000     9.391      9.397   2     0.08     4.62      8.444    0.357   1.650

                                                                             1.650        0.001 0.020 0.000 0.000 0.000 0.022

    67.3000     9.412      9.417   2     0.08     5.26      8.288    0.314   1.651

                                                                             1.650        0.000 0.017 0.000 0.000 0.000 0.016

    67.4000     9.429      9.434   2     0.07     4.97      8.749    0.332   1.650

                                                                             1.650       -0.002 0.032 0.000 0.000 0.000 0.030

    67.5000     9.459      9.469   2     0.09     3.71      7.929    0.445   1.654

     Durchflussaenderung bei Station km  67.600 :  Q =    1.07 m**3/s

                                                                             1.070        0.004 0.039 0.000 0.000 0.000 0.043

    67.6000     9.502      9.508   2     0.09     3.01      6.922    0.355   1.070

                                                                             1.070        0.001 0.030 0.000 0.000 0.000 0.031

    67.7000     9.533      9.538   2     0.09     3.41      7.928    0.314   1.070

                                                                             1.070       -0.002 0.037 0.000 0.000 0.000 0.035

    67.8000     9.568      9.577   2     0.09     2.63      6.408    0.407   1.070

                                                                             1.070        0.001 0.046 0.000 0.000 0.000 0.046

    67.9000     9.615      9.622   2     0.09     2.76      7.206    0.387   1.070

                                                                             1.070        0.003 0.031 0.000 0.000 0.000 0.034

    68.0000     9.649      9.654   2     0.08     3.44      6.792    0.312   1.075

                                                                             1.070       -0.003 0.049 0.000 0.000 0.000 0.046

    68.1000     9.695      9.706   2     0.09     2.29      6.870    0.469   1.074

                                                                  Blatt   13

     Stat-km  Wsp-m+NN  hen-m+NN  IND  Lambd    Fl-qm   Umfg-m   v-m/s   Q-cbm/s

                                                                          Q-ges           hv-m  hr-m  h-bor h-ein h-ort h-m


                                                                             1.070        0.008 0.045 0.000 0.000 0.000 0.053

    68.2000     9.748      9.751   2     0.08     4.20      7.193    0.255   1.070

     Wehrberechnung an Station km    68.236 : 


     Eingabedaten der Wehrberechnung
     -------------------------------
     Wehrtyp: breitkroniges Wehr
     Feld-Nr.     Breite
      1            5.00

     Ergebnisse der Wehrberechnung
     -----------------------------
     Feld-Nr.    mue          q-wehr     h-ue        A-ue      Ü-Art
      1          0.5083       1.068      0.177       1.690     vollkommen  

     Summation aller Felder
     he-wehr     q-wehr
     10.257       1.068

     Oberwasser:

                                                                             1.070        0.010 0.000 0.000 0.000 0.000 0.010

    68.2360    10.256     10.257   1     0.13     0.02      0.252    0.039   0.001
                                   2     0.07     6.55      9.892    0.163   1.068
                                   3     0.13     0.02      0.280    0.041   0.001

                                                                             1.070       -0.001 0.001 0.000 0.000 0.000 0.000

    68.2480    10.256     10.260   2     0.09     3.75      6.890    0.285   1.070

                                                                             1.070        0.002 0.006 0.000 0.000 0.000 0.008

    68.3000    10.264     10.266   2     0.08     5.05      7.670    0.212   1.070

                                                                             1.070       -0.001 0.004 0.000 0.000 0.000 0.004

    68.3440    10.267     10.271   2     0.08     4.03      8.054    0.266   1.072

                                                                             1.070        0.000 0.010 0.000 0.000 0.000 0.009

    68.4000    10.277     10.281   2     0.09     3.68      7.469    0.291   1.070

                                                                             1.070        0.000 0.011 0.000 0.000 0.000 0.011

    68.4500    10.287     10.292   2     0.09     3.48      7.917    0.308   1.070

                                                                             1.070        0.002 0.008 0.000 0.000 0.000 0.010

    68.5000    10.298     10.300   2     0.08     4.54      7.154    0.235   1.070

                                                                             1.070        0.000 0.004 0.000 0.000 0.000 0.004

    68.5490    10.302     10.304   2     0.08     4.59      7.319    0.233   1.070

                                                                  Blatt   14

     Stat-km  Wsp-m+NN  hen-m+NN  IND  Lambd    Fl-qm   Umfg-m   v-m/s   Q-cbm/s

                                                                          Q-ges           hv-m  hr-m  h-bor h-ein h-ort h-m


                                                                             1.070       -0.001 0.006 0.000 0.000 0.000 0.005

    68.6000    10.307     10.311   2     0.08     3.89      6.536    0.276   1.071

                                                                             1.070        0.000 0.007 0.000 0.000 0.000 0.007

    68.6510    10.314     10.318   2     0.08     3.93      6.926    0.272   1.070

                                                                             1.070       -0.003 0.017 0.000 0.000 0.000 0.015

    68.7000    10.328     10.337   2     0.10     2.57      6.797    0.416   1.072

                                                                             1.070        0.005 0.017 0.000 0.000 0.000 0.021

    68.7480    10.350     10.354   2     0.07     3.74      6.664    0.286   1.070

                                                                             1.070        0.000 0.008 0.000 0.000 0.000 0.008

    68.8000    10.357     10.361   2     0.08     3.70      6.495    0.290   1.071

                                                                             1.070       -0.001 0.009 0.000 0.000 0.000 0.008

    68.8460    10.365     10.371   2     0.08     3.26      6.785    0.329   1.070

                                                                             1.070        0.000 0.013 0.000 0.000 0.000 0.013

    68.9000    10.378     10.384   2     0.09     3.22      6.943    0.333   1.070

                                                                             1.070       -0.001 0.015 0.000 0.000 0.000 0.015

    68.9510    10.393     10.400   2     0.09     2.88      6.267    0.373   1.072

                                                                             1.070       -0.010 0.078 0.000 0.000 0.000 0.068

    69.0000    10.464     10.491   2     0.12     1.47      5.228    0.730   1.070

                                                                             1.070       -0.008 0.209 0.000 0.000 0.000 0.201

    69.0420    10.672     10.715   2     0.13     1.17      6.198    0.917   1.070

                                                                             1.070        0.036 0.089 0.000 0.000 0.000 0.125

    69.0660    10.797     10.803   2     0.08     3.00      6.409    0.356   1.071
