     Ergebnis der Wasserspiegellagenberechnung fuer HW98                        
 
     04/21/05 10:54:56.17 Uhr    KALYPSO - 1D, VERSION 1.0.4 
 

                                                                  Blatt    1

     Stat-km  Wsp-m+NN  hen-m+NN  IND  Lambd    Fl-qm   Umfg-m   v-m/s   Q-cbm/s

                                                                          Q-ges           hv-m  hr-m  h-bor h-ein h-ort h-m


     Durchfluss bei Station km  58.450 :  Q =   38.85 m**3/s

         der Ausgangswasserspiegel wird zu   5.670 angesetzt

                                                                            38.850        0.000 0.000 0.000 0.000 0.000 0.000

    58.4500     5.670      5.718   1     0.13     1.58      4.623    0.246   0.419
                                   2     0.04    37.22     17.867    0.996  37.066
                                   3     0.10     6.25     29.224    0.217   1.387

                                                                            38.850        0.012 0.011 0.000 0.000 0.000 0.023

    58.4930     5.693      5.729   1     0.10     2.27      4.497    0.298   0.676
                                   2     0.04    44.18     22.726    0.853  37.686
                                   3     0.09     1.56      3.033    0.313   0.488

                                                                            38.850        0.032 0.008 0.000 0.000 0.000 0.039

    58.5500     5.732      5.737   1     0.10   125.07    168.838    0.176  22.109
                                   2     0.05    35.87     15.284    0.418  14.999
                                   3     0.14    10.32     13.523    0.148   1.653

                                                                            38.850       -0.044 0.008 0.023 0.000 0.000-0.012

    58.6000     5.720      5.769   1     0.14     2.22      3.749    0.307   0.823
                                   2     0.05    37.29     16.170    0.996  37.155
                                   3     0.11     3.37     10.087    0.254   0.896

                                                                            38.850        0.042 0.008 0.000 0.000 0.000 0.050

    58.6470     5.770      5.777   1     0.11   118.64    229.840    0.159  18.859
                                   2     0.05    39.74     17.892    0.483  19.202
                                   3     0.12     6.26     21.954    0.110   0.705

                                                                            38.850        0.000 0.004 0.000 0.000 0.000 0.004

    58.7000     5.774      5.780   1     0.11   120.33    246.243    0.158  19.063
                                   2     0.05    38.38     17.968    0.489  18.775
                                   3     0.14     5.94     12.494    0.138   0.874

                                                                            38.850        0.000 0.003 0.000 0.000 0.000 0.004

    58.7490     5.777      5.784   1     0.11   111.87    224.843    0.154  17.174
                                   2     0.05    41.71     19.638    0.471  19.641
                                   3     0.12    14.41     35.804    0.130   1.893

                                                                            38.850       -0.002 0.004 0.000 0.000 0.000 0.002

    58.8000     5.779      5.788   1     0.12    67.42    165.837    0.138   9.324
                                   2     0.05    44.94     21.020    0.512  22.989
                                   3     0.10    35.79     58.380    0.183   6.536

                                                                  Blatt    2

     Stat-km  Wsp-m+NN  hen-m+NN  IND  Lambd    Fl-qm   Umfg-m   v-m/s   Q-cbm/s

                                                                          Q-ges           hv-m  hr-m  h-bor h-ein h-ort h-m


                                                                            38.850       -0.004 0.005 0.000 0.000 0.000 0.002

    58.8530     5.781      5.793   1     0.12    53.44    116.866    0.191  10.193
                                   2     0.05    35.87     17.787    0.622  22.315
                                   3     0.12    34.82     82.503    0.182   6.342

                                                                            38.850       -0.035 0.010 0.011 0.000 0.000-0.014

    58.9000     5.767      5.814   2     0.05    39.28     19.400    0.968  38.025
                                   3     0.09     3.99     22.932    0.209   0.834

                                                                            38.850        0.030 0.011 0.000 0.000 0.000 0.041

    58.9510     5.808      5.825   1     0.12    55.87    117.081    0.207  11.542
                                   2     0.05    40.95     19.892    0.663  27.160
                                   3     0.13     1.02      4.112    0.144   0.146

                                                                            38.850       -0.002 0.007 0.000 0.000 0.000 0.005

    59.0000     5.814      5.834   1     0.12    47.72    138.668    0.194   9.248
                                   2     0.05    41.56     22.071    0.711  29.568

                                                                            38.850        0.007 0.007 0.000 0.000 0.000 0.014

    59.0510     5.828      5.841   1     0.12    74.81    153.301    0.198  14.834
                                   2     0.05    37.89     18.802    0.627  23.769
                                   3     0.13     1.67      5.918    0.147   0.246

                                                                            38.850       -0.003 0.008 0.000 0.000 0.000 0.004

    59.1000     5.833      5.849   1     0.12    61.63    160.164    0.220  13.582
                                   2     0.05    37.07     22.786    0.682  25.268

                                                                            38.850       -0.041 0.018 0.012 0.000 0.000-0.010

    59.1500     5.822      5.879   2     0.06    36.76     24.534    1.057  38.844

                                                                            38.850        0.021 0.021 0.000 0.000 0.000 0.043

    59.2000     5.865      5.901   2     0.05    36.46     20.414    0.898  32.748
                                   3     0.12    19.86     42.343    0.306   6.088

                                                                            38.850        0.015 0.014 0.000 0.000 0.000 0.029

    59.2560     5.894      5.914   1     0.11    34.51    108.659    0.203   6.999
                                   2     0.05    39.16     20.602    0.727  28.482
                                   3     0.12    15.89     45.184    0.206   3.273

                                                                            38.850       -0.009 0.010 0.001 0.000 0.000 0.001

    59.3000     5.895      5.925   1     0.12    21.43     75.993    0.211   4.531
                                   2     0.05    35.87     19.259    0.854  30.639
                                   3     0.12    15.95     48.989    0.228   3.635

                                                                  Blatt    3

     Stat-km  Wsp-m+NN  hen-m+NN  IND  Lambd    Fl-qm   Umfg-m   v-m/s   Q-cbm/s

                                                                          Q-ges           hv-m  hr-m  h-bor h-ein h-ort h-m


                                                                            38.850        0.016 0.014 0.000 0.000 0.000 0.030

    59.3650     5.925      5.939   1     0.12    36.29     70.355    0.239   8.660
                                   2     0.06    43.56     26.528    0.606  26.386
                                   3     0.12    18.57     47.665    0.205   3.804

                                                                            38.850        0.000 0.006 0.000 0.000 0.000 0.006

    59.4000     5.931      5.944   1     0.12    58.01     94.189    0.255  14.818
                                   2     0.05    32.24     17.175    0.658  21.230
                                   3     0.13    14.02     38.473    0.190   2.659

                                                                            38.850        0.001 0.007 0.000 0.000 0.000 0.008

    59.4480     5.939      5.952   1     0.12    65.57    105.482    0.250  16.399
                                   2     0.05    34.71     18.980    0.633  21.983
                                   3     0.11     2.27      7.858    0.179   0.407

                                                                            38.850        0.000 0.007 0.000 0.000 0.000 0.007

    59.5000     5.946      5.959   1     0.11    67.45    109.773    0.224  15.124
                                   2     0.05    36.76     18.337    0.624  22.957
                                   3     0.11     4.35     11.812    0.172   0.764

                                                                            38.850        0.002 0.006 0.000 0.000 0.000 0.007

    59.5510     5.953      5.964   1     0.12    67.97    114.263    0.202  13.754
                                   2     0.05    37.21     17.585    0.592  22.016
                                   3     0.11    15.15     29.487    0.195   2.964

                                                                            38.850       -0.002 0.006 0.000 0.000 0.000 0.005

    59.6000     5.958      5.972   1     0.12    57.74    120.675    0.212  12.254
                                   2     0.05    34.35     18.677    0.662  22.741
                                   3     0.11    15.24     25.991    0.248   3.787

                                                                            38.850        0.005 0.007 0.000 0.000 0.000 0.012

    59.6520     5.970      5.979   1     0.10    67.38    127.975    0.214  14.395
                                   2     0.05    34.15     18.404    0.552  18.842
                                   3     0.11    27.11     50.658    0.207   5.616

                                                                            38.850       -0.024 0.009 0.007 0.000 0.000-0.007

    59.7000     5.963      5.996   1     0.13     0.01      0.457    0.072   0.001
                                   2     0.05    35.01     19.299    0.884  30.939
                                   3     0.12    29.30     69.335    0.270   7.907

                                                                            38.850        0.021 0.019 0.000 0.000 0.000 0.040

    59.8000     6.003      6.014   2     0.05    37.04     18.672    0.586  21.709
                                   3     0.10    78.53    136.726    0.218  17.138

                                                                  Blatt    4

     Stat-km  Wsp-m+NN  hen-m+NN  IND  Lambd    Fl-qm   Umfg-m   v-m/s   Q-cbm/s

                                                                          Q-ges           hv-m  hr-m  h-bor h-ein h-ort h-m


                                                                            38.850        0.002 0.011 0.000 0.000 0.000 0.013

    59.9000     6.016      6.025   1     0.12    39.10    109.456    0.158   6.180
                                   2     0.05    37.11     20.318    0.545  20.235
                                   3     0.12    69.50    152.890    0.179  12.438

                                                                            38.850       -0.007 0.015 0.001 0.000 0.000 0.009

    60.0000     6.025      6.041   2     0.05    31.25     18.673    0.707  22.090
                                   3     0.12    75.18    193.713    0.223  16.760

                                                                            38.850        0.010 0.008 0.000 0.000 0.000 0.018

    60.0560     6.043      6.049   1     0.12   134.60    236.741    0.167  22.461
                                   2     0.05    35.59     19.731    0.460  16.375

                                                                            38.850       -0.062 0.011 0.034 0.000 0.000-0.016

    60.1000     6.027      6.094   2     0.05    33.78     18.341    1.148  38.767
                                   3     0.16     0.31      1.449    0.218   0.086

                                                                            38.850        0.063 0.013 0.000 0.000 0.000 0.076

    60.1520     6.103      6.107   1     0.11   181.48    399.733    0.131  23.856
                                   2     0.05    36.84     19.206    0.405  14.923

                                                                            38.850       -0.037 0.008 0.019 0.000 0.000-0.009

    60.2000     6.094      6.135   2     0.05    38.06     21.025    0.936  35.642
                                   3     0.12    18.13    101.665    0.183   3.326

                                                                            38.850       -0.013 0.039 0.000 0.000 0.000 0.026

    60.3000     6.120      6.187   2     0.05    33.76     19.700    1.151  38.843
                                   3     0.13     0.13      1.240    0.180   0.028

                                                                            38.850       -0.008 0.053 0.000 0.000 0.000 0.045

    60.4000     6.165      6.248   2     0.05    30.06     16.848    1.284  38.605
                                   3     0.13     0.93      4.634    0.266   0.261

                                                                            38.850        0.055 0.021 0.000 0.000 0.000 0.075

    60.4510     6.240      6.269   1     0.13    33.99     70.140    0.267   9.082
                                   2     0.05    33.39     16.872    0.856  28.580
                                   3     0.11     4.87     15.445    0.226   1.113

                                                                            38.850       -0.038 0.025 0.008 0.000 0.000-0.005

    60.5210     6.235      6.302   2     0.05    33.87     20.553    1.147  38.853

                                                                  Blatt    5

     Stat-km  Wsp-m+NN  hen-m+NN  IND  Lambd    Fl-qm   Umfg-m   v-m/s   Q-cbm/s

                                                                          Q-ges           hv-m  hr-m  h-bor h-ein h-ort h-m


                                                                            38.850        0.042 0.002 0.000 0.000 0.000 0.044

    60.5280     6.279      6.304   1     0.12     8.66     35.179    0.172   1.523
                                   2     0.05    35.98     17.375    0.795  28.601
                                   3     0.11    30.75     52.887    0.278   8.555

                                                                            38.850        0.012 0.011 0.000 0.000 0.000 0.023

    60.6000     6.302      6.316   1     0.12    20.83    129.974    0.112   2.333
                                   2     0.05    36.84     18.209    0.631  23.253
                                   3     0.11    56.39     86.605    0.235  13.265

                                                                            38.850        0.001 0.004 0.000 0.000 0.000 0.005

    60.6310     6.307      6.320   1     0.11    26.37    147.232    0.131   3.446
                                   2     0.05    36.79     20.575    0.624  22.952
                                   3     0.12    54.99     99.063    0.227  12.465

                                                                            38.850       -0.001 0.009 0.000 0.000 0.000 0.008

    60.7000     6.315      6.330   1     0.06    20.75    150.031    0.144   2.997
                                   2     0.04    38.27     19.126    0.648  24.810
                                   3     0.10    49.46     98.116    0.224  11.075

                                                                            38.850       -0.011 0.018 0.001 0.000 0.000 0.008

    60.8000     6.323      6.349   1     0.12     5.24     38.356    0.143   0.754
                                   2     0.05    30.89     16.278    0.838  25.877
                                   3     0.11    41.64     79.860    0.292  12.178

                                                                            38.850       -0.038 0.031 0.009 0.000 0.000 0.001

    60.9000     6.324      6.388   2     0.05    34.31     17.260    1.123  38.547
                                   3     0.12     0.92      2.456    0.308   0.329

                                                                            38.850        0.031 0.033 0.000 0.000 0.000 0.064

    61.0000     6.388      6.421   2     0.05    42.37     25.413    0.842  35.658
                                   3     0.12    12.68     33.411    0.258   3.278

                                                                            38.850        0.018 0.020 0.000 0.000 0.000 0.038

    61.1000     6.426      6.441   2     0.04    37.00     17.210    0.667  24.681
                                   3     0.12    72.24    149.466    0.198  14.289

     Durchflussaenderung bei Station km  61.127 :  Q =   19.20 m**3/s

                                                                            19.200        0.015 0.002 0.000 0.000 0.000 0.016

    61.1270     6.442      6.442   1     0.12   253.51    417.465    0.045  11.423
                                   2     0.05    46.73     20.616    0.132   6.180
                                   3     0.12    48.83    143.127    0.033   1.593

                                                                  Blatt    6

     Stat-km  Wsp-m+NN  hen-m+NN  IND  Lambd    Fl-qm   Umfg-m   v-m/s   Q-cbm/s

                                                                          Q-ges           hv-m  hr-m  h-bor h-ein h-ort h-m


                                                                            19.200        0.000 0.000 0.000 0.000 0.000 0.000

    61.1390     6.442      6.442   1     0.11   235.19    404.515    0.055  12.828
                                   2     0.05    34.91     19.953    0.137   4.777
                                   3     0.12    40.38    123.735    0.040   1.597

                                                                            19.200        0.000 0.001 0.000 0.000 0.000 0.000

    61.2000     6.443      6.443   1     0.12   202.30    366.959    0.060  12.235
                                   2     0.05    27.69     16.594    0.154   4.274
                                   3     0.13    52.41    124.054    0.051   2.691

     Wehrberechnung an Station km    61.241 : 


     Eingabedaten der Wehrberechnung
     -------------------------------
     Wehrtyp: breitkroniges Wehr
     Feld-Nr.     Breite
      1            5.00

     Ergebnisse der Wehrberechnung
     -----------------------------
     Feld-Nr.    mue          q-wehr     h-ue        A-ue      Ü-Art
      1          0.5770      16.868      1.826      21.287     Überströmen 

     Summation aller Felder
     he-wehr     q-wehr
      6.476      16.868

     Oberwasser:

                                                                            19.200       -0.017 0.000 0.013 0.000 0.000-0.004

    61.2410     6.458      6.476   1     0.06     3.68      4.260    0.371   1.366
                                   2     0.05    27.85     11.996    0.606  16.873
                                   3     0.05     2.36      2.905    0.409   0.967

                                                                            19.200        0.016 0.005 0.000 0.000 0.000 0.021

    61.3000     6.479      6.481   1     0.12    76.86    201.310    0.112   8.571
                                   2     0.06    20.87     15.588    0.291   6.064
                                   3     0.13    45.81    135.478    0.099   4.539

                                                                            19.200       -0.018 0.015 0.010 0.000 0.000 0.007

    61.4000     6.486      6.506   1     0.13     0.12      0.725    0.160   0.024
                                   2     0.06    22.43     16.152    0.692  15.527
                                   3     0.12    17.69     69.635    0.206   3.650

                                                                            19.200       -0.006 0.036 0.000 0.000 0.000 0.030

    61.5000     6.516      6.547   1     0.12     4.46     23.541    0.239   1.067
                                   2     0.06    18.49     14.743    0.859  15.884
                                   3     0.11    11.87    111.957    0.189   2.249

                                                                            19.200        0.004 0.041 0.000 0.000 0.000 0.045

    61.6000     6.561      6.588   2     0.06    20.77     15.980    0.789  16.396
                                   3     0.11    11.87     52.964    0.236   2.804

                                                                  Blatt    7

     Stat-km  Wsp-m+NN  hen-m+NN  IND  Lambd    Fl-qm   Umfg-m   v-m/s   Q-cbm/s

                                                                          Q-ges           hv-m  hr-m  h-bor h-ein h-ort h-m


                                                                            19.200        0.001 0.037 0.000 0.000 0.000 0.038

    61.7000     6.598      6.625   1     0.13     0.28      1.096    0.247   0.080
                                   2     0.06    18.85     14.405    0.805  15.171
                                   3     0.11    16.64     77.182    0.237   3.947

                                                                            19.200       -0.001 0.036 0.000 0.000 0.000 0.034

    61.8000     6.633      6.662   2     0.06    21.96     16.061    0.792  17.404
                                   3     0.12     9.46     56.993    0.190   1.796

                                                                            19.200        0.006 0.033 0.000 0.000 0.000 0.038

    61.9000     6.671      6.695   2     0.06    21.47     16.968    0.742  15.923
                                   3     0.11    15.20     77.970    0.216   3.277

                                                                            19.200        0.007 0.028 0.000 0.000 0.000 0.035

    62.0000     6.706      6.722   1     0.12    24.74     89.073    0.202   4.997
                                   2     0.06    21.92     16.019    0.646  14.161
                                   3     0.13     0.39      4.676    0.109   0.042

                                                                            19.200       -0.012 0.035 0.000 0.000 0.000 0.023

    62.1000     6.729      6.770   2     0.06    21.48     17.367    0.894  19.200
                                   3     0.13     0.01      0.734    0.065   0.001

                                                                            19.200        0.025 0.037 0.000 0.000 0.000 0.062

    62.2000     6.790      6.807   2     0.06    20.32     16.066    0.653  13.281
                                   3     0.12    23.92     67.917    0.246   5.895

                                                                            19.200       -0.004 0.028 0.000 0.000 0.000 0.025

    62.3000     6.815      6.839   1     0.13     0.14      0.819    0.182   0.034
                                   2     0.06    20.93     15.445    0.748  15.645
                                   3     0.12    15.98     63.813    0.220   3.521

                                                                            19.200       -0.002 0.032 0.000 0.000 0.000 0.031

    62.4000     6.846      6.873   1     0.11    14.42     71.631    0.225   3.237
                                   2     0.06    20.01     15.174    0.798  15.963

                                                                            19.200       -0.013 0.049 0.000 0.000 0.000 0.035

    62.5000     6.881      6.935   2     0.06    18.38     13.586    1.037  19.058
                                   3     0.10     0.92      8.053    0.232   0.213

     Wehrberechnung an Station km    62.593 : 


     Eingabedaten der Wehrberechnung
     -------------------------------
     Wehrtyp: breitkroniges Wehr
     Feld-Nr.     Breite
      1            5.00

     Ergebnisse der Wehrberechnung
     -----------------------------
     Feld-Nr.    mue          q-wehr     h-ue        A-ue      Ü-Art
      1          0.5676      17.443      1.350      12.146     Überströmen 

     Summation aller Felder
     he-wehr     q-wehr
      7.010      17.443

                                                                  Blatt    8

     Stat-km  Wsp-m+NN  hen-m+NN  IND  Lambd    Fl-qm   Umfg-m   v-m/s   Q-cbm/s

                                                                          Q-ges           hv-m  hr-m  h-bor h-ein h-ort h-m


     Oberwasser:

                                                                            19.200       -0.036 0.000 0.007 0.000 0.000-0.029

    62.5930     6.946      7.010   1     0.08     1.41      4.105    0.508   0.718
                                   2     0.05    15.06      9.209    1.158  17.443
                                   3     0.03     2.27     20.234    0.458   1.039

                                                                            19.200       -0.106 0.012 0.023 0.000 0.000-0.070

    62.6000     6.876      7.045   1     0.13     0.16      1.081    0.512   0.088
                                   2     0.06    10.47     10.620    1.826  19.112

                                                                            19.200        0.137 0.159 0.000 0.000 0.000 0.296

    62.7000     7.172      7.204   1     0.11     8.67     40.398    0.234   2.028
                                   2     0.05    17.13     10.999    0.884  15.148
                                   3     0.10     8.46     40.790    0.238   2.015

                                                                            19.200       -0.005 0.039 0.000 0.000 0.000 0.035

    62.8000     7.207      7.248   1     0.11     9.28     50.515    0.238   2.205
                                   2     0.05    17.61     11.215    0.956  16.834
                                   3     0.06     0.66      5.651    0.244   0.161

                                                                            19.200        0.004 0.044 0.000 0.000 0.000 0.048

    62.9000     7.255      7.292   2     0.06    19.16     15.029    0.899  17.222
                                   3     0.10    10.27     98.820    0.193   1.978

                                                                            19.200       -0.010 0.049 0.000 0.000 0.000 0.040

    63.0000     7.294      7.351   1     0.06     0.56      5.391    0.262   0.168
                                   2     0.05    17.96     12.647    1.061  19.061

                                                                            19.200        0.029 0.044 0.000 0.000 0.000 0.073

    63.1000     7.367      7.395   1     0.13     0.23      3.154    0.127   0.029
                                   2     0.06    19.77     14.733    0.805  15.912
                                   3     0.11    13.98     62.846    0.233   3.258

                                                                            19.200       -0.010 0.043 0.000 0.000 0.000 0.033

    63.2000     7.400      7.448   2     0.06    19.86     15.188    0.968  19.224

                                                                            19.200       -0.003 0.053 0.000 0.000 0.000 0.050

    63.3000     7.450      7.504   2     0.05    18.78     14.265    1.024  19.233

                                                                            19.200        0.010 0.049 0.000 0.000 0.000 0.060

    63.4000     7.510      7.553   1     0.12     1.11      8.993    0.190   0.211
                                   2     0.05    20.61     14.799    0.921  18.984

                                                                  Blatt    9

     Stat-km  Wsp-m+NN  hen-m+NN  IND  Lambd    Fl-qm   Umfg-m   v-m/s   Q-cbm/s

                                                                          Q-ges           hv-m  hr-m  h-bor h-ein h-ort h-m


                                                                            19.200       -0.003 0.045 0.000 0.000 0.000 0.042

    63.5000     7.552      7.600   2     0.05    19.69     14.261    0.976  19.213

                                                                            19.200        0.018 0.041 0.000 0.000 0.000 0.059

    63.6000     7.611      7.641   1     0.12     0.42      5.238    0.138   0.058
                                   2     0.06    20.79     14.984    0.818  16.997
                                   3     0.11     9.91     53.897    0.216   2.145

                                                                            19.200       -0.009 0.042 0.000 0.000 0.000 0.034

    63.7000     7.644      7.692   2     0.05    19.85     15.034    0.968  19.219

                                                                            19.200       -0.001 0.048 0.000 0.000 0.000 0.047

    63.8000     7.692      7.741   2     0.05    19.48     13.852    0.987  19.222

                                                                            19.200       -0.003 0.052 0.000 0.000 0.000 0.050

    63.9000     7.741      7.796   2     0.06    18.54     14.007    1.037  19.218

                                                                            19.200        0.001 0.056 0.000 0.000 0.000 0.057

    64.0000     7.798      7.852   2     0.05    18.61     13.429    1.030  19.172
                                   3     0.12     0.33      3.797    0.173   0.057

                                                                            19.200        0.002 0.050 0.000 0.000 0.000 0.052

    64.1000     7.850      7.902   1     0.13     0.12      0.897    0.197   0.026
                                   2     0.05    18.97     12.774    1.013  19.220

     Wehrberechnung an Station km    64.193 : 


     Eingabedaten der Wehrberechnung
     -------------------------------
     Wehrtyp: breitkroniges Wehr
     Feld-Nr.     Breite
      1            5.00

     Ergebnisse der Wehrberechnung
     -----------------------------
     Feld-Nr.    mue          q-wehr     h-ue        A-ue      Ü-Art
      1          0.5651      17.410      1.241      11.793     Überströmen 

     Summation aller Felder
     he-wehr     q-wehr
      7.992      17.410

     Oberwasser:

                                                                            19.200       -0.021 0.000 0.001 0.000 0.000-0.019

    64.1930     7.917      7.991   1     0.07     1.34      2.620    0.750   1.003
                                   2     0.06    14.05      9.628    1.239  17.411
                                   3     0.08     1.15      2.333    0.686   0.786

                                                                  Blatt   10

     Stat-km  Wsp-m+NN  hen-m+NN  IND  Lambd    Fl-qm   Umfg-m   v-m/s   Q-cbm/s

                                                                          Q-ges           hv-m  hr-m  h-bor h-ein h-ort h-m


                                                                            19.200       -0.039 0.051 0.000 0.000 0.000 0.012

    64.2200     7.929      8.082   2     0.07    11.10     11.422    1.731  19.217
                                   3     0.13     0.02      0.452    0.294   0.007

                                                                            19.200        0.094 0.139 0.000 0.000 0.000 0.233

    64.3000     8.163      8.221   1     0.13     0.07      0.601    0.212   0.020
                                   2     0.06    17.93     12.740    1.066  19.108
                                   3     0.13     0.22      3.369    0.160   0.037

                                                                            19.200        0.012 0.074 0.000 0.000 0.000 0.085

    64.4000     8.248      8.294   1     0.13     0.09      0.818    0.239   0.028
                                   2     0.06    13.21     11.543    1.086  14.347
                                   3     0.11    15.46     92.690    0.312   4.825

                                                                            19.200       -0.006 0.070 0.000 0.000 0.000 0.065

    64.5000     8.313      8.370   1     0.13     0.03      0.479    0.158   0.009
                                   2     0.05    17.99     13.142    1.066  19.181
                                   3     0.13     0.13      0.915    0.221   0.039

                                                                            19.200        0.001 0.058 0.000 0.000 0.000 0.058

    64.6000     8.371      8.428   1     0.11     0.86      2.130    0.410   0.353
                                   2     0.05    17.55     11.858    1.070  18.792
                                   3     0.13     0.56      5.054    0.196   0.119

                                                                            19.200        0.011 0.051 0.000 0.000 0.000 0.062

    64.7000     8.433      8.479   1     0.11     5.16     31.817    0.222   1.173
                                   2     0.05    18.18     12.092    0.983  17.866
                                   3     0.11     0.54      4.516    0.198   0.129

     Brueckenberechnung an Station km    64.782 : 


          Profil "3":

                                                                            19.200       -0.029 0.072 0.000 0.000 0.000 0.044

    64.7760     8.476      8.580   2     0.06    13.45     12.705    1.429  19.211

         Profil "3": hr  m  a
              8.476    11.252    13.446

         ad  aue apl  apg 
             13.446     0.000     0.000     0.000

                                                                  Blatt   11

     Stat-km  Wsp-m+NN  hen-m+NN  IND  Lambd    Fl-qm   Umfg-m   v-m/s   Q-cbm/s

                                                                          Q-ges           hv-m  hr-m  h-bor h-ein h-ort h-m


         Profil "2": hr  m  a
              8.492    11.304    13.628

         ad  aue apl  apg 
             13.628     0.000     0.000     0.000

         Profil "1": hr  m  a
              8.496    11.356    13.683

         ad  aue apl  apg 
             13.683     0.000     0.000     0.000

         wsp im ow (Profil "1") ermittelt aus Impulsbilanz

          Profil "1":

                                                                            19.200       -0.054 0.000 0.010 0.000 0.000-0.044

    64.7820     8.496      8.597   2     0.06    13.68     12.755    1.403  19.201

          Profil "b":

                                                                            19.200       -0.004 0.007 0.000 0.000 0.000 0.003

    64.7870     8.499      8.608   2     0.06    13.13     12.636    1.465  19.225

                                                                            19.200        0.060 0.015 0.000 0.000 0.000 0.075

    64.8000     8.574      8.623   1     0.11     7.58     60.340    0.258   1.955
                                   2     0.06    16.64     14.794    1.034  17.210
                                   3     0.13     0.13      4.091    0.120   0.016

                                                                            19.200        0.003 0.060 0.000 0.000 0.000 0.064

    64.9000     8.638      8.684   2     0.06    19.95     14.669    0.959  19.142
                                   3     0.13     0.69      5.560    0.196   0.134

                                                                            19.200        0.006 0.049 0.000 0.000 0.000 0.055

    65.0000     8.692      8.733   1     0.11     3.79     28.759    0.210   0.799
                                   2     0.06    19.26     14.150    0.923  17.786
                                   3     0.11     2.73     19.332    0.226   0.617

                                                                            19.200       -0.004 0.046 0.000 0.000 0.000 0.042

    65.1000     8.734      8.783   1     0.13     0.14      0.766    0.220   0.038
                                   2     0.05    19.54     13.168    0.981  19.171
                                   3     0.13     0.19      1.141    0.213   0.045

                                                                            19.200        0.007 0.043 0.000 0.000 0.000 0.049

    65.2000     8.784      8.826   2     0.05    21.15     15.241    0.908  19.200

                                                                            19.200       -0.002 0.042 0.000 0.000 0.000 0.041

    65.3000     8.825      8.870   2     0.05    20.40     14.885    0.943  19.230

                                                                            19.200        0.003 0.043 0.000 0.000 0.000 0.046

    65.4000     8.870      8.913   2     0.06    21.10     14.705    0.913  19.259

                                                                  Blatt   12

     Stat-km  Wsp-m+NN  hen-m+NN  IND  Lambd    Fl-qm   Umfg-m   v-m/s   Q-cbm/s

                                                                          Q-ges           hv-m  hr-m  h-bor h-ein h-ort h-m


                                                                            19.200        0.003 0.037 0.000 0.000 0.000 0.041

    65.5000     8.911      8.950   1     0.13     0.12      0.721    0.186   0.029
                                   2     0.05    21.87     13.782    0.879  19.216
                                   3     0.13     0.25      4.211    0.111   0.029

     Wehrberechnung an Station km    65.623 : 


     Eingabedaten der Wehrberechnung
     -------------------------------
     Wehrtyp: breitkroniges Wehr
     Feld-Nr.     Breite
      1            5.00

     Ergebnisse der Wehrberechnung
     -----------------------------
     Feld-Nr.    mue          q-wehr     h-ue        A-ue      Ü-Art
      1          0.5597      18.554      1.041      11.451     Überströmen 

     Summation aller Felder
     he-wehr     q-wehr
      9.121      18.554

     Oberwasser:

                                                                            19.200       -0.007 0.000 0.000 0.000 0.000-0.007

    65.6230     9.072      9.121   1     0.08     0.62      1.725    0.405   0.252
                                   2     0.05    18.60     11.365    0.997  18.554
                                   3     0.09     0.91      2.138    0.432   0.394

                                                                            19.200       -0.024 0.068 0.000 0.000 0.000 0.044

    65.7000     9.116      9.213   2     0.06    13.88     12.410    1.384  19.204

                                                                            19.200        0.018 0.111 0.000 0.000 0.000 0.129

    65.8000     9.245      9.325   2     0.06    15.35     12.586    1.251  19.200

                                                                            19.200        0.010 0.086 0.000 0.000 0.000 0.096

    65.9000     9.341      9.410   2     0.06    16.45     13.132    1.167  19.200

                                                                            19.200       -0.004 0.086 0.000 0.000 0.000 0.081

    66.0000     9.422      9.500   2     0.06    15.54     12.450    1.235  19.196

                                                                            19.200       -0.002 0.107 0.000 0.000 0.000 0.105

    66.1000     9.528      9.610   2     0.07    15.08     13.309    1.277  19.257

                                                                            19.200        0.013 0.105 0.000 0.000 0.000 0.118

    66.2000     9.645      9.715   2     0.06    16.44     13.643    1.168  19.198

                                                                            19.200       -0.001 0.084 0.000 0.000 0.000 0.083

    66.3000     9.729      9.800   1     0.13     0.11      0.789    0.280   0.032
                                   2     0.05    16.18     12.901    1.187  19.215

                                                                  Blatt   13

     Stat-km  Wsp-m+NN  hen-m+NN  IND  Lambd    Fl-qm   Umfg-m   v-m/s   Q-cbm/s

                                                                          Q-ges           hv-m  hr-m  h-bor h-ein h-ort h-m


                                                                            19.200        0.015 0.071 0.000 0.000 0.000 0.086

    66.4000     9.814      9.871   2     0.06    18.15     13.853    1.055  19.150
                                   3     0.13     0.30      4.115    0.167   0.050

                                                                            19.200        0.021 0.055 0.000 0.000 0.000 0.076

    66.5000     9.890      9.926   2     0.06    17.79     14.058    0.908  16.150
                                   3     0.12    10.04     34.778    0.304   3.050

                                                                            19.200       -0.006 0.047 0.000 0.000 0.000 0.041

    66.6000     9.931      9.979   1     0.14     0.20      1.020    0.224   0.057
                                   2     0.05    19.12     12.930    0.987  18.881
                                   3     0.12     2.08     27.576    0.148   0.309

                                                                            19.200       -0.003 0.049 0.000 0.000 0.000 0.046

    66.7000     9.976     10.031   1     0.13     0.02      0.312    0.154   0.005
                                   2     0.05    18.51     13.155    1.037  19.208

                                                                            19.200       -0.002 0.059 0.000 0.000 0.000 0.057

    66.8000    10.033     10.092   2     0.06    17.83     13.598    1.078  19.225

                                                                            19.200       -0.007 0.083 0.000 0.000 0.000 0.076

    66.9000    10.109     10.182   1     0.12     0.10     11.632    0.072   0.007
                                   2     0.06    16.03     13.879    1.200  19.231

     Wehrberechnung an Station km    66.950 : 


     Eingabedaten der Wehrberechnung
     -------------------------------
     Wehrtyp: breitkroniges Wehr
     Feld-Nr.     Breite
      1            5.00

     Ergebnisse der Wehrberechnung
     -----------------------------
     Feld-Nr.    mue          q-wehr     h-ue        A-ue      Ü-Art
      1          0.5624      18.222      1.139      11.963     Überströmen 

     Summation aller Felder
     he-wehr     q-wehr
     10.269      18.222

     Oberwasser:

                                                                            19.200        0.012 0.000 0.000 0.000 0.000 0.012

    66.9500    10.223     10.269   1     0.06     1.03      2.158    0.510   0.523
                                   2     0.05    18.69     10.961    0.975  18.222
                                   3     0.07     0.95      2.185    0.480   0.454

                                                                            19.200       -0.076 0.032 0.017 0.000 0.000-0.027

    66.9770    10.196     10.318   2     0.07    12.38     11.938    1.551  19.200

                                                                  Blatt   14

     Stat-km  Wsp-m+NN  hen-m+NN  IND  Lambd    Fl-qm   Umfg-m   v-m/s   Q-cbm/s

                                                                          Q-ges           hv-m  hr-m  h-bor h-ein h-ort h-m


                                                                            19.200        0.032 0.036 0.000 0.000 0.000 0.068

    67.0000    10.264     10.355   1     0.13     0.06      0.682    0.250   0.016
                                   2     0.06    14.40     12.269    1.330  19.151

                                                                            19.200        0.013 0.105 0.000 0.000 0.000 0.118

    67.1000    10.382     10.459   1     0.13     0.11      0.749    0.282   0.039
                                   2     0.06    15.31     11.601    1.238  18.950
                                   3     0.13     0.81      6.390    0.266   0.214

                                                                            19.200       -0.001 0.095 0.000 0.000 0.000 0.094

    67.2000    10.476     10.556   1     0.13     0.10      0.819    0.267   0.032
                                   2     0.06    15.31     12.414    1.255  19.221

                                                                            19.200        0.016 0.088 0.000 0.000 0.000 0.104

    67.3000    10.580     10.644   1     0.13     0.22      1.142    0.302   0.075
                                   2     0.06    17.06     13.289    1.121  19.125

                                                                            19.200        0.006 0.074 0.000 0.000 0.000 0.080

    67.4000    10.661     10.719   1     0.13     0.01      0.252    0.146   0.002
                                   2     0.06    17.68     14.219    1.077  19.036
                                   3     0.10     1.03     12.601    0.217   0.224

                                                                            19.200       -0.006 0.086 0.000 0.000 0.000 0.080

    67.5000    10.740     10.811   2     0.06    16.28     14.126    1.182  19.244

     Durchflussaenderung bei Station km  67.600 :  Q =   10.42 m**3/s

                                                                            10.420        0.047 0.063 0.000 0.000 0.000 0.111

    67.6000    10.851     10.875   2     0.06    15.20     11.762    0.682  10.360
                                   3     0.12     0.40      1.736    0.208   0.084

                                                                            10.420        0.005 0.025 0.000 0.000 0.000 0.030

    67.7000    10.881     10.900   2     0.06    17.32     13.997    0.602  10.420

                                                                            10.420       -0.004 0.029 0.000 0.000 0.000 0.026

    67.8000    10.907     10.933   2     0.06    14.52     12.227    0.716  10.399
                                   3     0.13     0.47      6.839    0.122   0.058

                                                                            10.420       -0.001 0.035 0.000 0.000 0.000 0.034

    67.9000    10.941     10.969   2     0.06    14.02     11.526    0.746  10.457

                                                                  Blatt   15

     Stat-km  Wsp-m+NN  hen-m+NN  IND  Lambd    Fl-qm   Umfg-m   v-m/s   Q-cbm/s

                                                                          Q-ges           hv-m  hr-m  h-bor h-ein h-ort h-m


                                                                            10.420        0.003 0.032 0.000 0.000 0.000 0.035

    68.0000    10.976     11.001   1     0.13     0.06      0.495    0.144   0.011
                                   2     0.06    14.79     11.417    0.704  10.410
                                   3     0.13     0.16      2.082    0.119   0.019

                                                                            10.420       -0.001 0.032 0.000 0.000 0.000 0.032

    68.1000    11.008     11.034   1     0.14     0.17      1.027    0.186   0.040
                                   2     0.06    14.40     12.341    0.721  10.377
                                   3     0.13     0.03      1.097    0.081   0.003

                                                                            10.420        0.003 0.031 0.000 0.000 0.000 0.034

    68.2000    11.042     11.066   1     0.13     0.05      0.533    0.126   0.008
                                   2     0.06    15.31     11.452    0.680  10.412

     Wehrberechnung an Station km    68.236 : 


     Eingabedaten der Wehrberechnung
     -------------------------------
     Wehrtyp: breitkroniges Wehr
     Feld-Nr.     Breite
      1            5.00

     Ergebnisse der Wehrberechnung
     -----------------------------
     Feld-Nr.    mue          q-wehr     h-ue        A-ue      Ü-Art
      1          0.5592      10.124      1.024       9.760     Überströmen 

     Summation aller Felder
     he-wehr     q-wehr
     11.104      10.124

     Oberwasser:

                                                                            10.420        0.002 0.000 0.000 0.000 0.000 0.002

    68.2360    11.080     11.104   1     0.13     0.51      1.431    0.256   0.131
                                   2     0.06    14.40      9.892    0.703  10.124
                                   3     0.13     0.62      1.592    0.267   0.165

                                                                            10.420       -0.030 0.007 0.006 0.000 0.000-0.017

    68.2480    11.063     11.117   2     0.07    10.11      9.968    1.030  10.420

                                                                            10.420        0.015 0.037 0.000 0.000 0.000 0.052

    68.3000    11.115     11.154   2     0.06    11.97     10.244    0.870  10.418

                                                                            10.420       -0.001 0.023 0.000 0.000 0.000 0.023

    68.3440    11.138     11.178   2     0.06    11.71     10.759    0.890  10.420

                                                                            10.420       -0.002 0.035 0.000 0.000 0.000 0.033

    68.4000    11.171     11.215   2     0.07    11.18     10.509    0.932  10.426

                                                                  Blatt   16

     Stat-km  Wsp-m+NN  hen-m+NN  IND  Lambd    Fl-qm   Umfg-m   v-m/s   Q-cbm/s

                                                                          Q-ges           hv-m  hr-m  h-bor h-ein h-ort h-m


                                                                            10.420        0.006 0.032 0.000 0.000 0.000 0.037

    68.4500    11.208     11.247   2     0.06    11.97     11.216    0.872  10.441

                                                                            10.420        0.002 0.027 0.000 0.000 0.000 0.029

    68.5000    11.237     11.274   2     0.06    12.29     10.905    0.849  10.431

                                                                            10.420        0.002 0.024 0.000 0.000 0.000 0.027

    68.5490    11.264     11.298   2     0.06    12.69     10.947    0.822  10.433

                                                                            10.420       -0.005 0.029 0.000 0.000 0.000 0.024

    68.6000    11.288     11.332   2     0.07    11.28     10.165    0.924  10.422

                                                                            10.420        0.008 0.031 0.000 0.000 0.000 0.039

    68.6510    11.327     11.362   2     0.07    12.55     11.309    0.832  10.437

                                                                            10.420       -0.005 0.031 0.000 0.000 0.000 0.026

    68.7000    11.353     11.399   2     0.07    10.99     10.620    0.948  10.422

                                                                            10.420        0.008 0.030 0.000 0.000 0.000 0.038

    68.7480    11.392     11.430   2     0.06    12.08     10.716    0.863  10.425

                                                                            10.420        0.001 0.027 0.000 0.000 0.000 0.028

    68.8000    11.420     11.457   2     0.07    12.25     10.825    0.851  10.427

                                                                            10.420       -0.001 0.024 0.000 0.000 0.000 0.023

    68.8460    11.443     11.482   2     0.06    11.95     10.379    0.872  10.418
                                   3     0.13     0.02      0.293    0.131   0.003

                                                                            10.420        0.003 0.028 0.000 0.000 0.000 0.031

    68.9000    11.474     11.510   2     0.06    12.44     11.259    0.839  10.439

                                                                            10.420       -0.001 0.029 0.000 0.000 0.000 0.027

    68.9510    11.501     11.540   2     0.07    11.99     11.224    0.869  10.422

                                                                            10.420       -0.009 0.041 0.000 0.000 0.000 0.032

    69.0000    11.533     11.590   2     0.07     9.86     10.596    1.057  10.423

                                                                            10.420       -0.006 0.052 0.000 0.000 0.000 0.046

    69.0420    11.579     11.648   2     0.07     8.94     10.743    1.165  10.421

                                                                  Blatt   17

     Stat-km  Wsp-m+NN  hen-m+NN  IND  Lambd    Fl-qm   Umfg-m   v-m/s   Q-cbm/s

                                                                          Q-ges           hv-m  hr-m  h-bor h-ein h-ort h-m


                                                                            10.420        0.004 0.031 0.000 0.000 0.000 0.035

    69.0660    11.614     11.679   2     0.07     9.22      9.936    1.129  10.407
