     Ergebnis der Wasserspiegellagenberechnung fuer HW98                        
 
     04/21/05 12:59:11.85 Uhr    KALYPSO - 1D, VERSION 1.0.5 
 

                                                                  Blatt    1

     Stat-km  Wsp-m+NN  hen-m+NN  IND  Lambd    Fl-qm   Umfg-m   v-m/s   Q-cbm/s

                                                                          Q-ges           hv-m  hr-m  h-bor h-ein h-ort h-m


     Durchfluss bei Station km  58.450 :  Q =   38.85 m**3/s

         der Ausgangswasserspiegel wird zu   5.670 angesetzt

                                                                            38.850        0.000 0.000 0.000 0.000 0.000 0.000

    58.4500     5.670      5.718   1     0.13     1.58      4.623    0.251   0.396
                                   3     0.10     6.25     29.224    0.222   1.387

                                                                            38.850        0.012 0.011 0.000 0.000 0.000 0.023

    58.4930     5.693      5.730   1     0.10     2.27      4.498    0.298   0.677
                                   2     0.04    44.18     22.726    0.853  37.685
                                   3     0.09     1.56      3.033    0.313   0.488

                                                                            38.850        0.032 0.008 0.000 0.000 0.000 0.039

    58.5500     5.733      5.737   1     0.10   125.12    168.856    0.177  22.128
                                   3     0.14    10.32     13.523    0.149   1.535

                                                                            38.850       -0.045 0.009 0.024 0.000 0.000-0.012

    58.6000     5.720      5.770   1     0.14     2.23      3.750    0.314   0.698
                                   2     0.05    37.29     16.170    1.000  37.286
                                   3     0.11     3.37     10.092    0.260   0.877

                                                                            38.850        0.043 0.008 0.000 0.000 0.000 0.051

    58.6470     5.772      5.778   1     0.11   119.00    230.088    0.160  19.037
                                   2     0.05    39.76     17.892    0.479  19.034
                                   3     0.12     6.29     22.014    0.111   0.697

                                                                            38.850        0.000 0.004 0.000 0.000 0.000 0.004

    58.7000     5.775      5.782   1     0.11   120.71    246.243    0.159  19.185
                                   2     0.05    38.41     17.968    0.488  18.760
                                   3     0.14     5.96     12.514    0.138   0.823

                                                                            38.850        0.000 0.003 0.000 0.000 0.000 0.004

    58.7490     5.779      5.785   1     0.11   112.23    225.083    0.154  17.263
                                   2     0.05    41.74     19.638    0.470  19.610
                                   3     0.12    14.47     35.824    0.130   1.888

                                                                            38.850       -0.002 0.004 0.000 0.000 0.000 0.002

    58.8000     5.781      5.789   1     0.12    67.68    165.886    0.138   9.352
                                   2     0.05    44.97     21.020    0.510  22.950
                                   3     0.10    35.88     58.422    0.182   6.546

                                                                  Blatt    2

     Stat-km  Wsp-m+NN  hen-m+NN  IND  Lambd    Fl-qm   Umfg-m   v-m/s   Q-cbm/s

                                                                          Q-ges           hv-m  hr-m  h-bor h-ein h-ort h-m


                                                                            38.850       -0.004 0.005 0.000 0.000 0.000 0.002

    58.8530     5.783      5.795   1     0.12    53.62    116.901    0.191  10.216
                                   2     0.05    35.90     17.787    0.621  22.277
                                   3     0.12    34.95     82.558    0.182   6.358

                                                                            38.850       -0.035 0.010 0.011 0.000 0.000-0.014

    58.9000     5.769      5.815   2     0.05    39.31     19.404    0.967  38.017
                                   3     0.09     4.03     23.072    0.209   0.842

                                                                            38.850        0.030 0.011 0.000 0.000 0.000 0.041

    58.9510     5.810      5.826   1     0.12    56.05    117.130    0.206  11.572
                                   2     0.05    40.97     19.892    0.662  27.129
                                   3     0.13     1.02      4.124    0.143   0.147

                                                                            38.850       -0.002 0.007 0.000 0.000 0.000 0.005

    59.0000     5.815      5.835   1     0.12    47.93    138.795    0.194   9.282
                                   2     0.05    41.59     22.077    0.710  29.533

                                                                            38.850        0.007 0.007 0.000 0.000 0.000 0.014

    59.0510     5.829      5.842   1     0.12    75.03    153.354    0.198  14.866
                                   2     0.05    37.92     18.802    0.626  23.736
                                   3     0.13     1.68      5.933    0.147   0.247

                                                                            38.850       -0.003 0.008 0.000 0.000 0.000 0.004

    59.1000     5.834      5.850   1     0.12    61.86    160.240    0.220  13.618
                                   2     0.05    37.10     22.795    0.680  25.232

                                                                            38.850       -0.041 0.018 0.012 0.000 0.000-0.010

    59.1500     5.824      5.881   2     0.06    36.79     24.552    1.056  38.844

                                                                            38.850        0.021 0.021 0.000 0.000 0.000 0.043

    59.2000     5.866      5.902   2     0.05    36.48     20.417    0.897  32.732
                                   3     0.12    19.92     42.360    0.306   6.105

                                                                            38.850        0.015 0.014 0.000 0.000 0.000 0.029

    59.2560     5.895      5.916   1     0.11    34.65    108.659    0.203   7.025
                                   2     0.05    39.18     20.602    0.726  28.446
                                   3     0.12    15.95     45.230    0.206   3.283

                                                                            38.850       -0.009 0.010 0.001 0.000 0.000 0.001

    59.3000     5.896      5.926   1     0.12    21.53     75.993    0.212   4.553
                                   2     0.05    35.89     19.259    0.853  30.602
                                   3     0.12    16.02     49.025    0.228   3.648

                                                                  Blatt    3

     Stat-km  Wsp-m+NN  hen-m+NN  IND  Lambd    Fl-qm   Umfg-m   v-m/s   Q-cbm/s

                                                                          Q-ges           hv-m  hr-m  h-bor h-ein h-ort h-m


                                                                            38.850        0.016 0.013 0.000 0.000 0.000 0.030

    59.3650     5.926      5.940   1     0.12    36.37     70.355    0.239   8.674
                                   2     0.06    43.59     26.528    0.605  26.363
                                   3     0.12    18.63     47.688    0.205   3.813

                                                                            38.850        0.000 0.006 0.000 0.000 0.000 0.006

    59.4000     5.932      5.945   1     0.12    58.12     94.189    0.255  14.836
                                   2     0.05    32.26     17.175    0.657  21.206
                                   3     0.13    14.06     38.488    0.190   2.666

                                                                            38.850        0.001 0.007 0.000 0.000 0.000 0.008

    59.4480     5.940      5.953   1     0.12    65.69    105.482    0.250  16.421
                                   2     0.05    34.73     18.980    0.632  21.961
                                   3     0.11     2.28      7.879    0.179   0.408

                                                                            38.850        0.000 0.007 0.000 0.000 0.000 0.007

    59.5000     5.947      5.960   1     0.11    67.58    109.773    0.225  15.233
                                   2     0.05    36.78     18.337    0.622  22.871
                                   3     0.11     4.36     11.828    0.173   0.756

                                                                            38.850        0.002 0.006 0.000 0.000 0.000 0.007

    59.5510     5.955      5.966   1     0.12    68.12    114.263    0.203  13.856
                                   2     0.05    37.23     17.585    0.589  21.930
                                   3     0.11    15.19     29.511    0.196   2.974

                                                                            38.850       -0.002 0.006 0.000 0.000 0.000 0.005

    59.6000     5.959      5.973   1     0.12    57.90    120.675    0.212  12.277
                                   2     0.05    34.37     18.677    0.661  22.715
                                   3     0.11    15.27     26.001    0.248   3.793

                                                                            38.850        0.005 0.007 0.000 0.000 0.000 0.012

    59.6520     5.972      5.980   1     0.10    67.55    127.975    0.214  14.458
                                   2     0.05    34.18     18.404    0.548  18.711
                                   3     0.11    27.18     50.683    0.207   5.636

                                                                            38.850       -0.024 0.009 0.007 0.000 0.000-0.007

    59.7000     5.964      5.997   1     0.13     0.01      0.468    0.073   0.001
                                   2     0.05    35.04     19.299    0.882  30.891
                                   3     0.12    29.40     69.400    0.271   7.958

                                                                            38.850        0.021 0.019 0.000 0.000 0.000 0.040

    59.8000     6.005      6.016   2     0.05    37.07     18.675    0.583  21.612
                                   3     0.10    78.73    136.839    0.219  17.236

                                                                  Blatt    4

     Stat-km  Wsp-m+NN  hen-m+NN  IND  Lambd    Fl-qm   Umfg-m   v-m/s   Q-cbm/s

                                                                          Q-ges           hv-m  hr-m  h-bor h-ein h-ort h-m


                                                                            38.850        0.002 0.011 0.000 0.000 0.000 0.013

    59.9000     6.018      6.026   1     0.12    39.26    109.456    0.158   6.210
                                   2     0.05    37.14     20.318    0.543  20.184
                                   3     0.12    69.72    152.937    0.179  12.480

                                                                            38.850       -0.007 0.015 0.001 0.000 0.000 0.009

    60.0000     6.027      6.042   2     0.05    31.28     18.676    0.704  22.013
                                   3     0.12    75.47    193.769    0.223  16.837

                                                                            38.850        0.010 0.008 0.000 0.000 0.000 0.018

    60.0560     6.045      6.050   1     0.12   134.91    236.741    0.167  22.471
                                   2     0.05    35.62     19.735    0.459  16.364

                                                                            38.850       -0.062 0.012 0.034 0.000 0.000-0.016

    60.1000     6.029      6.096   2     0.05    33.80     18.344    1.147  38.784
                                   3     0.16     0.31      1.453    0.220   0.068

                                                                            38.850        0.063 0.013 0.000 0.000 0.000 0.076

    60.1520     6.105      6.109   1     0.11   182.15    399.733    0.131  23.878
                                   2     0.05    36.87     19.210    0.404  14.902

                                                                            38.850       -0.037 0.008 0.019 0.000 0.000-0.009

    60.2000     6.096      6.137   2     0.05    38.10     21.030    0.934  35.600
                                   3     0.12    18.30    101.943    0.184   3.369

                                                                            38.850       -0.013 0.039 0.000 0.000 0.000 0.026

    60.3000     6.122      6.189   2     0.05    33.80     19.707    1.150  38.853
                                   3     0.13     0.14      1.250    0.181   0.025

                                                                            38.850       -0.008 0.053 0.000 0.000 0.000 0.045

    60.4000     6.167      6.250   2     0.05    30.10     16.853    1.283  38.613
                                   3     0.13     0.95      4.664    0.269   0.254

                                                                            38.850        0.055 0.021 0.000 0.000 0.000 0.076

    60.4510     6.243      6.272   1     0.13    34.23     70.179    0.270   9.241
                                   2     0.05    33.44     16.872    0.849  28.409
                                   3     0.11     4.93     15.517    0.229   1.126

                                                                            38.850       -0.039 0.025 0.008 0.000 0.000-0.005

    60.5210     6.238      6.305   2     0.05    33.94     20.572    1.145  38.853

                                                                  Blatt    5

     Stat-km  Wsp-m+NN  hen-m+NN  IND  Lambd    Fl-qm   Umfg-m   v-m/s   Q-cbm/s

                                                                          Q-ges           hv-m  hr-m  h-bor h-ein h-ort h-m


                                                                            38.850        0.042 0.002 0.000 0.000 0.000 0.044

    60.5280     6.283      6.308   1     0.12     8.78     35.197    0.173   1.521
                                   2     0.05    36.04     17.375    0.792  28.534
                                   3     0.11    30.93     52.910    0.279   8.629

                                                                            38.850        0.012 0.011 0.000 0.000 0.000 0.023

    60.6000     6.306      6.319   1     0.12    21.26    130.054    0.113   2.393
                                   2     0.05    36.90     18.209    0.627  23.138
                                   3     0.11    56.67     86.629    0.235  13.319

                                                                            38.850        0.001 0.004 0.000 0.000 0.000 0.005

    60.6310     6.310      6.323   1     0.11    26.85    147.305    0.131   3.517
                                   2     0.05    36.85     20.575    0.620  22.835
                                   3     0.12    55.31     99.094    0.226  12.510

                                                                            38.850       -0.001 0.009 0.000 0.000 0.000 0.008

    60.7000     6.318      6.332   1     0.07    21.24    150.115    0.144   3.063
                                   2     0.05    38.33     19.126    0.643  24.633
                                   3     0.10    49.78     98.183    0.225  11.188

                                                                            38.850       -0.010 0.018 0.001 0.000 0.000 0.009

    60.8000     6.327      6.352   1     0.12     5.39     38.890    0.145   0.782
                                   2     0.05    30.95     16.278    0.828  25.628
                                   3     0.11    41.94     79.914    0.296  12.402

                                                                            38.850       -0.039 0.032 0.009 0.000 0.000 0.002

    60.9000     6.329      6.392   2     0.05    34.38     17.269    1.123  38.606
                                   3     0.12     0.93      2.470    0.314   0.293

                                                                            38.850        0.031 0.034 0.000 0.000 0.000 0.064

    61.0000     6.393      6.426   2     0.05    42.50     25.427    0.837  35.558
                                   3     0.12    12.86     33.500    0.260   3.340

                                                                            38.850        0.018 0.020 0.000 0.000 0.000 0.038

    61.1000     6.431      6.446   2     0.05    37.08     17.220    0.659  24.448
                                   3     0.12    73.07    149.466    0.199  14.508

     Durchflussaenderung bei Station km  61.127 :  Q =   19.20 m**3/s

                                                                            19.200        0.014 0.002 0.000 0.000 0.000 0.016

    61.1270     6.447      6.447   1     0.11   255.64    417.465    0.045  11.410
                                   2     0.05    46.83     20.616    0.132   6.179
                                   3     0.12    49.57    143.127    0.033   1.611

                                                                  Blatt    6

     Stat-km  Wsp-m+NN  hen-m+NN  IND  Lambd    Fl-qm   Umfg-m   v-m/s   Q-cbm/s

                                                                          Q-ges           hv-m  hr-m  h-bor h-ein h-ort h-m


                                                                            19.200        0.000 0.000 0.000 0.000 0.000 0.000

    61.1390     6.447      6.448   1     0.11   237.27    404.515    0.054  12.868
                                   2     0.05    35.00     19.953    0.135   4.718
                                   3     0.12    41.01    123.735    0.039   1.616

                                                                            19.200        0.000 0.001 0.000 0.000 0.000 0.000

    61.2000     6.448      6.448   1     0.12   204.17    366.959    0.060  12.279
                                   2     0.05    27.77     16.594    0.152   4.214
                                   3     0.12    53.05    124.054    0.051   2.707

     Wehrberechnung an Station km    61.241 : 


     Eingabedaten der Wehrberechnung
     -------------------------------
     Wehrtyp: breitkroniges Wehr
     Feld-Nr.     Breite
      1            5.00

     Ergebnisse der Wehrberechnung
     -----------------------------
     Feld-Nr.    mue          q-wehr     h-ue        A-ue      Ü-Art
      1          0.5771      16.861      1.831      21.344     Überströmen 

     Summation aller Felder
     he-wehr     q-wehr
      6.481      16.861

     Oberwasser:

                                                                            19.200       -0.017 0.000 0.013 0.000 0.000-0.004

    61.2410     6.463      6.481   1     0.06     3.70      4.270    0.370   1.370
                                   2     0.05    27.90     11.996    0.604  16.860
                                   3     0.05     2.37      2.912    0.408   0.969

                                                                            19.200        0.016 0.005 0.000 0.000 0.000 0.021

    61.3000     6.484      6.486   1     0.12    77.85    202.090    0.111   8.604
                                   2     0.06    20.95     15.588    0.287   6.016
                                   3     0.13    46.47    135.478    0.098   4.568

                                                                            19.200       -0.018 0.015 0.010 0.000 0.000 0.007

    61.4000     6.491      6.510   1     0.13     0.13      0.734    0.162   0.020
                                   2     0.06    22.50     16.152    0.689  15.496
                                   3     0.12    18.04     69.861    0.209   3.761

                                                                            19.200       -0.005 0.035 0.000 0.000 0.000 0.030

    61.5000     6.521      6.551   1     0.12     4.57     23.720    0.239   1.094
                                   2     0.06    18.56     14.743    0.849  15.748
                                   3     0.11    12.41    113.652    0.190   2.360

                                                                            19.200        0.003 0.040 0.000 0.000 0.000 0.044

    61.6000     6.564      6.591   2     0.06    20.82     15.987    0.785  16.352
                                   3     0.11    12.05     53.132    0.236   2.848

                                                                  Blatt    7

     Stat-km  Wsp-m+NN  hen-m+NN  IND  Lambd    Fl-qm   Umfg-m   v-m/s   Q-cbm/s

                                                                          Q-ges           hv-m  hr-m  h-bor h-ein h-ort h-m


                                                                            19.200        0.003 0.036 0.000 0.000 0.000 0.039

    61.7000     6.602      6.627   1     0.12     3.45     33.357    0.158   0.546
                                   2     0.06    18.90     14.405    0.777  14.689
                                   3     0.11    16.94     77.504    0.234   3.971

                                                                            19.200       -0.002 0.035 0.000 0.000 0.000 0.032

    61.8000     6.635      6.664   2     0.06    21.99     16.065    0.790  17.381
                                   3     0.12     9.57     57.077    0.190   1.819

                                                                            19.200        0.005 0.032 0.000 0.000 0.000 0.038

    61.9000     6.672      6.696   2     0.06    21.50     16.974    0.739  15.898
                                   3     0.11    15.32     78.242    0.216   3.302

                                                                            19.200        0.008 0.028 0.000 0.000 0.000 0.035

    62.0000     6.708      6.724   1     0.12    24.89     89.073    0.203   5.063
                                   2     0.06    21.94     16.019    0.642  14.094
                                   3     0.13     0.40      4.724    0.110   0.043

                                                                            19.200       -0.012 0.035 0.000 0.000 0.000 0.023

    62.1000     6.730      6.771   2     0.06    21.51     17.371    0.893  19.199
                                   3     0.13     0.01      0.775    0.067   0.001

                                                                            19.200        0.025 0.037 0.000 0.000 0.000 0.061

    62.2000     6.792      6.808   2     0.06    20.34     16.068    0.652  13.264
                                   3     0.12    24.01     67.989    0.246   5.911

                                                                            19.200       -0.004 0.029 0.000 0.000 0.000 0.025

    62.3000     6.817      6.840   1     0.13     0.15      0.822    0.183   0.027
                                   2     0.06    20.95     15.445    0.745  15.599
                                   3     0.12    16.09     63.887    0.222   3.576

                                                                            19.200       -0.002 0.033 0.000 0.000 0.000 0.031

    62.4000     6.847      6.875   1     0.11    14.54     71.722    0.225   3.269
                                   2     0.06    20.03     15.174    0.795  15.931

                                                                            19.200       -0.013 0.048 0.000 0.000 0.000 0.035

    62.5000     6.883      6.936   2     0.06    18.40     13.588    1.036  19.055
                                   3     0.10     0.93      8.173    0.233   0.216

     Wehrberechnung an Station km    62.593 : 


     Eingabedaten der Wehrberechnung
     -------------------------------
     Wehrtyp: breitkroniges Wehr
     Feld-Nr.     Breite
      1            5.00

     Ergebnisse der Wehrberechnung
     -----------------------------
     Feld-Nr.    mue          q-wehr     h-ue        A-ue      Ü-Art
      1          0.5677      17.436      1.351      12.155     Überströmen 

     Summation aller Felder
     he-wehr     q-wehr
      7.011      17.436

                                                                  Blatt    8

     Stat-km  Wsp-m+NN  hen-m+NN  IND  Lambd    Fl-qm   Umfg-m   v-m/s   Q-cbm/s

                                                                          Q-ges           hv-m  hr-m  h-bor h-ein h-ort h-m


     Oberwasser:

                                                                            19.200       -0.036 0.000 0.007 0.000 0.000-0.029

    62.5930     6.947      7.011   1     0.08     1.42      4.116    0.507   0.720
                                   2     0.05    15.08      9.209    1.157  17.436
                                   3     0.03     2.29     20.644    0.456   1.044

                                                                            19.200       -0.105 0.013 0.023 0.000 0.000-0.070

    62.6000     6.878      7.046   1     0.13     0.17      1.087    0.521   0.086
                                   2     0.07    10.49     10.625    1.823  19.114

                                                                            19.200        0.137 0.163 0.000 0.000 0.000 0.300

    62.7000     7.178      7.209   1     0.11     8.89     40.756    0.234   2.077
                                   2     0.05    17.18     10.999    0.876  15.052
                                   3     0.10     8.69     41.275    0.237   2.061

                                                                            19.200       -0.005 0.038 0.000 0.000 0.000 0.034

    62.8000     7.212      7.252   1     0.11     9.52     50.771    0.238   2.265
                                   2     0.05    17.66     11.215    0.950  16.769
                                   3     0.06     0.69      5.931    0.241   0.165

                                                                            19.200        0.004 0.043 0.000 0.000 0.000 0.047

    62.9000     7.259      7.295   2     0.06    19.22     15.051    0.892  17.137
                                   3     0.10    10.68     99.691    0.193   2.063

                                                                            19.200       -0.010 0.050 0.000 0.000 0.000 0.039

    63.0000     7.298      7.355   1     0.06     0.58      6.276    0.262   0.153
                                   2     0.05    18.00     12.657    1.060  19.074

                                                                            19.200        0.029 0.044 0.000 0.000 0.000 0.074

    63.1000     7.372      7.399   1     0.13     0.25      3.253    0.128   0.031
                                   2     0.06    19.84     14.733    0.799  15.846
                                   3     0.11    14.27     63.326    0.233   3.322

                                                                            19.200       -0.010 0.042 0.000 0.000 0.000 0.032

    63.2000     7.404      7.451   2     0.06    19.92     15.212    0.965  19.224

                                                                            19.200       -0.003 0.053 0.000 0.000 0.000 0.050

    63.3000     7.454      7.507   2     0.05    18.83     14.281    1.021  19.233

                                                                            19.200        0.010 0.049 0.000 0.000 0.000 0.059

    63.4000     7.513      7.556   1     0.11     1.14      9.058    0.191   0.218
                                   2     0.05    20.65     14.807    0.919  18.976

                                                                  Blatt    9

     Stat-km  Wsp-m+NN  hen-m+NN  IND  Lambd    Fl-qm   Umfg-m   v-m/s   Q-cbm/s

                                                                          Q-ges           hv-m  hr-m  h-bor h-ein h-ort h-m


                                                                            19.200       -0.003 0.044 0.000 0.000 0.000 0.041

    63.5000     7.555      7.603   2     0.05    19.72     14.277    0.974  19.213

                                                                            19.200        0.018 0.041 0.000 0.000 0.000 0.059

    63.6000     7.614      7.644   1     0.12     0.44      5.310    0.141   0.062
                                   2     0.06    20.83     14.984    0.814  16.949
                                   3     0.11    10.08     54.038    0.218   2.198

                                                                            19.200       -0.009 0.042 0.000 0.000 0.000 0.033

    63.7000     7.647      7.695   2     0.05    19.89     15.051    0.966  19.219

                                                                            19.200       -0.001 0.048 0.000 0.000 0.000 0.047

    63.8000     7.694      7.744   2     0.05    19.52     13.864    0.985  19.222

                                                                            19.200       -0.003 0.052 0.000 0.000 0.000 0.050

    63.9000     7.744      7.799   2     0.06    18.57     14.021    1.035  19.218

                                                                            19.200        0.001 0.055 0.000 0.000 0.000 0.056

    64.0000     7.800      7.854   2     0.05    18.63     13.435    1.029  19.170
                                   3     0.12     0.34      3.841    0.175   0.059

                                                                            19.200        0.002 0.051 0.000 0.000 0.000 0.052

    64.1000     7.853      7.904   1     0.13     0.12      0.905    0.200   0.024
                                   2     0.05    19.00     12.779    1.011  19.217

     Wehrberechnung an Station km    64.193 : 


     Eingabedaten der Wehrberechnung
     -------------------------------
     Wehrtyp: breitkroniges Wehr
     Feld-Nr.     Breite
      1            5.00

     Ergebnisse der Wehrberechnung
     -----------------------------
     Feld-Nr.    mue          q-wehr     h-ue        A-ue      Ü-Art
      1          0.5651      17.407      1.243      11.811     Überströmen 

     Summation aller Felder
     he-wehr     q-wehr
      7.993      17.407

     Oberwasser:

                                                                            19.200       -0.020 0.000 0.001 0.000 0.000-0.019

    64.1930     7.919      7.993   1     0.07     1.34      2.626    0.748   1.005
                                   2     0.06    14.07      9.628    1.237  17.407
                                   3     0.08     1.15      2.337    0.685   0.788

                                                                  Blatt   10

     Stat-km  Wsp-m+NN  hen-m+NN  IND  Lambd    Fl-qm   Umfg-m   v-m/s   Q-cbm/s

                                                                          Q-ges           hv-m  hr-m  h-bor h-ein h-ort h-m


                                                                            19.200       -0.039 0.051 0.000 0.000 0.000 0.013

    64.2200     7.932      8.083   2     0.07    11.13     11.429    1.727  19.211
                                   3     0.13     0.02      0.463    0.298   0.007

                                                                            19.200        0.094 0.140 0.000 0.000 0.000 0.234

    64.3000     8.166      8.223   1     0.13     0.07      0.607    0.216   0.016
                                   2     0.06    17.96     12.740    1.065  19.126
                                   3     0.13     0.23      3.444    0.165   0.038

                                                                            19.200        0.014 0.074 0.000 0.000 0.000 0.088

    64.4000     8.254      8.298   1     0.13     0.10      0.832    0.243   0.024
                                   3     0.11    16.02     92.690    0.316   5.066

                                                                            19.200       -0.007 0.071 0.000 0.000 0.000 0.064

    64.5000     8.318      8.375   1     0.13     0.04      0.495    0.162   0.006
                                   2     0.05    18.06     13.142    1.063  19.191
                                   3     0.13     0.14      0.930    0.224   0.031

                                                                            19.200        0.001 0.058 0.000 0.000 0.000 0.059

    64.6000     8.377      8.433   1     0.11     0.87      2.144    0.409   0.357
                                   2     0.06    17.62     11.858    1.059  18.660
                                   3     0.13     0.59      5.187    0.197   0.116

                                                                            19.200        0.011 0.052 0.000 0.000 0.000 0.062

    64.7000     8.439      8.485   1     0.11     5.36     31.997    0.227   1.215
                                   2     0.05    18.25     12.092    0.978  17.853
                                   3     0.11     0.57      4.648    0.201   0.115

     Brueckenberechnung an Station km    64.782 : 


          Profil "3":

                                                                            19.200       -0.029 0.072 0.000 0.000 0.000 0.043

    64.7760     8.482      8.585   2     0.06    13.52     12.720    1.421  19.211

         Profil "3": hr  m  a
              8.482    11.315    13.515

         ad  aue apl  apg 
             13.515     0.000     0.000     0.000

                                                                  Blatt   11

     Stat-km  Wsp-m+NN  hen-m+NN  IND  Lambd    Fl-qm   Umfg-m   v-m/s   Q-cbm/s

                                                                          Q-ges           hv-m  hr-m  h-bor h-ein h-ort h-m


         Profil "2": hr  m  a
              8.497    11.366    13.693

         ad  aue apl  apg 
             13.693     0.000     0.000     0.000

         Profil "1": hr  m  a
              8.502    11.419    13.749

         ad  aue apl  apg 
             13.749     0.000     0.000     0.000

         wsp im ow (Profil "1") ermittelt aus Impulsbilanz

          Profil "1":

                                                                            19.200       -0.054 0.000 0.010 0.000 0.000-0.044

    64.7820     8.502      8.601   2     0.06    13.75     12.769    1.396  19.200

          Profil "b":

                                                                            19.200       -0.004 0.007 0.000 0.000 0.000 0.003

    64.7870     8.505      8.613   2     0.06    13.19     12.650    1.458  19.225

                                                                            19.200        0.060 0.015 0.000 0.000 0.000 0.074

    64.8000     8.579      8.628   1     0.11     7.90     61.190    0.259   2.042
                                   2     0.06    16.72     14.794    1.024  17.120
                                   3     0.13     0.15      4.431    0.123   0.019

                                                                            19.200        0.003 0.059 0.000 0.000 0.000 0.062

    64.9000     8.641      8.686   2     0.06    20.00     14.677    0.949  18.978
                                   3     0.08     1.66     45.246    0.134   0.222

                                                                            19.200        0.005 0.048 0.000 0.000 0.000 0.054

    65.0000     8.695      8.735   1     0.11     3.86     28.988    0.212   0.817
                                   2     0.06    19.29     14.150    0.920  17.754
                                   3     0.11     2.77     19.510    0.227   0.631

                                                                            19.200       -0.004 0.047 0.000 0.000 0.000 0.043

    65.1000     8.738      8.786   1     0.13     0.14      0.772    0.226   0.032
                                   2     0.05    19.58     13.168    0.979  19.172
                                   3     0.13     0.19      1.153    0.219   0.042

                                                                            19.200        0.007 0.044 0.000 0.000 0.000 0.050

    65.2000     8.788      8.830   2     0.05    21.22     15.261    0.905  19.200

                                                                            19.200       -0.002 0.042 0.000 0.000 0.000 0.041

    65.3000     8.829      8.874   2     0.05    20.45     14.904    0.940  19.230

                                                                            19.200        0.003 0.043 0.000 0.000 0.000 0.046

    65.4000     8.874      8.916   2     0.06    21.15     14.723    0.911  19.259

                                                                  Blatt   12

     Stat-km  Wsp-m+NN  hen-m+NN  IND  Lambd    Fl-qm   Umfg-m   v-m/s   Q-cbm/s

                                                                          Q-ges           hv-m  hr-m  h-bor h-ein h-ort h-m


                                                                            19.200        0.003 0.038 0.000 0.000 0.000 0.041

    65.5000     8.915      8.954   1     0.13     0.13      0.728    0.189   0.024
                                   2     0.05    21.92     13.782    0.876  19.201
                                   3     0.13     0.27      4.355    0.114   0.031

     Wehrberechnung an Station km    65.623 : 


     Eingabedaten der Wehrberechnung
     -------------------------------
     Wehrtyp: breitkroniges Wehr
     Feld-Nr.     Breite
      1            5.00

     Ergebnisse der Wehrberechnung
     -----------------------------
     Feld-Nr.    mue          q-wehr     h-ue        A-ue      Ü-Art
      1          0.5597      18.551      1.043      11.473     Überströmen 

     Summation aller Felder
     he-wehr     q-wehr
      9.123      18.551

     Oberwasser:

                                                                            19.200       -0.007 0.000 0.000 0.000 0.000-0.007

    65.6230     9.074      9.123   1     0.08     0.63      1.729    0.405   0.253
                                   2     0.05    18.63     11.365    0.996  18.551
                                   3     0.09     0.92      2.143    0.432   0.395

                                                                            19.200       -0.024 0.068 0.000 0.000 0.000 0.044

    65.7000     9.118      9.215   2     0.06    13.90     12.419    1.381  19.203

                                                                            19.200        0.018 0.111 0.000 0.000 0.000 0.129

    65.8000     9.246      9.326   2     0.06    15.36     12.592    1.250  19.200

                                                                            19.200        0.010 0.085 0.000 0.000 0.000 0.096

    65.9000     9.342      9.411   2     0.06    16.47     13.139    1.166  19.200

                                                                            19.200       -0.004 0.086 0.000 0.000 0.000 0.081

    66.0000     9.423      9.501   2     0.06    15.55     12.457    1.234  19.196

                                                                            19.200       -0.002 0.107 0.000 0.000 0.000 0.105

    66.1000     9.528      9.611   2     0.07    15.09     13.313    1.276  19.257

                                                                            19.200        0.013 0.105 0.000 0.000 0.000 0.118

    66.2000     9.646      9.715   2     0.06    16.45     13.646    1.167  19.198

                                                                            19.200       -0.001 0.085 0.000 0.000 0.000 0.084

    66.3000     9.730      9.801   1     0.13     0.11      0.791    0.284   0.028
                                   2     0.06    16.20     12.904    1.186  19.204

                                                                  Blatt   13

     Stat-km  Wsp-m+NN  hen-m+NN  IND  Lambd    Fl-qm   Umfg-m   v-m/s   Q-cbm/s

                                                                          Q-ges           hv-m  hr-m  h-bor h-ein h-ort h-m


                                                                            19.200        0.015 0.071 0.000 0.000 0.000 0.086

    66.4000     9.816      9.872   2     0.06    18.17     13.856    1.054  19.149
                                   3     0.13     0.30      4.169    0.168   0.051

                                                                            19.200        0.021 0.055 0.000 0.000 0.000 0.076

    66.5000     9.892      9.928   2     0.06    17.81     14.062    0.906  16.134
                                   3     0.12    10.10     34.821    0.304   3.066

                                                                            19.200       -0.006 0.047 0.000 0.000 0.000 0.041

    66.6000     9.932      9.981   1     0.14     0.20      1.024    0.226   0.045
                                   2     0.05    19.14     12.930    0.986  18.873
                                   3     0.12     2.13     27.647    0.151   0.322

                                                                            19.200       -0.003 0.049 0.000 0.000 0.000 0.046

    66.7000     9.979     10.033   1     0.13     0.02      0.316    0.156   0.004
                                   2     0.05    18.54     13.161    1.036  19.215

                                                                            19.200       -0.002 0.059 0.000 0.000 0.000 0.057

    66.8000    10.036     10.095   2     0.06    17.86     13.610    1.076  19.225

                                                                            19.200       -0.007 0.082 0.000 0.000 0.000 0.075

    66.9000    10.111     10.184   1     0.12     0.12     12.242    0.081   0.010
                                   2     0.06    16.06     13.884    1.197  19.228

     Wehrberechnung an Station km    66.950 : 


     Eingabedaten der Wehrberechnung
     -------------------------------
     Wehrtyp: breitkroniges Wehr
     Feld-Nr.     Breite
      1            5.00

     Ergebnisse der Wehrberechnung
     -----------------------------
     Feld-Nr.    mue          q-wehr     h-ue        A-ue      Ü-Art
      1          0.5625      18.220      1.141      11.978     Überströmen 

     Summation aller Felder
     he-wehr     q-wehr
     10.271      18.220

     Oberwasser:

                                                                            19.200        0.012 0.000 0.000 0.000 0.000 0.012

    66.9500    10.224     10.271   1     0.06     1.03      2.161    0.510   0.525
                                   2     0.05    18.71     10.961    0.974  18.220
                                   3     0.07     0.95      2.188    0.480   0.455

                                                                            19.200       -0.076 0.032 0.017 0.000 0.000-0.027

    66.9770    10.197     10.320   2     0.07    12.39     11.947    1.549  19.200

                                                                  Blatt   14

     Stat-km  Wsp-m+NN  hen-m+NN  IND  Lambd    Fl-qm   Umfg-m   v-m/s   Q-cbm/s

                                                                          Q-ges           hv-m  hr-m  h-bor h-ein h-ort h-m


                                                                            19.200        0.032 0.036 0.000 0.000 0.000 0.068

    67.0000    10.266     10.356   1     0.13     0.06      0.688    0.253   0.015
                                   2     0.06    14.42     12.275    1.329  19.154

                                                                            19.200        0.013 0.106 0.000 0.000 0.000 0.120

    67.1000    10.385     10.462   1     0.13     0.11      0.757    0.286   0.031
                                   2     0.06    15.34     11.601    1.235  18.946
                                   3     0.13     0.83      6.472    0.270   0.223

                                                                            19.200       -0.001 0.097 0.000 0.000 0.000 0.095

    67.2000    10.481     10.560   1     0.13     0.10      0.835    0.271   0.027
                                   2     0.06    15.37     12.433    1.250  19.208

                                                                            19.200        0.016 0.090 0.000 0.000 0.000 0.106

    67.3000    10.586     10.650   1     0.13     0.23      1.158    0.307   0.071
                                   2     0.06    17.13     13.307    1.117  19.129

                                                                            19.200        0.006 0.074 0.000 0.000 0.000 0.081

    67.4000    10.667     10.724   1     0.13     0.01      0.259    0.147   0.002
                                   2     0.06    17.77     14.219    1.071  19.028
                                   3     0.10     1.11     13.154    0.219   0.244

                                                                            19.200       -0.006 0.085 0.000 0.000 0.000 0.078

    67.5000    10.746     10.816   2     0.06    16.35     14.157    1.177  19.244

     Durchflussaenderung bei Station km  67.600 :  Q =   10.42 m**3/s

                                                                            10.420        0.047 0.063 0.000 0.000 0.000 0.110

    67.6000    10.856     10.879   2     0.06    15.25     11.774    0.679  10.354
                                   3     0.11     0.41      1.747    0.211   0.087

                                                                            10.420        0.005 0.025 0.000 0.000 0.000 0.030

    67.7000    10.886     10.904   2     0.06    17.38     14.013    0.600  10.420

                                                                            10.420       -0.004 0.029 0.000 0.000 0.000 0.025

    67.8000    10.912     10.937   2     0.06    14.57     12.236    0.714  10.396
                                   3     0.13     0.50      7.068    0.125   0.062

                                                                            10.420       -0.001 0.035 0.000 0.000 0.000 0.034

    67.9000    10.946     10.974   2     0.06    14.06     11.536    0.744  10.457

                                                                  Blatt   15

     Stat-km  Wsp-m+NN  hen-m+NN  IND  Lambd    Fl-qm   Umfg-m   v-m/s   Q-cbm/s

                                                                          Q-ges           hv-m  hr-m  h-bor h-ein h-ort h-m


                                                                            10.420        0.003 0.032 0.000 0.000 0.000 0.035

    68.0000    10.980     11.005   1     0.13     0.06      0.502    0.146   0.009
                                   2     0.06    14.83     11.417    0.702  10.414
                                   3     0.13     0.17      2.141    0.121   0.021

                                                                            10.420       -0.001 0.033 0.000 0.000 0.000 0.032

    68.1000    11.013     11.039   1     0.14     0.18      1.040    0.189   0.033
                                   2     0.06    14.46     12.341    0.722  10.437
                                   3     0.13     0.04      1.188    0.085   0.003

                                                                            10.420        0.003 0.032 0.000 0.000 0.000 0.034

    68.2000    11.047     11.071   1     0.13     0.05      0.545    0.128   0.007
                                   2     0.06    15.36     11.465    0.678  10.413

     Wehrberechnung an Station km    68.236 : 


     Eingabedaten der Wehrberechnung
     -------------------------------
     Wehrtyp: breitkroniges Wehr
     Feld-Nr.     Breite
      1            5.00

     Ergebnisse der Wehrberechnung
     -----------------------------
     Feld-Nr.    mue          q-wehr     h-ue        A-ue      Ü-Art
      1          0.5593      10.122      1.029       9.802     Überströmen 

     Summation aller Felder
     he-wehr     q-wehr
     11.109      10.122

     Oberwasser:

                                                                            10.420        0.002 0.000 0.000 0.000 0.000 0.002

    68.2360    11.084     11.109   1     0.13     0.52      1.437    0.255   0.132
                                   2     0.06    14.45      9.892    0.701  10.122
                                   3     0.13     0.63      1.600    0.266   0.167

                                                                            10.420       -0.029 0.007 0.006 0.000 0.000-0.017

    68.2480    11.067     11.121   2     0.07    10.16      9.986    1.026  10.420

                                                                            10.420        0.015 0.036 0.000 0.000 0.000 0.052

    68.3000    11.119     11.157   2     0.06    12.01     10.259    0.867  10.418

                                                                            10.420       -0.001 0.023 0.000 0.000 0.000 0.022

    68.3440    11.141     11.182   2     0.06    11.74     10.771    0.887  10.420

                                                                            10.420       -0.002 0.035 0.000 0.000 0.000 0.033

    68.4000    11.175     11.219   2     0.07    11.22     10.523    0.929  10.426

                                                                  Blatt   16

     Stat-km  Wsp-m+NN  hen-m+NN  IND  Lambd    Fl-qm   Umfg-m   v-m/s   Q-cbm/s

                                                                          Q-ges           hv-m  hr-m  h-bor h-ein h-ort h-m


                                                                            10.420        0.006 0.032 0.000 0.000 0.000 0.037

    68.4500    11.212     11.250   2     0.06    12.01     11.226    0.869  10.441

                                                                            10.420        0.002 0.027 0.000 0.000 0.000 0.029

    68.5000    11.240     11.277   2     0.06    12.32     10.921    0.847  10.431

                                                                            10.420        0.002 0.024 0.000 0.000 0.000 0.026

    68.5490    11.267     11.301   2     0.06    12.72     10.960    0.820  10.433

                                                                            10.420       -0.005 0.029 0.000 0.000 0.000 0.024

    68.6000    11.291     11.334   2     0.07    11.30     10.173    0.922  10.422

                                                                            10.420        0.008 0.031 0.000 0.000 0.000 0.039

    68.6510    11.330     11.365   2     0.07    12.58     11.320    0.830  10.437

                                                                            10.420       -0.005 0.031 0.000 0.000 0.000 0.026

    68.7000    11.356     11.401   2     0.07    11.02     10.629    0.946  10.422

                                                                            10.420        0.008 0.030 0.000 0.000 0.000 0.038

    68.7480    11.394     11.432   2     0.06    12.10     10.725    0.861  10.425

                                                                            10.420        0.001 0.027 0.000 0.000 0.000 0.028

    68.8000    11.422     11.459   2     0.07    12.27     10.833    0.850  10.427

                                                                            10.420       -0.001 0.024 0.000 0.000 0.000 0.023

    68.8460    11.445     11.484   2     0.06    11.97     10.384    0.870  10.419
                                   3     0.13     0.02      0.298    0.133   0.002

                                                                            10.420        0.003 0.028 0.000 0.000 0.000 0.031

    68.9000    11.476     11.512   2     0.06    12.46     11.268    0.838  10.439

                                                                            10.420       -0.001 0.029 0.000 0.000 0.000 0.027

    68.9510    11.503     11.542   2     0.07    12.01     11.233    0.868  10.422

                                                                            10.420       -0.009 0.041 0.000 0.000 0.000 0.032

    69.0000    11.535     11.592   2     0.07     9.88     10.603    1.055  10.423

                                                                            10.420       -0.006 0.052 0.000 0.000 0.000 0.046

    69.0420    11.581     11.650   2     0.07     8.96     10.750    1.163  10.421

                                                                  Blatt   17

     Stat-km  Wsp-m+NN  hen-m+NN  IND  Lambd    Fl-qm   Umfg-m   v-m/s   Q-cbm/s

                                                                          Q-ges           hv-m  hr-m  h-bor h-ein h-ort h-m


                                                                            10.420        0.004 0.031 0.000 0.000 0.000 0.034

    69.0660    11.615     11.680   2     0.07     9.23      9.942    1.128  10.406
