     Ergebnis der Wasserspiegellagenberechnung fuer NW98_2                      
 
     04/21/05 10:54:29.53 Uhr    KALYPSO - 1D, VERSION 1.0.4 
 

                                                                  Blatt    1

     Stat-km  Wsp-m+NN  hen-m+NN  IND  Lambd    Fl-qm   Umfg-m   v-m/s   Q-cbm/s

                                                                          Q-ges           hv-m  hr-m  h-bor h-ein h-ort h-m


     Durchfluss bei Station km  58.450 :  Q =    4.92 m**3/s

         der Ausgangswasserspiegel wird zu   3.920 angesetzt

                                                                             4.920        0.000 0.000 0.000 0.000 0.000 0.000

    58.4500     3.920      3.931   2     0.06    10.82     12.596    0.455   4.920

                                                                             4.920        0.001 0.007 0.000 0.000 0.000 0.008

    58.4930     3.928      3.937   2     0.05    11.61     12.151    0.424   4.921

                                                                             4.920        0.000 0.008 0.000 0.000 0.000 0.008

    58.5500     3.936      3.946   2     0.06    11.17     12.375    0.441   4.923

                                                                             4.920        0.002 0.008 0.000 0.000 0.000 0.010

    58.6000     3.946      3.954   2     0.06    12.36     13.462    0.398   4.921

                                                                             4.920        0.001 0.006 0.000 0.000 0.000 0.007

    58.6470     3.953      3.960   2     0.06    13.35     12.622    0.369   4.921

                                                                             4.920        0.000 0.006 0.000 0.000 0.000 0.005

    58.7000     3.958      3.966   2     0.06    12.49     12.719    0.394   4.923

                                                                             4.920        0.001 0.006 0.000 0.000 0.000 0.006

    58.7490     3.964      3.971   2     0.06    12.91     14.119    0.381   4.922

                                                                             4.920        0.002 0.005 0.000 0.000 0.000 0.007

    58.8000     3.971      3.976   2     0.05    15.45     13.888    0.318   4.920

                                                                             4.920       -0.004 0.008 0.000 0.000 0.000 0.004

    58.8530     3.975      3.987   2     0.06     9.96     11.720    0.494   4.921

                                                                             4.920        0.004 0.008 0.000 0.000 0.000 0.012

    58.9000     3.987      3.996   2     0.06    12.21     13.084    0.403   4.920

                                                                             4.920        0.000 0.006 0.000 0.000 0.000 0.006

    58.9510     3.994      4.002   2     0.06    12.21     12.494    0.403   4.920

                                                                             4.920        0.000 0.007 0.000 0.000 0.000 0.006

    59.0000     4.000      4.009   2     0.06    11.95     13.718    0.412   4.920

                                                                  Blatt    2

     Stat-km  Wsp-m+NN  hen-m+NN  IND  Lambd    Fl-qm   Umfg-m   v-m/s   Q-cbm/s

                                                                          Q-ges           hv-m  hr-m  h-bor h-ein h-ort h-m


                                                                             4.920       -0.001 0.009 0.000 0.000 0.000 0.008

    59.0510     4.008      4.019   2     0.06    10.46     12.751    0.471   4.921

                                                                             4.920        0.000 0.009 0.000 0.000 0.000 0.009

    59.1000     4.017      4.028   2     0.06    10.63     10.651    0.463   4.922

                                                                             4.920       -0.001 0.011 0.000 0.000 0.000 0.009

    59.1500     4.027      4.040   2     0.07     9.74     11.802    0.505   4.920

                                                                             4.920        0.000 0.012 0.000 0.000 0.000 0.012

    59.2000     4.039      4.052   2     0.06     9.71      9.927    0.507   4.920

                                                                             4.920        0.003 0.010 0.000 0.000 0.000 0.013

    59.2560     4.052      4.061   2     0.06    11.29     11.009    0.436   4.920

                                                                             4.920       -0.004 0.012 0.000 0.000 0.000 0.008

    59.3000     4.059      4.077   2     0.06     8.47     11.501    0.581   4.923

                                                                             4.920        0.006 0.019 0.000 0.000 0.000 0.024

    59.3650     4.084      4.095   2     0.06    10.32     11.575    0.477   4.921

                                                                             4.920       -0.004 0.010 0.000 0.000 0.000 0.006

    59.4000     4.090      4.109   2     0.07     7.94      9.640    0.620   4.922

                                                                             4.920        0.005 0.015 0.000 0.000 0.000 0.021

    59.4480     4.110      4.125   2     0.06     9.32     10.586    0.529   4.928

                                                                             4.920        0.004 0.010 0.000 0.000 0.000 0.014

    59.5000     4.124      4.135   2     0.06    10.87     11.600    0.454   4.929

                                                                             4.920        0.001 0.008 0.000 0.000 0.000 0.009

    59.5510     4.133      4.143   2     0.06    11.15     11.920    0.442   4.928

                                                                             4.920       -0.004 0.013 0.000 0.000 0.000 0.009

    59.6000     4.142      4.160   2     0.06     8.32     10.612    0.591   4.920

                                                                             4.920       -0.001 0.020 0.000 0.000 0.000 0.019

    59.6520     4.161      4.181   2     0.07     7.95     10.531    0.621   4.938

                                                                  Blatt    3

     Stat-km  Wsp-m+NN  hen-m+NN  IND  Lambd    Fl-qm   Umfg-m   v-m/s   Q-cbm/s

                                                                          Q-ges           hv-m  hr-m  h-bor h-ein h-ort h-m


                                                                             4.920        0.004 0.017 0.000 0.000 0.000 0.021

    59.7000     4.182      4.198   2     0.06     8.94     11.102    0.550   4.920

                                                                             4.920        0.006 0.022 0.000 0.000 0.000 0.028

    59.8000     4.210      4.220   2     0.06    11.20     11.624    0.440   4.923

                                                                             4.920       -0.001 0.017 0.000 0.000 0.000 0.016

    59.9000     4.226      4.238   2     0.06    10.21     11.352    0.482   4.925

                                                                             4.920       -0.001 0.019 0.000 0.000 0.000 0.018

    60.0000     4.244      4.258   2     0.05     9.49      9.173    0.518   4.920

                                                                             4.920        0.000 0.012 0.000 0.000 0.000 0.012

    60.0560     4.256      4.270   2     0.06     9.45     11.261    0.522   4.938

                                                                             4.920       -0.001 0.013 0.000 0.000 0.000 0.011

    60.1000     4.267      4.284   2     0.06     8.69     11.283    0.567   4.928

                                                                             4.920        0.005 0.013 0.000 0.000 0.000 0.019

    60.1520     4.286      4.297   2     0.06    10.64     11.878    0.463   4.920

                                                                             4.920        0.000 0.009 0.000 0.000 0.000 0.009

    60.2000     4.294      4.306   2     0.06    10.35     11.893    0.475   4.920

                                                                             4.920       -0.006 0.041 0.000 0.000 0.000 0.035

    60.3000     4.330      4.353   2     0.07     7.38     11.822    0.667   4.920

                                                                             4.920       -0.002 0.065 0.000 0.000 0.000 0.064

    60.4000     4.394      4.419   2     0.07     6.92     10.829    0.713   4.935

                                                                             4.920        0.006 0.031 0.000 0.000 0.000 0.037

    60.4510     4.431      4.450   2     0.07     7.94     11.829    0.620   4.920

                                                                             4.920        0.000 0.035 0.000 0.000 0.000 0.035

    60.5210     4.466      4.485   2     0.06     7.94     11.387    0.621   4.926

                                                                             4.920        0.008 0.002 0.000 0.000 0.000 0.010

    60.5280     4.476      4.488   2     0.06    10.13     12.041    0.485   4.910

                                                                  Blatt    4

     Stat-km  Wsp-m+NN  hen-m+NN  IND  Lambd    Fl-qm   Umfg-m   v-m/s   Q-cbm/s

                                                                          Q-ges           hv-m  hr-m  h-bor h-ein h-ort h-m


                                                                             4.920        0.000 0.016 0.000 0.000 0.000 0.016

    60.6000     4.492      4.504   2     0.06    10.15     12.596    0.485   4.924

                                                                             4.920        0.001 0.006 0.000 0.000 0.000 0.008

    60.6310     4.500      4.510   2     0.06    10.78     12.034    0.457   4.924

                                                                             4.920        0.001 0.011 0.000 0.000 0.000 0.013

    60.7000     4.512      4.521   2     0.06    11.62     13.052    0.423   4.920

                                                                             4.920       -0.005 0.028 0.000 0.000 0.000 0.023

    60.8000     4.536      4.555   2     0.06     7.91     10.443    0.622   4.920

                                                                             4.920        0.009 0.031 0.000 0.000 0.000 0.040

    60.9000     4.575      4.586   2     0.06    10.76     12.723    0.458   4.932

                                                                             4.920        0.000 0.020 0.000 0.000 0.000 0.021

    61.0000     4.596      4.606   2     0.06    10.94     14.028    0.451   4.930

                                                                             4.920        0.002 0.017 0.000 0.000 0.000 0.019

    61.1000     4.615      4.623   2     0.06    12.15     12.923    0.405   4.921

     Durchflussaenderung bei Station km  61.127 :  Q =    2.09 m**3/s

                                                                             2.090        0.007 0.002 0.000 0.000 0.000 0.009

    61.1270     4.624      4.625   2     0.06    16.11     14.733    0.130   2.090

                                                                             2.090       -0.003 0.001 0.001 0.000 0.000-0.001

    61.1390     4.623      4.627   2     0.08     7.30     11.859    0.286   2.090

                                                                             2.090       -0.008 0.059 0.000 0.000 0.000 0.051

    61.2000     4.674      4.695   2     0.11     3.28     10.518    0.639   2.094

     Wehrberechnung an Station km    61.241 : 


     Eingabedaten der Wehrberechnung
     -------------------------------
     Wehrtyp: breitkroniges Wehr
     Feld-Nr.     Breite
      1            5.00

     Ergebnisse der Wehrberechnung
     -----------------------------
     Feld-Nr.    mue          q-wehr     h-ue        A-ue      Ü-Art
      1          0.5166       2.083      0.239       2.789     vollkommen  

     Summation aller Felder
     he-wehr     q-wehr
      4.889       2.083

                                                                  Blatt    5

     Stat-km  Wsp-m+NN  hen-m+NN  IND  Lambd    Fl-qm   Umfg-m   v-m/s   Q-cbm/s

                                                                          Q-ges           hv-m  hr-m  h-bor h-ein h-ort h-m


     Oberwasser:

                                                                             2.090        0.002 0.000 0.000 0.000 0.000 0.002

    61.2410     4.887      4.889   1     0.13     0.07      0.606    0.061   0.004
                                   2     0.07     9.52     11.996    0.219   2.083
                                   3     0.13     0.05      0.466    0.059   0.003

                                                                             2.090       -0.015 0.078 0.000 0.000 0.000 0.063

    61.3000     4.950      4.983   2     0.10     2.59      8.196    0.809   2.094

                                                                             2.090        0.026 0.140 0.000 0.000 0.000 0.167

    61.4000     5.117      5.124   2     0.07     5.74      9.719    0.364   2.090

                                                                             2.090       -0.010 0.120 0.000 0.000 0.000 0.110

    61.5000     5.228      5.254   2     0.11     2.90      8.991    0.722   2.094

                                                                             2.090        0.021 0.119 0.000 0.000 0.000 0.140

    61.6000     5.368      5.374   2     0.07     6.11     10.240    0.343   2.095

                                                                             2.090       -0.003 0.041 0.000 0.000 0.000 0.038

    61.7000     5.407      5.419   2     0.09     4.29     10.007    0.487   2.090

                                                                             2.090        0.007 0.039 0.000 0.000 0.000 0.046

    61.8000     5.453      5.457   2     0.07     6.84     10.677    0.306   2.090

                                                                             2.090       -0.001 0.015 0.000 0.000 0.000 0.014

    61.9000     5.467      5.473   2     0.07     6.19     10.197    0.337   2.090

                                                                             2.090        0.001 0.015 0.000 0.000 0.000 0.016

    62.0000     5.483      5.488   2     0.07     6.64     10.135    0.315   2.090

                                                                             2.090       -0.001 0.016 0.000 0.000 0.000 0.015

    62.1000     5.499      5.505   2     0.07     6.06     10.064    0.345   2.090

                                                                             2.090       -0.002 0.033 0.000 0.000 0.000 0.031

    62.2000     5.530      5.540   2     0.09     4.65      9.857    0.449   2.090

                                                                             2.090        0.004 0.033 0.000 0.000 0.000 0.037

    62.3000     5.567      5.573   2     0.07     5.93      9.914    0.352   2.090

                                                                  Blatt    6

     Stat-km  Wsp-m+NN  hen-m+NN  IND  Lambd    Fl-qm   Umfg-m   v-m/s   Q-cbm/s

                                                                          Q-ges           hv-m  hr-m  h-bor h-ein h-ort h-m


                                                                             2.090        0.000 0.017 0.000 0.000 0.000 0.018

    62.4000     5.584      5.590   2     0.07     6.16      9.595    0.340   2.090

                                                                             2.090       -0.002 0.026 0.000 0.000 0.000 0.024

    62.5000     5.608      5.617   2     0.08     4.98      9.314    0.420   2.090

     Wehrberechnung an Station km    62.593 : 


     Eingabedaten der Wehrberechnung
     -------------------------------
     Wehrtyp: breitkroniges Wehr
     Feld-Nr.     Breite
      1            5.00

     Ergebnisse der Wehrberechnung
     -----------------------------
     Feld-Nr.    mue          q-wehr     h-ue        A-ue      Ü-Art
      1          0.5212       2.076      0.282       2.534     vollkommen  

     Summation aller Felder
     he-wehr     q-wehr
      5.942       2.076

     Oberwasser:

                                                                             2.090        0.000 0.000 0.000 0.000 0.000 0.000

    62.5930     5.935      5.942   1     0.13     0.05      0.479    0.117   0.006
                                   2     0.08     5.97      9.209    0.348   2.076
                                   3     0.13     0.07      0.551    0.120   0.008

                                                                             2.090       -0.041 0.014 0.019 0.000 0.000-0.008

    62.6000     5.927      5.974   2     0.10     2.18      7.125    0.958   2.090

                                                                             2.090        0.043 0.192 0.000 0.000 0.000 0.235

    62.7000     6.162      6.166   2     0.06     7.65      9.342    0.273   2.090

                                                                             2.090        0.000 0.008 0.000 0.000 0.000 0.008

    62.8000     6.170      6.174   2     0.07     7.25      9.903    0.288   2.090

                                                                             2.090        0.001 0.008 0.000 0.000 0.000 0.009

    62.9000     6.179      6.183   2     0.06     7.79      9.717    0.269   2.096

                                                                             2.090        0.000 0.009 0.000 0.000 0.000 0.008

    63.0000     6.187      6.192   2     0.06     6.97      9.901    0.300   2.090

                                                                             2.090        0.000 0.013 0.000 0.000 0.000 0.012

    63.1000     6.200      6.206   2     0.07     6.36     10.045    0.329   2.090

                                                                  Blatt    7

     Stat-km  Wsp-m+NN  hen-m+NN  IND  Lambd    Fl-qm   Umfg-m   v-m/s   Q-cbm/s

                                                                          Q-ges           hv-m  hr-m  h-bor h-ein h-ort h-m


                                                                             2.090        0.000 0.014 0.000 0.000 0.000 0.015

    63.2000     6.215      6.220   2     0.07     6.52      9.936    0.320   2.090

                                                                             2.090       -0.001 0.016 0.000 0.000 0.000 0.016

    63.3000     6.231      6.237   2     0.07     5.82      9.664    0.359   2.090

                                                                             2.090        0.001 0.017 0.000 0.000 0.000 0.018

    63.4000     6.249      6.254   2     0.07     6.47      9.808    0.323   2.090

                                                                             2.090        0.000 0.012 0.000 0.000 0.000 0.013

    63.5000     6.261      6.266   2     0.06     6.63      9.132    0.316   2.094

                                                                             2.090        0.000 0.012 0.000 0.000 0.000 0.011

    63.6000     6.273      6.278   2     0.07     6.58      9.097    0.318   2.091

                                                                             2.090       -0.002 0.021 0.000 0.000 0.000 0.019

    63.7000     6.292      6.301   2     0.07     5.11      9.680    0.409   2.093

                                                                             2.090        0.002 0.024 0.000 0.000 0.000 0.026

    63.8000     6.319      6.325   2     0.07     5.81      9.423    0.360   2.090

                                                                             2.090       -0.002 0.028 0.000 0.000 0.000 0.026

    63.9000     6.344      6.355   2     0.07     4.60      8.482    0.456   2.096

                                                                             2.090        0.001 0.032 0.000 0.000 0.000 0.033

    64.0000     6.378      6.387   2     0.07     4.94      8.335    0.423   2.090

                                                                             2.090        0.000 0.029 0.000 0.000 0.000 0.029

    64.1000     6.407      6.416   2     0.07     4.87      8.418    0.429   2.090

     Wehrberechnung an Station km    64.193 : 


     Eingabedaten der Wehrberechnung
     -------------------------------
     Wehrtyp: breitkroniges Wehr
     Feld-Nr.     Breite
      1            5.00

     Ergebnisse der Wehrberechnung
     -----------------------------
     Feld-Nr.    mue          q-wehr     h-ue        A-ue      Ü-Art
      1          0.5201       2.057      0.270       2.566     vollkommen  

     Summation aller Felder
     he-wehr     q-wehr
      7.020       2.057

                                                                  Blatt    8

     Stat-km  Wsp-m+NN  hen-m+NN  IND  Lambd    Fl-qm   Umfg-m   v-m/s   Q-cbm/s

                                                                          Q-ges           hv-m  hr-m  h-bor h-ein h-ort h-m


     Oberwasser:

                                                                             2.090        0.002 0.000 0.000 0.000 0.000 0.002

    64.1930     7.013      7.020   1     0.11     0.14      0.838    0.180   0.025
                                   2     0.08     5.46      9.628    0.377   2.057
                                   3     0.13     0.05      0.494    0.138   0.008

                                                                             2.090       -0.010 0.028 0.000 0.000 0.000 0.018

    64.2200     7.031      7.058   2     0.11     2.90      7.405    0.720   2.090

                                                                             2.090        0.023 0.075 0.000 0.000 0.000 0.097

    64.3000     7.128      7.132   2     0.07     7.52      9.119    0.278   2.090

                                                                             2.090       -0.012 0.113 0.000 0.000 0.000 0.101

    64.4000     7.230      7.257   2     0.11     2.87      8.647    0.730   2.092

                                                                             2.090        0.023 0.113 0.000 0.000 0.000 0.136

    64.5000     7.366      7.371   2     0.07     7.35     10.249    0.285   2.094

                                                                             2.090        0.000 0.010 0.000 0.000 0.000 0.010

    64.6000     7.376      7.381   2     0.07     7.11      9.812    0.294   2.094

                                                                             2.090        0.000 0.010 0.000 0.000 0.000 0.010

    64.7000     7.387      7.391   2     0.07     7.04      9.844    0.297   2.091

     Brueckenberechnung an Station km    64.782 : 


          Profil "a": 

                                                                             2.090       -0.011 0.090 0.000 0.000 0.000 0.078

    64.7710     7.465      7.492   2     0.11     2.88      9.379    0.728   2.095

          Profil "3":

                                                                             2.090       -0.002 0.014 0.000 0.000 0.000 0.012

    64.7760     7.477      7.508   2     0.12     2.71      9.468    0.771   2.091

                                                                  Blatt    9

     Stat-km  Wsp-m+NN  hen-m+NN  IND  Lambd    Fl-qm   Umfg-m   v-m/s   Q-cbm/s

                                                                          Q-ges           hv-m  hr-m  h-bor h-ein h-ort h-m


         Profil "3": hr  m  a
              7.477     0.698     2.710

         ad  aue apl  apg 
              2.710     0.000     0.000     0.000

         Profil "2": hr  m  a
              7.502     0.705     2.941

         ad  aue apl  apg 
              2.941     0.000     0.000     0.000

         Profil "1": hr  m  a
              7.505     0.712     2.967

         ad  aue apl  apg 
              2.967     0.000     0.000     0.000

         wsp im ow (Profil "1") ermittelt aus Impulsbilanz

          Profil "1":

                                                                             2.090        0.002 0.000 0.000 0.000 0.000 0.002

    64.7820     7.505      7.530   2     0.11     2.97      9.577    0.704   2.090

          Profil "b":

                                                                             2.090       -0.004 0.014 0.000 0.000 0.000 0.010

    64.7870     7.515      7.548   2     0.12     2.60      9.371    0.805   2.092

                                                                             2.090        0.024 0.025 0.000 0.000 0.000 0.049

    64.8000     7.564      7.573   2     0.08     5.04      9.408    0.415   2.090

                                                                             2.090        0.005 0.020 0.000 0.000 0.000 0.025

    64.9000     7.589      7.593   2     0.07     7.73     10.432    0.270   2.091

                                                                             2.090       -0.001 0.011 0.000 0.000 0.000 0.011

    65.0000     7.600      7.605   2     0.08     6.56      9.730    0.319   2.090

                                                                             2.090        0.001 0.012 0.000 0.000 0.000 0.013

    65.1000     7.612      7.617   2     0.06     7.29      9.624    0.287   2.090

                                                                             2.090        0.000 0.009 0.000 0.000 0.000 0.009

    65.2000     7.621      7.625   2     0.07     7.69     10.240    0.272   2.095

                                                                             2.090       -0.001 0.010 0.000 0.000 0.000 0.010

    65.3000     7.631      7.636   2     0.07     6.81     10.140    0.307   2.091

                                                                  Blatt   10

     Stat-km  Wsp-m+NN  hen-m+NN  IND  Lambd    Fl-qm   Umfg-m   v-m/s   Q-cbm/s

                                                                          Q-ges           hv-m  hr-m  h-bor h-ein h-ort h-m


                                                                             2.090        0.001 0.011 0.000 0.000 0.000 0.012

    65.4000     7.643      7.647   2     0.07     7.48     10.183    0.280   2.097

                                                                             2.090        0.000 0.008 0.000 0.000 0.000 0.009

    65.5000     7.651      7.655   2     0.06     7.93      9.883    0.264   2.091

     Wehrberechnung an Station km    65.623 : 


     Eingabedaten der Wehrberechnung
     -------------------------------
     Wehrtyp: breitkroniges Wehr
     Feld-Nr.     Breite
      1            5.00

     Ergebnisse der Wehrberechnung
     -----------------------------
     Feld-Nr.    mue          q-wehr     h-ue        A-ue      Ü-Art
      1          0.5177       2.085      0.249       2.734     vollkommen  

     Summation aller Felder
     he-wehr     q-wehr
      8.329       2.085

     Oberwasser:

                                                                             2.090        0.002 0.000 0.000 0.000 0.000 0.002

    65.6230     8.327      8.329   1     0.13     0.04      0.381    0.047   0.002
                                   2     0.06    10.41     11.365    0.200   2.085
                                   3     0.13     0.05      0.500    0.050   0.003

                                                                             2.090       -0.002 0.007 0.000 0.000 0.000 0.005

    65.7000     8.332      8.338   2     0.07     6.19      9.243    0.339   2.097

                                                                             2.090        0.001 0.014 0.000 0.000 0.000 0.014

    65.8000     8.346      8.351   2     0.07     6.54      9.005    0.320   2.090

                                                                             2.090        0.001 0.010 0.000 0.000 0.000 0.011

    65.9000     8.357      8.361   2     0.06     7.30      8.831    0.286   2.090

                                                                             2.090       -0.001 0.010 0.000 0.000 0.000 0.009

    66.0000     8.366      8.372   2     0.07     6.41      8.011    0.326   2.091

                                                                             2.090       -0.003 0.026 0.000 0.000 0.000 0.023

    66.1000     8.390      8.400   2     0.09     4.57      8.091    0.458   2.090

                                                                             2.090        0.001 0.036 0.000 0.000 0.000 0.037

    66.2000     8.427      8.437   2     0.08     4.76      8.175    0.439   2.090

                                                                  Blatt   11

     Stat-km  Wsp-m+NN  hen-m+NN  IND  Lambd    Fl-qm   Umfg-m   v-m/s   Q-cbm/s

                                                                          Q-ges           hv-m  hr-m  h-bor h-ein h-ort h-m


                                                                             2.090       -0.003 0.055 0.000 0.000 0.000 0.052

    66.3000     8.479      8.495   2     0.08     3.69      8.406    0.568   2.093

                                                                             2.090        0.008 0.051 0.000 0.000 0.000 0.059

    66.4000     8.537      8.546   2     0.07     5.14      8.439    0.406   2.090

                                                                             2.090       -0.003 0.045 0.000 0.000 0.000 0.042

    66.5000     8.580      8.594   2     0.08     3.99      8.876    0.524   2.090

                                                                             2.090        0.007 0.042 0.000 0.000 0.000 0.049

    66.6000     8.629      8.636   2     0.07     5.65      9.020    0.370   2.090

                                                                             2.090       -0.001 0.023 0.000 0.000 0.000 0.022

    66.7000     8.650      8.659   2     0.07     5.04      8.551    0.414   2.090

                                                                             2.090       -0.001 0.030 0.000 0.000 0.000 0.030

    66.8000     8.680      8.690   2     0.08     4.66      8.012    0.449   2.090

                                                                             2.090       -0.011 0.150 0.000 0.000 0.000 0.139

    66.9000     8.820      8.852   2     0.11     2.64      8.186    0.793   2.096

     Wehrberechnung an Station km    66.950 : 


     Eingabedaten der Wehrberechnung
     -------------------------------
     Wehrtyp: breitkroniges Wehr
     Feld-Nr.     Breite
      1            5.00

     Ergebnisse der Wehrberechnung
     -----------------------------
     Feld-Nr.    mue          q-wehr     h-ue        A-ue      Ü-Art
      1          0.5186       2.084      0.256       2.688     vollkommen  

     Summation aller Felder
     he-wehr     q-wehr
      9.386       2.084

     Oberwasser:

                                                                             2.090        0.008 0.000 0.000 0.000 0.000 0.008

    66.9500     9.384      9.386   1     0.13     0.06      0.506    0.054   0.003
                                   2     0.07     9.89     10.961    0.211   2.084
                                   3     0.13     0.05      0.462    0.053   0.003

                                                                             2.090       -0.003 0.004 0.000 0.000 0.000 0.001

    66.9770     9.385      9.394   2     0.08     4.95      8.070    0.424   2.097

                                                                  Blatt   12

     Stat-km  Wsp-m+NN  hen-m+NN  IND  Lambd    Fl-qm   Umfg-m   v-m/s   Q-cbm/s

                                                                          Q-ges           hv-m  hr-m  h-bor h-ein h-ort h-m


                                                                             2.090        0.003 0.005 0.000 0.000 0.000 0.008

    67.0000     9.393      9.399   2     0.07     6.24      8.599    0.335   2.090

                                                                             2.090       -0.001 0.019 0.000 0.000 0.000 0.018

    67.1000     9.411      9.419   2     0.08     5.52      9.150    0.378   2.090

                                                                             2.090       -0.001 0.028 0.000 0.000 0.000 0.027

    67.2000     9.438      9.447   2     0.08     5.01      8.621    0.417   2.090

                                                                             2.090        0.002 0.025 0.000 0.000 0.000 0.027

    67.3000     9.466      9.472   2     0.07     5.68      8.483    0.369   2.096

                                                                             2.090        0.000 0.021 0.000 0.000 0.000 0.020

    67.4000     9.486      9.493   2     0.07     5.44      8.937    0.384   2.090

                                                                             2.090       -0.003 0.037 0.000 0.000 0.000 0.034

    67.5000     9.520      9.532   2     0.08     4.18      8.125    0.500   2.091

     Durchflussaenderung bei Station km  67.600 :  Q =    1.94 m**3/s

                                                                             1.940       -0.001 0.061 0.000 0.000 0.000 0.060

    67.6000     9.579      9.594   2     0.09     3.55      7.631    0.546   1.940

                                                                             1.940        0.005 0.057 0.000 0.000 0.000 0.062

    67.7000     9.641      9.652   2     0.08     4.26      8.373    0.457   1.944

                                                                             1.940       -0.003 0.058 0.000 0.000 0.000 0.055

    67.8000     9.696      9.712   2     0.09     3.47      7.142    0.560   1.942

                                                                             1.940        0.003 0.062 0.000 0.000 0.000 0.065

    67.9000     9.762      9.775   2     0.08     3.80      7.630    0.511   1.940

                                                                             1.940        0.004 0.040 0.000 0.000 0.000 0.044

    68.0000     9.806      9.815   2     0.07     4.50      7.428    0.431   1.940

                                                                             1.940       -0.003 0.052 0.000 0.000 0.000 0.048

    68.1000     9.854      9.870   2     0.08     3.42      7.679    0.567   1.940

                                                                  Blatt   13

     Stat-km  Wsp-m+NN  hen-m+NN  IND  Lambd    Fl-qm   Umfg-m   v-m/s   Q-cbm/s

                                                                          Q-ges           hv-m  hr-m  h-bor h-ein h-ort h-m


                                                                             1.940        0.010 0.047 0.000 0.000 0.000 0.057

    68.2000     9.911      9.918   2     0.08     5.34      7.767    0.365   1.948

     Wehrberechnung an Station km    68.236 : 


     Eingabedaten der Wehrberechnung
     -------------------------------
     Wehrtyp: breitkroniges Wehr
     Feld-Nr.     Breite
      1            5.00

     Ergebnisse der Wehrberechnung
     -----------------------------
     Feld-Nr.    mue          q-wehr     h-ue        A-ue      Ü-Art
      1          0.5190       1.934      0.260       2.474     vollkommen  

     Summation aller Felder
     he-wehr     q-wehr
     10.340       1.934

     Oberwasser:

                                                                             1.940        0.013 0.000 0.000 0.000 0.000 0.013

    68.2360    10.336     10.340   1     0.13     0.03      0.366    0.072   0.002
                                   2     0.07     7.32      9.892    0.264   1.934
                                   3     0.13     0.04      0.408    0.075   0.003

                                                                             1.940       -0.003 0.003 0.000 0.000 0.000-0.001

    68.2480    10.335     10.346   2     0.08     4.29      7.193    0.453   1.940

                                                                             1.940        0.005 0.013 0.000 0.000 0.000 0.018

    68.3000    10.353     10.359   2     0.07     5.70      7.969    0.341   1.946

                                                                             1.940       -0.001 0.009 0.000 0.000 0.000 0.008

    68.3440    10.361     10.370   2     0.07     4.77      8.345    0.407   1.940

                                                                             1.940       -0.001 0.018 0.000 0.000 0.000 0.018

    68.4000    10.379     10.389   2     0.09     4.43      7.858    0.438   1.940

                                                                             1.940        0.000 0.019 0.000 0.000 0.000 0.019

    68.4500    10.398     10.408   2     0.08     4.37      8.563    0.445   1.947

                                                                             1.940        0.003 0.014 0.000 0.000 0.000 0.018

    68.5000    10.416     10.423   2     0.07     5.37      7.625    0.363   1.948

                                                                             1.940        0.000 0.008 0.000 0.000 0.000 0.009

    68.5490    10.425     10.431   2     0.07     5.46      7.773    0.356   1.944

                                                                  Blatt   14

     Stat-km  Wsp-m+NN  hen-m+NN  IND  Lambd    Fl-qm   Umfg-m   v-m/s   Q-cbm/s

                                                                          Q-ges           hv-m  hr-m  h-bor h-ein h-ort h-m


                                                                             1.940       -0.001 0.011 0.000 0.000 0.000 0.010

    68.6000    10.434     10.443   2     0.08     4.69      6.975    0.416   1.950

                                                                             1.940        0.001 0.013 0.000 0.000 0.000 0.014

    68.6510    10.448     10.456   2     0.08     4.85      7.506    0.401   1.942

                                                                             1.940       -0.004 0.023 0.000 0.000 0.000 0.020

    68.7000    10.468     10.483   2     0.09     3.53      7.360    0.551   1.942

                                                                             1.940        0.007 0.023 0.000 0.000 0.000 0.029

    68.7480    10.497     10.506   2     0.07     4.71      7.319    0.413   1.944

                                                                             1.940        0.000 0.013 0.000 0.000 0.000 0.013

    68.8000    10.510     10.519   2     0.08     4.68      7.271    0.415   1.940

                                                                             1.940       -0.001 0.013 0.000 0.000 0.000 0.013

    68.8460    10.523     10.533   2     0.07     4.32      7.338    0.449   1.940

                                                                             1.940        0.000 0.018 0.000 0.000 0.000 0.018

    68.9000    10.541     10.551   2     0.08     4.36      7.568    0.445   1.940

                                                                             1.940       -0.001 0.020 0.000 0.000 0.000 0.019

    68.9510    10.561     10.573   2     0.08     3.94      7.016    0.493   1.940

                                                                             1.940       -0.012 0.068 0.000 0.000 0.000 0.057

    69.0000    10.618     10.653   2     0.10     2.32      6.186    0.835   1.940

                                                                             1.940       -0.009 0.167 0.000 0.000 0.000 0.157

    69.0420    10.778     10.833   2     0.11     1.88      7.207    1.033   1.940

                                                                             1.940        0.040 0.074 0.000 0.000 0.000 0.113

    69.0660    10.891     10.906   2     0.08     3.60      6.763    0.539   1.942
