 0000000000 114
 5037482 5037384 5037384 5037287 5037287 5037189 5037091 5036994 5036896 5036798 5036701 5036603 5036505
 5036310 5036212 5036017 5035919 5035724 5035529 5035334 5035138 5034943 5034748 5034552 5043732 5043634
 5043634 5043537 5043537 5043439 5043341 5043244 5043146 5043048 5042951 5042853 5042755 5042560 5042462
 5042267 5042169 5041974 5041779 5041584 5041388 5041193 5040998 5040802 5049982 5049884 5049884 5049787
 5049787 5049689 5049591 5049494 5049396 5049298 5049201 5049103 5049005 5048810 5048712 5048517 5048419
 5048224 5048029 5047834 5047638 5047443 5047248 5047052 5056232 5056134 5056134 5056037 5056037 5055939
 5055841 5055744 5055646 5055548 5055451 5055353 5055255 5055060 5054962 5054767 5054669 5054474 5054279
 5054084 5053888 5053693 5053498 5053302 5062482 5062384 5062384 5062287 5062287 5062189 5062091 5061994
 5061896 5061798 5061701 5061603 5061505 5061310 5061212 5061017 5060919 5060724 5060529 5060334 5060138
 5059943 5059748 5059552 5068732 5068634 5068634 5068537 5068537 5068439 5068341 5068244 5068146 5068048
 5067951 5067853 5067755 5067560 5067462 5067267 5067169 5066974 5066779 5066584 5066388 5066193 5065998
 5065802 5074982 5074884 5074884 5074787 5074787 5074689 5074591 5074494 5074396 5074298 5074201 5074103
 5074005 5073810 5073712 5073517 5073322 5073224 5073029 5072834 5072638 5072443 5072248 5072052 5081232
 5081134 5081134 5081037 5081037 5080939 5080841 5080744 5080646 5080548 5080451 5080353 5080255 5080060
 5079962 5079767 5079572 5079474 5079279 5079084 5078888 5078693 5078498 5078302 5087482 5087384 5087384
 5087287 5087287 5087189 5087091 5086994 5086896 5086798 5086701 5086603 5086505 5086310 5086212 5086017
 5085822 5085724 5085529 5085334 5085138 5084943 5084748 5084552 5093732 5093634 5093634 5093537 5093537
 5093439 5093341 5093244 5093146 5093048 5092951 5092853 5092755 5092560 5092462 5092267 5092072 5091974
 5091779 5091584 5091388 5091193 5090998 5090705 5099982 5099884 5099884 5099787 5099787 5099689 5099591
 5099494 5099396 5099298 5099201 5099103 5099005 5098810 5098712 5098517 5098322 5098224 5098029 5097834
 5097638 5097443 5097248 5096955 5106232 5106134 5106134 5106037 5106037 5105939 5105841 5105744 5105646
 5105548 5105451 5105353 5105158 5105060 5104962 5104767 5104572 5104474 5104279 5104084 5103888 5103693
 5103498 5103205 5112482 5112384 5112384 5112287 5112287 5112189 5112091 5111994 5111896 5111798 5111701
 5111603 5111408 5111310 5111212 5111017 5110822 5110724 5110529 5110334 5110138 5109943 5109748 5109455
 5118732 5118634 5118634 5118537 5118537 5118439 5118341 5118244 5118146 5118048 5117951 5117853 5117658
 5117560 5117462 5117267 5117072 5116974 5116779 5116584 5116388 5116193 5115998 5115705 5124982 5124884
 5124884 5124787 5124787 5124689 5124591 5124494 5124396 5124298 5124201 5124103 5123908 5123810 5123712
 5123517 5123322 5123224 5123029 5122834 5122638 5122443 5122248 5121955 5131232 5131134 5131134 5131037
 5131037 5130939 5130841 5130744 5130646 5130548 5130451 5130353 5130158 5130060 5129962 5129767 5129572
 5129474 5129279 5129084 5128888 5128693 5128400 5128205 5137482 5137384 5137384 5137287 5137287 5137189
 5137091 5136994 5136896 5136798 5136701 5136603 5136408 5136310 5136212 5136017 5135822 5135724 5135529
 5135334 5135138 5134943 5134650 5134455 5143732 5143634 5143634 5143537 5143537 5143439 5143341 5143244
 5143146 5143048 5142951 5142853 5142658 5142560 5142365 5142267 5142072 5141876 5141779 5141584 5141388
 5141193 5140900 5140705 5149982 5149884 5149884 5149787 5149787 5149689 5149591 5149494 5149396 5149298
 5149201 5149103 5148908 5148810 5148615 5148517 5148322 5148126 5148029 5147834 5147638 5147443 5147150
 5146955 5156232 5156134 5156134 5156037 5156037 5155939 5155841 5155744 5155646 5155548 5155451 5155353
 5155158 5155060 5154865 5154767 5154572 5154376 5154279 5154084 5153888 5153693 5153400 5153205 5162482
 5162384 5162384 5162287 5162287 5162189 5162091 5161994 5161896 5161798 5161701 5161603 5161408 5161310
 5161115 5161017 5160822 5160626 5160529 5160334 5160138 5159845 5159650 5159455 5168732 5168634 5168634
 5168537 5168537 5168439 5168341 5168244 5168146 5168048 5167951 5167853 5167658 5167560 5167365 5167267
 5167072 5166876 5166779 5166584 5166388 5166095 5165900 5165705 5174982 5174884 5174884 5174787 5174787
 5174689 5174591 5174494 5174396 5174298 5174201 5174103 5173908 5173810 5173615 5173517 5173322 5173126
 5172931 5172834 5172638 5172345 5172150 5171955 5181232 5181134 5181134 5181037 5181037 5180939 5180841
 5180744 5180646 5180548 5180451 5180353 5180158 5180060 5179865 5179767 5179572 5179376 5179181 5179084
 5178791 5178595 5178400 5178205 5187482 5187384 5187384 5187287 5187287 5187189 5187091 5186994 5186896
 5186798 5186701 5186603 5186408 5186310 5186115 5186017 5185822 5185626 5185431 5185236 5185041 5184845
 5184650 5184455 5193732 5193634 5193634 5193537 5193537 5193439 5193341 5193244 5193146 5193048 5192951
 5192853 5192658 5192560 5192365 5192267 5192072 5191876 5191681 5191486 5191291 5191095 5190900 5190705
 5199982 5199884 5199884 5199787 5199787 5199689 5199591 5199494 5199396 5199298 5199201 5199103 5198908
 5198810 5198615 5198517 5198322 5198126 5197931 5197736 5197541 5197345 5197150 5196955 5206232 5206134
 5206134 5206037 5206037 5205939 5205841 5205744 5205646 5205548 5205451 5205353 5205158 5205060 5204865
 5204767 5204572 5204376 5204181 5203986 5203791 5203595 5203400 5203205
 0000000000 115
 1039162 1048927 1058888 1068654 1078420 1088185 1097951 1107716 1117677 1127443 1137209 1146974 1156740
 1166505 1176271 1186232 1195998 1205763 1215529 1225295 1235060 1244826 1254787 1264552 1039162 1049123
 1058888 1068654 1078420 1088380 1098146 1107912 1117677 1127638 1137404 1147170 1156935 1166701 1176662
 1186427 1196193 1205959 1215920 1225685 1235451 1245216 1254982 1264748 1039357 1049123 1058888 1068849
 1078615 1088380 1098341 1108107 1117873 1127638 1137599 1147365 1157130 1167091 1176857 1186623 1196388
 1206349 1216115 1225880 1235646 1245607 1255373 1265138 1039357 1049123 1059084 1068849 1078615 1088576
 1098341 1108302 1118068 1127834 1137795 1147560 1157326 1167287 1177052 1186818 1196779 1206545 1216310
 1226271 1236037 1245802 1255763 1265529 1039357 1049318 1059084 1069045 1078810 1088576 1098537 1108302
 1118263 1128029 1137990 1147755 1157521 1167482 1177248 1187209 1196974 1206740 1216701 1226466 1236427
 1246193 1255959 1265920 1039552 1049318 1059279 1069045 1079005 1088771 1098732 1108498 1118459 1128224
 1138185 1147951 1157716 1167677 1177443 1187404 1197170 1207130 1216896 1226857 1236623 1246584 1256349
 1266310 1039552 1049318 1059279 1069240 1079005 1088966 1098732 1108693 1118459 1128420 1138185 1148146
 1158107 1167873 1177834 1187599 1197560 1207326 1217287 1227052 1237013 1246779 1256740 1266505 1039552
 1049513 1059279 1069240 1079201 1088966 1098927 1108888 1118654 1128615 1138380 1148341 1158302 1168068
 1178029 1187795 1197755 1207716 1217482 1227443 1237209 1247170 1257130 1266896 1039552 1049513 1059474
 1069240 1079201 1089162 1099123 1108888 1118849 1128810 1138576 1148537 1158498 1168263 1178224 1188185
 1197951 1207912 1217873 1227638 1237599 1247560 1257326 1267287 1039748 1049513 1059474 1069435 1079396
 1089162 1099123 1109084 1119045 1129005 1138771 1148732 1158693 1168654 1178420 1188380 1198341 1208107
 1218068 1228029 1237990 1247755 1257716 1267677 1039748 1049709 1059670 1069435 1079396 1089357 1099318
 1109279 1119240 1129005 1138966 1148927 1158888 1168849 1178615 1188576 1198537 1208498 1218459 1228224
 1238185 1248146 1258107 1268068 1039748 1049709 1059670 1069630 1079591 1089552 1099513 1109279 1119240
 1129201 1139162 1149123 1159084 1169045 1179005 1188966 1198732 1208693 1218654 1228615 1238576 1248537
 1258498 1268263 1039748 1049709 1059670 1069630 1079591 1089552 1099513 1109474 1119435 1129396 1139357
 1149318 1159279 1169240 1179201 1189162 1199123 1209084 1219045 1229005 1238966 1248732 1258693 1268654
 1039943 1049904 1059865 1069826 1079787 1089748 1099709 1109670 1119630 1129591 1139552 1149513 1159474
 1169435 1179396 1189357 1199318 1209279 1219240 1229201 1239162 1249123 1259084 1269045 1039943 1049904
 1059865 1069826 1079787 1089943 1099904 1109865 1119826 1129787 1139748 1149709 1159670 1169630 1179591
 1189552 1199709 1209670 1219630 1229591 1239552 1249513 1259474 1269435 1039943 1049904 1060060 1070021
 1079982 1089943 1099904 1109865 1120021 1129982 1139943 1149904 1159865 1169826 1179982 1189943 1199904
 1209865 1219826 1229787 1239748 1249904 1259865 1269826 1040138 1050099 1060060 1070021 1079982 1090138
 1100099 1110060 1120021 1130177 1140138 1150099 1160060 1170216 1180177 1190138 1200099 1210060 1220216
 1230177 1240138 1250099 1260060 1270216 1040138 1050099 1060060 1070216 1080177 1090138 1100295 1110255
 1120216 1130373 1140334 1150295 1160255 1170412 1180373 1190334 1200490 1210451 1220412 1230373 1240529
 1250490 1260451 1270412 1040138 1050099 1060255 1070216 1080373 1090334 1100295 1110451 1120412 1130373
 1140529 1150490 1160646 1170607 1180568 1190724 1200685 1210646 1220802 1230763 1240724 1250880 1260841
 1270802 1040138 1050295 1060255 1070412 1080373 1090529 1100490 1110451 1120607 1130568 1140724 1150685
 1160841 1170802 1180959 1190920 1200880 1211037 1220998 1231154 1241115 1251076 1261232 1271193 1040334
 1050295 1060451 1070412 1080568 1090529 1100685 1110646 1120802 1130763 1140920 1150880 1161037 1170998
 1181154 1191115 1201271 1211232 1221388 1231349 1241505 1251466 1261623 1271584 1040334 1050295 1060451
 1070607 1080568 1090724 1100685 1110841 1120998 1130959 1141115 1151076 1161232 1171193 1181349 1191505
 1201466 1211623 1221584 1231740 1241701 1251857 1261818 1271974 1040334 1050490 1060451 1070607 1080763
 1090724 1100880 1111037 1120998 1131154 1141310 1151271 1161427 1171584 1181545 1191701 1201857 1211818
 1221974 1231935 1242091 1252248 1262209 1272365 1040334 1050490 1060646 1070802 1080763 1090920 1101076
 1111232 1121193 1131349 1141505 1151466 1161623 1171779 1181935 1191896 1202052 1212209 1222170 1232326
 1242482 1252443 1262599 1272755 1040529 1050685 1060646 1070802 1080959 1091115 1101271 1111232 1121388
 1131545 1141701 1151662 1161818 1171974 1182130 1192287 1202248 1212404 1222560 1232716 1242677 1252834
 1262990 1273146 1040529 1050685 1060841 1070998 1081154 1091115 1101271 1111427 1121584 1131740 1141896
 1152052 1162013 1172170 1182326 1192482 1202638 1212795 1222755 1232912 1243068 1253224 1263380 1273537
 1040529 1050685 1060841 1070998 1081154 1091310 1101466 1111623 1121779 1131935 1142091 1152248 1162404
 1172365 1182521 1192677 1202834 1212990 1223146 1233302 1243459 1253615 1263771 1273732 1040724 1050880
 1061037 1071193 1081349 1091505 1101662 1111818 1121974 1132130 1142287 1152443 1162599 1172755 1182912
 1193068 1203224 1213380 1223537 1233498 1243654 1253810 1263966 1274123
 0000000000   8
     334     338     343     365     389     416     448     468     476     500     547     585     595
     584     563     545     538     531     525     559     649     740     793     821     354     379
     397     412     427     481     583     653     638     599     612     642     609     541     530
     563     544     474     457     539     662     766     835     871     385     413     429     437
     475     568     683     751     726     641     591     600     582     516     503     550     532
     444     418     492     593     681     747     760     413     425     435     482     587     672
     681     665     651     588     502     484     508     494     477     499     500     444     400
     422     484     544     583     593     389     411     486     604     707     701     598     520
     499     459     390     373     422     462     461     454     451     428     389     383     419
     445     445     477     336     426     599     720     708     602     500     445     406     353
     306     301     345     405     438     426     398     379     372     377     387     381     373
     423     371     520     661     675     573     463     421     417     397     355     312     283
     283     327     383     394     354     325     340     357     339     321     340     393     485
     587     574     491     415     368     361     386     408     407     380     318     258     264
     326     356     319     286     303     319     293     277     315     363     500     490     406
     353     335     311     313     354     387     398     396     350     271     252     305     330
     292     266     284     293     271     257     284     327     380     335     308     320     317
     281     271     307     336     338     337     318     278     270     306     311     273     262
     282     279     250     236     252     284     300     310     303     298     295     267     228
     232     274     291     269     248     248     268     291     286     260     254     264     248
     214     205     225     246     320     340     289     249     251     229     178     172     217
     245     229     212     220     236     248     252     240     221     209     196     177     176
     201     222     329     271     225     228     222     174     138     150     177     198     217
     231     225     207     201     209     205     179     156     151     150     158     180     202
     308     201     198     244     232     176     145     146     163     196     234     246     227
     195     170     162     160     152     139     132     136     150     165     177     328     278
     278     284     273     251     206     161     171     221     242     223     205     191     159
     125     120     133     134     126     128     143     152     154     373     395     386     341
     315     304     258     191     168     192     208     200     195     187     154     112      98
     109     118     117     122     135     140     141     382     396     388     352     304     266
     243     207     153     130     166     206     201     171     140     110      90      94     107
     115     122     132     135     135     354     327     293     270     233     203     215     221
     175     142     179     217     191     142     118     103      92      98     114     120     124
     132     131     124     308     292     234     204     208     234     271     286     263     241
     238     219     173     132     112     103     101     108     112     112     114     117     114
     108     274     308     282     269     309     367     396     389     363     331     283     225
     176     146     126     115     111     104      95      91      92      92      95     103     313
     390     405     418     459     490     478     437     387     331     272     220     179     146
     126     118     108      93      82      80      84      93     109     118     449     558     572
     547     530     501     440     370     307     252     213     186     151     114      97      97
      94      87      82      81      91     118     138     128     589     710     701     597     487
     399     312     233     189     171     160     142     111      80      70      76      81      81
      77      75      88     115     126     106     599     671     643     513     369     270     195
     136     124     142     141     113      84      70      66      67      68      68      65      63
      69      78      79      72     456     439     394     321     247     197     154     117     118
     140     131      96      75      73      67      57      58      63      63      63      66      68
      67      69     271     210     169     165     172     171     150     121     110     113     102
      84      78      72      57      49      59      70      73      77      90     104     108     102
     165     124     106     119     135     137     126     110      97      88      84      85      81
      63      49      57      73      79      83      98     120     138     142     131     138     123
     119     123     120     108     101     109     115     108     100      94      75      50      50
      71      84      83      93     120     142     143     131     120
