Modell.007
       1    2008       6      30      14          61.55
       2    2008       6      30      17          61.55
       3    2008       6      30      20          61.55
       4    2008       6      30      23          53.52
       5    2008       7       1       2          62.21
       6    2008       7       1       5          63.50
       7    2008       7       1       8          89.27
       8    2008       7       1      11         102.48
       9    2008       7       1      14         106.50
      10    2008       7       1      17         105.47
      11    2008       7       1      20         105.31
      12    2008       7       1      23         107.89
      13    2008       7       2       2         103.35
      14    2008       7       2       5         100.35
      15    2008       7       2       8          98.53
      16    2008       7       2      11         103.45
      17    2008       7       2      14          98.90
      18    2008       7       2      17         100.38
      19    2008       7       2      20         101.06
      20    2008       7       2      23         102.53
      21    2008       7       3       2         101.80
      22    2008       7       3       5         101.34
      23    2008       7       3       8         101.74
      24    2008       7       3      11         101.11
      25    2008       7       3      14          99.21
      26    2008       7       3      17          99.98
      27    2008       7       3      20         100.37
      28    2008       7       3      23         101.23
      29    2008       7       4       2         107.04
      30    2008       7       4       5         112.81
      31    2008       7       4       8         113.05
      32    2008       7       4      11         121.59
      33    2008       7       4      14         115.61
      34    2008       7       4      17         116.97
      35    2008       7       4      20         120.79
      36    2008       7       4      23         123.86
      37    2008       7       5       2         137.08
      38    2008       7       5       5         145.40
      39    2008       7       5       8         135.67
      40    2008       7       5      11         133.13
      41    2008       7       5      14         131.59
      42    2008       7       5      17         143.20
      43    2008       7       5      20         142.73
      44    2008       7       5      23         141.28
      45    2008       7       6       2         135.86
      46    2008       7       6       5         128.85
      47    2008       7       6       8         124.67
      48    2008       7       6      11         127.91
      49    2008       7       6      14         130.29
      50    2008       7       6      17         130.96
      51    2008       7       6      20         130.89
      52    2008       7       6      23         131.74
      53    2008       7       7       2         126.68
      54    2008       7       7       5         119.98
      55    2008       7       7       8         113.78
      56    2008       7       7      11         110.47
      57    2008       7       7      14         118.60
      58    2008       7       7      17         126.28
      59    2008       7       7      20         124.92
      60    2008       7       7      23         119.58
      61    2008       7       8       2         114.94
      62    2008       7       8       5         115.16
      63    2008       7       8       8         114.12
      64    2008       7       8      11         113.22
      65    2008       7       8      14         110.79
      66    2008       7       8      17         107.36
      67    2008       7       8      20         108.08
      68    2008       7       8      23         112.57
      69    2008       7       9       2         117.31
      70    2008       7       9       5         115.19
      71    2008       7       9       8         111.75
      72    2008       7       9      11         111.18
      73    2008       7       9      14         111.20
      74    2008       7       9      17         112.31
      75    2008       7       9      20         112.38
      76    2008       7       9      23         113.52
      77    2008       7      10       2         113.09
      78    2008       7      10       5         112.07
      79    2008       7      10       8         118.49
      80    2008       7      10      11         119.56
      81    2008       7      10      14         112.03
      82    2008       7      10      17         109.07
      83    2008       7      10      20         108.60
      84    2008       7      10      23         109.71
      85    2008       7      11       2         111.12
      86    2008       7      11       5         110.43
      87    2008       7      11       8         109.24
      88    2008       7      11      11         109.76
      89    2008       7      11      14         111.77
      90    2008       7      11      17         110.43
      91    2008       7      11      20         109.52
      92    2008       7      11      23         105.78
      93    2008       7      12       2         107.16
      94    2008       7      12       5         111.88
      95    2008       7      12       8         114.47
      96    2008       7      12      11         111.50
      97    2008       7      12      14         105.70
      98    2008       7      12      17         103.14
      99    2008       7      12      20         105.18
     100    2008       7      12      23         110.55
     101    2008       7      13       2         118.59
     102    2008       7      13       5         126.51
     103    2008       7      13       8         130.56
     104    2008       7      13      11         128.64
     105    2008       7      13      14         120.43
     106    2008       7      13      17         115.24
     107    2008       7      13      20         126.49
     108    2008       7      13      23         122.21
     109    2008       7      14       2         124.52
     110    2008       7      14       5         128.54
     111    2008       7      14       8         126.97
     112    2008       7      14      11         126.98
     113    2008       7      14      14         127.68
     114    2008       7      14      17         125.92
     115    2008       7      14      20         122.85
     116    2008       7      14      23         118.93
     117    2008       7      15       2         119.27
     118    2008       7      15       5         123.08
     119    2008       7      15       8         126.27
     120    2008       7      15      11         128.38
     121    2008       7      15      14         130.32
     122    2008       7      15      17         128.23
     123    2008       7      15      20         126.84
     124    2008       7      15      23         126.17
     125    2008       7      16       2         125.89
     126    2008       7      16       5         125.77
     127    2008       7      16       8         125.67
     128    2008       7      16      11         125.59
     129    2008       7      16      14         125.51
     130    2008       7      16      17         125.43
     131    2008       7      16      20         125.34
     132    2008       7      16      23         125.27
     133    2008       7      17       2         125.19
     134    2008       7      17       5         125.12
     135    2008       7      17       8         125.06
     136    2008       7      17      11         124.99
     137    2008       7      17      14         124.93
     138    2008       7      17      17         124.88
     139    2008       7      17      20         124.82
     140    2008       7      17      23         124.77
     141    2008       7      18       2         124.72
     142    2008       7      18       5         124.68
     143    2008       7      18       8         124.63
     144    2008       7      18      11         124.59
