Modell.014: Loeben (Loeben) REM 
    1     2008   6  30   14      4.2
    2     2008   6  30   17      4.1
    3     2008   6  30   20      4.1
    4     2008   6  30   23      4.0
    5     2008   7   1    2      3.9
    6     2008   7   1    5      3.9
    7     2008   7   1    8      3.8
    8     2008   7   1   11      3.8
    9     2008   7   1   14      3.7
   10     2008   7   1   17      3.7
   11     2008   7   1   20      3.6
   12     2008   7   1   23      3.5
   13     2008   7   2    2      3.5
   14     2008   7   2    5      3.4
   15     2008   7   2    8      3.4
   16     2008   7   2   11      3.4
   17     2008   7   2   14      3.4
   18     2008   7   2   17      3.4
   19     2008   7   2   20      3.4
   20     2008   7   2   23      3.4
   21     2008   7   3    2      3.4
   22     2008   7   3    5      3.4
   23     2008   7   3    8      3.4
   24     2008   7   3   11      3.4
   25     2008   7   3   14      3.5
   26     2008   7   3   17      3.5
   27     2008   7   3   20      3.5
   28     2008   7   3   23      3.5
   29     2008   7   4    2      3.5
   30     2008   7   4    5      3.5
   31     2008   7   4    8      3.5
   32     2008   7   4   11      3.5
   33     2008   7   4   14      3.5
   34     2008   7   4   17      3.5
   35     2008   7   4   20      3.5
   36     2008   7   4   23      3.5
   37     2008   7   5    2      3.5
   38     2008   7   5    5      3.5
   39     2008   7   5    8      3.6
   40     2008   7   5   11      3.7
   41     2008   7   5   14      3.8
   42     2008   7   5   17      3.8
   43     2008   7   5   20      3.9
   44     2008   7   5   23      4.0
   45     2008   7   6    2      4.1
   46     2008   7   6    5      4.2
   47     2008   7   6    8      4.2
   48     2008   7   6   11      4.3
   49     2008   7   6   14      4.3
   50     2008   7   6   17      4.4
   51     2008   7   6   20      4.5
   52     2008   7   6   23      4.5
   53     2008   7   7    2      4.6
   54     2008   7   7    5      4.6
   55     2008   7   7    8      4.6
   56     2008   7   7   11      4.6
   57     2008   7   7   14      4.5
   58     2008   7   7   17      4.5
   59     2008   7   7   20      4.5
   60     2008   7   7   23      4.4
   61     2008   7   8    2      4.4
   62     2008   7   8    5      4.3
   63     2008   7   8    8      4.3
   64     2008   7   8   11      4.3
   65     2008   7   8   14      4.3
   66     2008   7   8   17      4.3
   67     2008   7   8   20      4.3
   68     2008   7   8   23      4.3
   69     2008   7   9    2      4.3
   70     2008   7   9    5      4.3
   71     2008   7   9    8      4.3
   72     2008   7   9   11      4.3
   73     2008   7   9   14      4.3
   74     2008   7   9   17      4.3
   75     2008   7   9   20      4.3
   76     2008   7   9   23      4.3
   77     2008   7  10    2      4.3
   78     2008   7  10    5      4.3
   79     2008   7  10    8      4.3
   80     2008   7  10   11      4.3
   81     2008   7  10   14      4.3
   82     2008   7  10   17      4.3
   83     2008   7  10   20      4.2
   84     2008   7  10   23      4.2
   85     2008   7  11    2      4.2
   86     2008   7  11    5      4.2
   87     2008   7  11    8      4.2
   88     2008   7  11   11      4.2
   89     2008   7  11   14      4.2
   90     2008   7  11   17      4.2
   91     2008   7  11   20      4.2
   92     2008   7  11   23      4.2
   93     2008   7  12    2      4.2
   94     2008   7  12    5      4.2
   95     2008   7  12    8      4.2
   96     2008   7  12   11      4.2
   97     2008   7  12   14      4.2
   98     2008   7  12   17      4.3
   99     2008   7  12   20      4.3
  100     2008   7  12   23      4.3
  101     2008   7  13    2      4.3
  102     2008   7  13    5      4.3
  103     2008   7  13    8      4.4
  104     2008   7  13   11      4.4
  105     2008   7  13   14      4.5
  106     2008   7  13   17      4.5
  107     2008   7  13   20      4.6
  108     2008   7  13   23      4.7
  109     2008   7  14    2      4.7
  110     2008   7  14    5      4.8
  111     2008   7  14    8      4.8
  112     2008   7  14   11      4.9
  113     2008   7  14   14      4.9
  114     2008   7  14   17      5.0
  115     2008   7  14   20      5.1
  116     2008   7  14   23      5.1
  117     2008   7  15    2      5.2
  118     2008   7  15    5      5.2
  119     2008   7  15    8      5.2
  120     2008   7  15   11      5.2
  121     2008   7  15   14      5.2
  122     2008   7  15   17      5.2
  123     2008   7  15   20      5.2
  124     2008   7  15   23      5.2
  125     2008   7  16    2      5.2
  126     2008   7  16    5      5.2
  127     2008   7  16    8      5.2
  128     2008   7  16   11      5.2
  129     2008   7  16   14      5.2
  130     2008   7  16   17      5.2
  131     2008   7  16   20      5.2
  132     2008   7  16   23      5.2
  133     2008   7  17    2      5.2
  134     2008   7  17    5      5.2
  135     2008   7  17    8      5.2
  136     2008   7  17   11      5.2
  137     2008   7  17   14      5.2
  138     2008   7  17   17      5.2
  139     2008   7  17   20      5.2
  140     2008   7  17   23      5.2
  141     2008   7  18    2      5.2
  142     2008   7  18    5      5.2
  143     2008   7  18    8      5.2
  144     2008   7  18   11      5.2
