Modell.006
       1    2008       6      30      14          52.17
       2    2008       6      30      17          52.17
       3    2008       6      30      20          52.17
       4    2008       6      30      23          52.17
       5    2008       7       1       2          52.17
       6    2008       7       1       5          86.81
       7    2008       7       1       8         102.46
       8    2008       7       1      11         105.89
       9    2008       7       1      14         102.94
      10    2008       7       1      17         104.22
      11    2008       7       1      20         107.14
      12    2008       7       1      23         103.75
      13    2008       7       2       2          99.58
      14    2008       7       2       5          97.50
      15    2008       7       2       8          97.34
      16    2008       7       2      11          96.98
      17    2008       7       2      14          98.34
      18    2008       7       2      17         101.08
      19    2008       7       2      20         102.51
      20    2008       7       2      23         103.50
      21    2008       7       3       2         103.40
      22    2008       7       3       5         102.71
      23    2008       7       3       8         102.25
      24    2008       7       3      11         102.37
      25    2008       7       3      14         103.04
      26    2008       7       3      17         103.74
      27    2008       7       3      20         104.79
      28    2008       7       3      23         110.79
      29    2008       7       4       2         118.14
      30    2008       7       4       5         118.68
      31    2008       7       4       8         117.71
      32    2008       7       4      11         115.76
      33    2008       7       4      14         117.43
      34    2008       7       4      17         122.36
      35    2008       7       4      20         125.48
      36    2008       7       4      23         132.22
      37    2008       7       5       2         139.21
      38    2008       7       5       5         138.57
      39    2008       7       5       8         135.57
      40    2008       7       5      11         135.39
      41    2008       7       5      14         138.01
      42    2008       7       5      17         140.25
      43    2008       7       5      20         140.39
      44    2008       7       5      23         133.60
      45    2008       7       6       2         124.52
      46    2008       7       6       5         126.11
      47    2008       7       6       8         131.49
      48    2008       7       6      11         133.93
      49    2008       7       6      14         134.93
      50    2008       7       6      17         133.23
      51    2008       7       6      20         128.10
      52    2008       7       6      23         120.22
      53    2008       7       7       2         112.08
      54    2008       7       7       5         107.48
      55    2008       7       7       8         107.71
      56    2008       7       7      11         117.25
      57    2008       7       7      14         128.74
      58    2008       7       7      17         127.85
      59    2008       7       7      20         121.29
      60    2008       7       7      23         115.98
      61    2008       7       8       2         112.38
      62    2008       7       8       5         111.44
      63    2008       7       8       8         110.49
      64    2008       7       8      11         107.31
      65    2008       7       8      14         105.97
      66    2008       7       8      17         107.16
      67    2008       7       8      20         112.90
      68    2008       7       8      23         118.56
      69    2008       7       9       2         115.99
      70    2008       7       9       5         111.52
      71    2008       7       9       8         111.19
      72    2008       7       9      11         111.04
      73    2008       7       9      14         110.88
      74    2008       7       9      17         113.22
      75    2008       7       9      20         114.11
      76    2008       7       9      23         113.17
      77    2008       7      10       2         113.86
      78    2008       7      10       5         114.33
      79    2008       7      10       8         113.75
      80    2008       7      10      11         112.35
      81    2008       7      10      14         110.31
      82    2008       7      10      17         109.52
      83    2008       7      10      20         111.03
      84    2008       7      10      23         112.87
      85    2008       7      11       2         111.83
      86    2008       7      11       5         110.24
      87    2008       7      11       8         111.07
      88    2008       7      11      11         111.96
      89    2008       7      11      14         112.02
      90    2008       7      11      17         109.19
      91    2008       7      11      20         104.71
      92    2008       7      11      23         106.24
      93    2008       7      12       2         112.58
      94    2008       7      12       5         113.03
      95    2008       7      12       8         109.25
      96    2008       7      12      11         103.81
      97    2008       7      12      14         101.09
      98    2008       7      12      17         103.81
      99    2008       7      12      20         109.93
     100    2008       7      12      23         119.63
     101    2008       7      13       2         129.31
     102    2008       7      13       5         134.06
     103    2008       7      13       8         131.53
     104    2008       7      13      11         121.06
     105    2008       7      13      14         114.70
     106    2008       7      13      17         119.09
     107    2008       7      13      20         120.67
     108    2008       7      13      23         123.45
     109    2008       7      14       2         128.86
     110    2008       7      14       5         126.37
     111    2008       7      14       8         122.56
     112    2008       7      14      11         123.11
     113    2008       7      14      14         122.79
     114    2008       7      14      17         120.46
     115    2008       7      14      20         118.59
     116    2008       7      14      23         119.05
     117    2008       7      15       2         121.54
     118    2008       7      15       5         125.81
     119    2008       7      15       8         128.35
     120    2008       7      15      11         127.19
     121    2008       7      15      14         125.22
     122    2008       7      15      17         124.16
     123    2008       7      15      20         123.80
     124    2008       7      15      23         123.73
     125    2008       7      16       2         123.76
     126    2008       7      16       5         123.77
     127    2008       7      16       8         123.79
     128    2008       7      16      11         123.80
     129    2008       7      16      14         123.80
     130    2008       7      16      17         123.80
     131    2008       7      16      20         123.80
     132    2008       7      16      23         123.80
     133    2008       7      17       2         123.80
     134    2008       7      17       5         123.80
     135    2008       7      17       8         123.80
     136    2008       7      17      11         123.80
     137    2008       7      17      14         123.80
     138    2008       7      17      17         123.80
     139    2008       7      17      20         123.80
     140    2008       7      17      23         123.80
     141    2008       7      18       2         123.80
     142    2008       7      18       5         123.80
     143    2008       7      18       8         123.80
     144    2008       7      18      11         123.80
