Modell.012
       1    2008       6      30      14         130.15
       2    2008       6      30      17         130.15
       3    2008       6      30      20         130.15
       4    2008       6      30      23         130.15
       5    2008       7       1       2         125.87
       6    2008       7       1       5         128.62
       7    2008       7       1       8         127.41
       8    2008       7       1      11         126.70
       9    2008       7       1      14         126.89
      10    2008       7       1      17         126.89
      11    2008       7       1      20         126.85
      12    2008       7       1      23         126.47
      13    2008       7       2       2         126.24
      14    2008       7       2       5         126.24
      15    2008       7       2       8         125.45
      16    2008       7       2      11         126.01
      17    2008       7       2      14         126.24
      18    2008       7       2      17         126.21
      19    2008       7       2      20         125.86
      20    2008       7       2      23         125.83
      21    2008       7       3       2         124.21
      22    2008       7       3       5         123.93
      23    2008       7       3       8         125.15
      24    2008       7       3      11         126.20
      25    2008       7       3      14         126.82
      26    2008       7       3      17         126.98
      27    2008       7       3      20         125.76
      28    2008       7       3      23         123.72
      29    2008       7       4       2         121.38
      30    2008       7       4       5         121.54
      31    2008       7       4       8         121.34
      32    2008       7       4      11         121.44
      33    2008       7       4      14         120.11
      34    2008       7       4      17         119.25
      35    2008       7       4      20         119.97
      36    2008       7       4      23         121.03
      37    2008       7       5       2         120.76
      38    2008       7       5       5         122.12
      39    2008       7       5       8         127.16
      40    2008       7       5      11         130.33
      41    2008       7       5      14         134.39
      42    2008       7       5      17         137.73
      43    2008       7       5      20         141.18
      44    2008       7       5      23         146.06
      45    2008       7       6       2         150.45
      46    2008       7       6       5         153.01
      47    2008       7       6       8         153.66
      48    2008       7       6      11         151.70
      49    2008       7       6      14         152.72
      50    2008       7       6      17         153.42
      51    2008       7       6      20         156.50
      52    2008       7       6      23         159.31
      53    2008       7       7       2         160.06
      54    2008       7       7       5         158.18
      55    2008       7       7       8         152.80
      56    2008       7       7      11         147.44
      57    2008       7       7      14         142.07
      58    2008       7       7      17         139.25
      59    2008       7       7      20         140.97
      60    2008       7       7      23         145.51
      61    2008       7       8       2         151.49
      62    2008       7       8       5         155.41
      63    2008       7       8       8         155.58
      64    2008       7       8      11         153.96
      65    2008       7       8      14         147.55
      66    2008       7       8      17         142.24
      67    2008       7       8      20         137.26
      68    2008       7       8      23         134.16
      69    2008       7       9       2         133.41
      70    2008       7       9       5         133.97
      71    2008       7       9       8         135.91
      72    2008       7       9      11         138.11
      73    2008       7       9      14         137.70
      74    2008       7       9      17         137.54
      75    2008       7       9      20         135.08
      76    2008       7       9      23         133.72
      77    2008       7      10       2         132.34
      78    2008       7      10       5         130.13
      79    2008       7      10       8         129.41
      80    2008       7      10      11         128.29
      81    2008       7      10      14         127.41
      82    2008       7      10      17         126.70
      83    2008       7      10      20         126.89
      84    2008       7      10      23         127.74
      85    2008       7      11       2         127.35
      86    2008       7      11       5         128.39
      87    2008       7      11       8         132.22
      88    2008       7      11      11         134.53
      89    2008       7      11      14         135.84
      90    2008       7      11      17         134.93
      91    2008       7      11      20         131.34
      92    2008       7      11      23         131.24
      93    2008       7      12       2         128.02
      94    2008       7      12       5         127.81
      95    2008       7      12       8         127.02
      96    2008       7      12      11         125.24
      97    2008       7      12      14         124.75
      98    2008       7      12      17         124.52
      99    2008       7      12      20         124.13
     100    2008       7      12      23         125.11
     101    2008       7      13       2         125.27
     102    2008       7      13       5         127.71
     103    2008       7      13       8         129.55
     104    2008       7      13      11         131.32
     105    2008       7      13      14         131.74
     106    2008       7      13      17         132.05
     107    2008       7      13      20         133.35
     108    2008       7      13      23         133.40
     109    2008       7      14       2         134.57
     110    2008       7      14       5         134.83
     111    2008       7      14       8         135.52
     112    2008       7      14      11         136.32
     113    2008       7      14      14         138.49
     114    2008       7      14      17         143.46
     115    2008       7      14      20         147.24
     116    2008       7      14      23         151.38
     117    2008       7      15       2         153.37
     118    2008       7      15       5         155.02
     119    2008       7      15       8         155.35
     120    2008       7      15      11         157.74
     121    2008       7      15      14         158.12
     122    2008       7      15      17         157.57
     123    2008       7      15      20         155.09
     124    2008       7      15      23         151.67
     125    2008       7      16       2         148.11
     126    2008       7      16       5         144.99
     127    2008       7      16       8         142.38
     128    2008       7      16      11         140.23
     129    2008       7      16      14         138.45
     130    2008       7      16      17         137.03
     131    2008       7      16      20         135.93
     132    2008       7      16      23         135.10
     133    2008       7      17       2         134.50
     134    2008       7      17       5         134.05
     135    2008       7      17       8         133.73
     136    2008       7      17      11         133.49
     137    2008       7      17      14         133.30
     138    2008       7      17      17         133.14
     139    2008       7      17      20         133.00
     140    2008       7      17      23         132.88
     141    2008       7      18       2         132.77
     142    2008       7      18       5         132.67
     143    2008       7      18       8         132.57
     144    2008       7      18      11         132.48
