Modell.015
       1    2008       6      30      14         171.10
       2    2008       6      30      17         171.10
       3    2008       6      30      20         171.10
       4    2008       6      30      23         171.10
       5    2008       7       1       2         171.10
       6    2008       7       1       5         169.02
       7    2008       7       1       8         164.54
       8    2008       7       1      11         162.45
       9    2008       7       1      14         163.03
      10    2008       7       1      17         157.92
      11    2008       7       1      20         157.26
      12    2008       7       1      23         157.56
      13    2008       7       2       2         154.36
      14    2008       7       2       5         153.39
      15    2008       7       2       8         152.04
      16    2008       7       2      11         149.15
      17    2008       7       2      14         148.30
      18    2008       7       2      17         147.14
      19    2008       7       2      20         147.45
      20    2008       7       2      23         145.75
      21    2008       7       3       2         146.18
      22    2008       7       3       5         144.62
      23    2008       7       3       8         145.02
      24    2008       7       3      11         145.02
      25    2008       7       3      14         143.35
      26    2008       7       3      17         143.78
      27    2008       7       3      20         143.76
      28    2008       7       3      23         145.35
      29    2008       7       4       2         144.92
      30    2008       7       4       5         145.03
      31    2008       7       4       8         145.15
      32    2008       7       4      11         146.73
      33    2008       7       4      14         146.31
      34    2008       7       4      17         146.22
      35    2008       7       4      20         144.63
      36    2008       7       4      23         145.03
      37    2008       7       5       2         145.01
      38    2008       7       5       5         144.92
      39    2008       7       5       8         143.21
      40    2008       7       5      11         143.62
      41    2008       7       5      14         141.98
      42    2008       7       5      17         142.34
      43    2008       7       5      20         142.25
      44    2008       7       5      23         140.70
      45    2008       7       6       2         141.26
      46    2008       7       6       5         139.88
      47    2008       7       6       8         140.70
      48    2008       7       6      11         141.06
      49    2008       7       6      14         143.13
      50    2008       7       6      17         144.63
      51    2008       7       6      20         147.96
      52    2008       7       6      23         150.72
      53    2008       7       7       2         154.96
      54    2008       7       7       5         157.12
      55    2008       7       7       8         161.27
      56    2008       7       7      11         163.37
      57    2008       7       7      14         166.05
      58    2008       7       7      17         167.01
      59    2008       7       7      20         168.26
      60    2008       7       7      23         169.51
      61    2008       7       8       2         170.47
      62    2008       7       8       5         172.96
      63    2008       7       8       8         171.64
      64    2008       7       8      11         171.25
      65    2008       7       8      14         169.42
      66    2008       7       8      17         168.32
      67    2008       7       8      20         165.79
      68    2008       7       8      23         165.46
      69    2008       7       9       2         164.26
      70    2008       7       9       5         164.64
      71    2008       7       9       8         166.04
      72    2008       7       9      11         165.19
      73    2008       7       9      14         166.30
      74    2008       7       9      17         163.96
      75    2008       7       9      20         162.48
      76    2008       7       9      23         161.14
      77    2008       7      10       2         158.43
      78    2008       7      10       5         154.47
      79    2008       7      10       8         155.76
      80    2008       7      10      11         152.47
      81    2008       7      10      14         153.11
      82    2008       7      10      17         154.61
      83    2008       7      10      20         150.93
      84    2008       7      10      23         153.28
      85    2008       7      11       2         152.83
      86    2008       7      11       5         150.99
      87    2008       7      11       8         151.34
      88    2008       7      11      11         149.66
      89    2008       7      11      14         148.27
      90    2008       7      11      17         148.67
      91    2008       7      11      20         147.12
      92    2008       7      11      23         145.86
      93    2008       7      12       2         146.44
      94    2008       7      12       5         145.15
      95    2008       7      12       8         145.81
      96    2008       7      12      11         147.52
      97    2008       7      12      14         147.12
      98    2008       7      12      17         148.67
      99    2008       7      12      20         149.63
     100    2008       7      12      23         148.99
     101    2008       7      13       2         150.50
     102    2008       7      13       5         148.25
     103    2008       7      13       8         146.98
     104    2008       7      13      11         147.24
     105    2008       7      13      14         145.45
     106    2008       7      13      17         144.30
     107    2008       7      13      20         144.73
     108    2008       7      13      23         143.18
     109    2008       7      14       2         142.23
     110    2008       7      14       5         142.88
     111    2008       7      14       8         143.05
     112    2008       7      14      11         143.21
     113    2008       7      14      14         143.33
     114    2008       7      14      17         144.92
     115    2008       7      14      20         146.23
     116    2008       7      14      23         147.45
     117    2008       7      15       2         147.09
     118    2008       7      15       5         148.80
     119    2008       7      15       8         148.53
     120    2008       7      15      11         150.38
     121    2008       7      15      14         150.04
     122    2008       7      15      17         152.04
     123    2008       7      15      20         154.41
     124    2008       7      15      23         156.72
     125    2008       7      16       2         158.68
     126    2008       7      16       5         160.12
     127    2008       7      16       8         160.95
     128    2008       7      16      11         161.19
     129    2008       7      16      14         160.86
     130    2008       7      16      17         160.04
     131    2008       7      16      20         158.84
     132    2008       7      16      23         157.38
     133    2008       7      17       2         155.75
     134    2008       7      17       5         154.05
     135    2008       7      17       8         152.36
     136    2008       7      17      11         150.73
     137    2008       7      17      14         149.19
     138    2008       7      17      17         147.78
     139    2008       7      17      20         146.51
     140    2008       7      17      23         145.37
     141    2008       7      18       2         144.37
     142    2008       7      18       5         143.50
     143    2008       7      18       8         142.74
     144    2008       7      18      11         142.08
