Modell.003
       1    2008       6      30      14          48.40
       2    2008       6      30      17          48.40
       3    2008       6      30      20          48.40
       4    2008       6      30      23          48.40
       5    2008       7       1       2          48.40
       6    2008       7       1       5          78.97
       7    2008       7       1       8          91.33
       8    2008       7       1      11          92.38
       9    2008       7       1      14          87.83
      10    2008       7       1      17          88.07
      11    2008       7       1      20          90.37
      12    2008       7       1      23          86.59
      13    2008       7       2       2          82.15
      14    2008       7       2       5          79.91
      15    2008       7       2       8          79.66
      16    2008       7       2      11          79.24
      17    2008       7       2      14          80.58
      18    2008       7       2      17          83.30
      19    2008       7       2      20          84.72
      20    2008       7       2      23          85.75
      21    2008       7       3       2          85.84
      22    2008       7       3       5          85.55
      23    2008       7       3       8          85.65
      24    2008       7       3      11          86.34
      25    2008       7       3      14          87.48
      26    2008       7       3      17          88.56
      27    2008       7       3      20          89.93
      28    2008       7       3      23          96.22
      29    2008       7       4       2         103.77
      30    2008       7       4       5         104.47
      31    2008       7       4       8         103.55
      32    2008       7       4      11         101.42
      33    2008       7       4      14         102.81
      34    2008       7       4      17         107.54
      35    2008       7       4      20         110.53
      36    2008       7       4      23         117.19
      37    2008       7       5       2         124.20
      38    2008       7       5       5         123.67
      39    2008       7       5       8         120.83
      40    2008       7       5      11         120.83
      41    2008       7       5      14         123.68
      42    2008       7       5      17         126.07
      43    2008       7       5      20         126.20
      44    2008       7       5      23         119.38
      45    2008       7       6       2         110.35
      46    2008       7       6       5         112.04
      47    2008       7       6       8         117.54
      48    2008       7       6      11         120.06
      49    2008       7       6      14         121.08
      50    2008       7       6      17         119.38
      51    2008       7       6      20         114.24
      52    2008       7       6      23         106.41
      53    2008       7       7       2          98.45
      54    2008       7       7       5          94.03
      55    2008       7       7       8          94.30
      56    2008       7       7      11         103.76
      57    2008       7       7      14         115.14
      58    2008       7       7      17         114.19
      59    2008       7       7      20         107.61
      60    2008       7       7      23         102.32
      61    2008       7       8       2          98.73
      62    2008       7       8       5          97.81
      63    2008       7       8       8          96.88
      64    2008       7       8      11          93.87
      65    2008       7       8      14          92.91
      66    2008       7       8      17          94.61
      67    2008       7       8      20         100.89
      68    2008       7       8      23         107.05
      69    2008       7       9       2         104.90
      70    2008       7       9       5         100.74
      71    2008       7       9       8         100.58
      72    2008       7       9      11         100.33
      73    2008       7       9      14          99.71
      74    2008       7       9      17         101.40
      75    2008       7       9      20         101.60
      76    2008       7       9      23         100.16
      77    2008       7      10       2         100.58
      78    2008       7      10       5         100.88
      79    2008       7      10       8         100.16
      80    2008       7      10      11          98.66
      81    2008       7      10      14          96.53
      82    2008       7      10      17          95.59
      83    2008       7      10      20          96.96
      84    2008       7      10      23          98.77
      85    2008       7      11       2          97.77
      86    2008       7      11       5          96.22
      87    2008       7      11       8          97.12
      88    2008       7      11      11          98.07
      89    2008       7      11      14          98.15
      90    2008       7      11      17          95.32
      91    2008       7      11      20          90.83
      92    2008       7      11      23          92.39
      93    2008       7      12       2          98.78
      94    2008       7      12       5          99.22
      95    2008       7      12       8          95.34
      96    2008       7      12      11          89.80
      97    2008       7      12      14          87.02
      98    2008       7      12      17          89.75
      99    2008       7      12      20          95.92
     100    2008       7      12      23         105.74
     101    2008       7      13       2         115.56
     102    2008       7      13       5         120.40
     103    2008       7      13       8         117.91
     104    2008       7      13      11         107.45
     105    2008       7      13      14         101.07
     106    2008       7      13      17         105.42
     107    2008       7      13      20         106.87
     108    2008       7      13      23         109.42
     109    2008       7      14       2         114.67
     110    2008       7      14       5         112.07
     111    2008       7      14       8         108.17
     112    2008       7      14      11         108.68
     113    2008       7      14      14         108.37
     114    2008       7      14      17         106.07
     115    2008       7      14      20         104.27
     116    2008       7      14      23         104.83
     117    2008       7      15       2         107.45
     118    2008       7      15       5         111.85
     119    2008       7      15       8         114.48
     120    2008       7      15      11         113.34
     121    2008       7      15      14         111.37
     122    2008       7      15      17         110.30
     123    2008       7      15      20         109.93
     124    2008       7      15      23         109.85
     125    2008       7      16       2         109.87
     126    2008       7      16       5         109.88
     127    2008       7      16       8         109.89
     128    2008       7      16      11         109.90
     129    2008       7      16      14         109.90
     130    2008       7      16      17         109.90
     131    2008       7      16      20         109.90
     132    2008       7      16      23         109.90
     133    2008       7      17       2         109.90
     134    2008       7      17       5         109.90
     135    2008       7      17       8         109.90
     136    2008       7      17      11         109.90
     137    2008       7      17      14         109.90
     138    2008       7      17      17         109.90
     139    2008       7      17      20         109.90
     140    2008       7      17      23         109.90
     141    2008       7      18       2         109.90
     142    2008       7      18       5         109.90
     143    2008       7      18       8         109.90
     144    2008       7      18      11         109.90
