Modell.008
       1    2008       6      30      14         114.82
       2    2008       6      30      17         114.82
       3    2008       6      30      20         114.82
       4    2008       6      30      23         114.95
       5    2008       7       1       2         115.69
       6    2008       7       1       5         115.23
       7    2008       7       1       8         114.40
       8    2008       7       1      11         113.24
       9    2008       7       1      14         114.09
      10    2008       7       1      17         116.09
      11    2008       7       1      20         114.32
      12    2008       7       1      23         115.36
      13    2008       7       2       2         110.81
      14    2008       7       2       5         109.77
      15    2008       7       2       8         109.19
      16    2008       7       2      11         117.84
      17    2008       7       2      14         110.68
      18    2008       7       2      17         116.69
      19    2008       7       2      20         118.23
      20    2008       7       2      23         112.10
      21    2008       7       3       2         104.11
      22    2008       7       3       5         100.09
      23    2008       7       3       8         100.49
      24    2008       7       3      11          98.09
      25    2008       7       3      14          92.03
      26    2008       7       3      17          91.39
      27    2008       7       3      20          89.01
      28    2008       7       3      23          86.52
      29    2008       7       4       2          88.15
      30    2008       7       4       5          88.00
      31    2008       7       4       8          88.25
      32    2008       7       4      11         112.00
      33    2008       7       4      14         109.47
      34    2008       7       4      17         121.92
      35    2008       7       4      20         124.86
      36    2008       7       4      23         122.74
      37    2008       7       5       2         138.88
      38    2008       7       5       5         148.37
      39    2008       7       5       8         137.93
      40    2008       7       5      11         145.44
      41    2008       7       5      14         136.93
      42    2008       7       5      17         147.92
      43    2008       7       5      20         142.25
      44    2008       7       5      23         144.10
      45    2008       7       6       2         154.01
      46    2008       7       6       5         153.06
      47    2008       7       6       8         139.30
      48    2008       7       6      11         133.62
      49    2008       7       6      14         128.10
      50    2008       7       6      17         119.61
      51    2008       7       6      20         119.21
      52    2008       7       6      23         130.85
      53    2008       7       7       2         138.20
      54    2008       7       7       5         145.95
      55    2008       7       7       8         150.47
      56    2008       7       7      11         145.50
      57    2008       7       7      14         144.38
      58    2008       7       7      17         134.55
      59    2008       7       7      20         123.76
      60    2008       7       7      23         117.57
      61    2008       7       8       2         114.41
      62    2008       7       8       5         121.00
      63    2008       7       8       8         121.28
      64    2008       7       8      11         124.71
      65    2008       7       8      14         128.89
      66    2008       7       8      17         124.55
      67    2008       7       8      20         122.65
      68    2008       7       8      23         120.35
      69    2008       7       9       2         118.07
      70    2008       7       9       5         115.53
      71    2008       7       9       8         115.21
      72    2008       7       9      11         114.54
      73    2008       7       9      14         114.33
      74    2008       7       9      17         116.80
      75    2008       7       9      20         113.68
      76    2008       7       9      23         113.61
      77    2008       7      10       2         113.96
      78    2008       7      10       5         110.74
      79    2008       7      10       8         124.06
      80    2008       7      10      11         128.76
      81    2008       7      10      14         116.07
      82    2008       7      10      17         121.72
      83    2008       7      10      20         123.44
      84    2008       7      10      23         114.07
      85    2008       7      11       2         108.01
      86    2008       7      11       5         106.34
      87    2008       7      11       8         105.58
      88    2008       7      11      11         105.71
      89    2008       7      11      14         108.55
      90    2008       7      11      17         106.39
      91    2008       7      11      20         108.68
      92    2008       7      11      23         110.03
      93    2008       7      12       2         110.68
      94    2008       7      12       5         111.79
      95    2008       7      12       8         117.72
      96    2008       7      12      11         120.00
      97    2008       7      12      14         118.03
      98    2008       7      12      17         119.45
      99    2008       7      12      20         118.72
     100    2008       7      12      23         118.08
     101    2008       7      13       2         117.81
     102    2008       7      13       5         117.86
     103    2008       7      13       8         117.86
     104    2008       7      13      11         117.84
     105    2008       7      13      14         117.46
     106    2008       7      13      17         119.20
     107    2008       7      13      20         139.43
     108    2008       7      13      23         130.73
     109    2008       7      14       2         136.22
     110    2008       7      14       5         142.71
     111    2008       7      14       8         140.29
     112    2008       7      14      11         143.97
     113    2008       7      14      14         145.91
     114    2008       7      14      17         144.94
     115    2008       7      14      20         146.30
     116    2008       7      14      23         140.26
     117    2008       7      15       2         136.16
     118    2008       7      15       5         135.58
     119    2008       7      15       8         132.20
     120    2008       7      15      11         132.61
     121    2008       7      15      14         136.22
     122    2008       7      15      17         135.88
     123    2008       7      15      20         134.84
     124    2008       7      15      23         133.57
     125    2008       7      16       2         132.52
     126    2008       7      16       5         131.78
     127    2008       7      16       8         131.29
     128    2008       7      16      11         130.96
     129    2008       7      16      14         130.72
     130    2008       7      16      17         130.54
     131    2008       7      16      20         130.38
     132    2008       7      16      23         130.24
     133    2008       7      17       2         130.11
     134    2008       7      17       5         129.99
     135    2008       7      17       8         129.87
     136    2008       7      17      11         129.77
     137    2008       7      17      14         129.67
     138    2008       7      17      17         129.57
     139    2008       7      17      20         129.48
     140    2008       7      17      23         129.40
     141    2008       7      18       2         129.32
     142    2008       7      18       5         129.24
     143    2008       7      18       8         129.17
     144    2008       7      18      11         129.10
