     Ergebnis der Wasserspiegellagenberechnung fuer Abfluss_2                                                                                                                                                                                             
 
     11/17/08 15:24:28.19 Uhr    KALYPSO-1D, VERSION 2.1.2.1 
 

                                                                  Blatt    1

   Stat-km   Wsp-m+NN   hen-m+NN IND  Lambda  formb    Fl-qm   Umfg-m  v-m/s  Q-cbm/s

                                                                                Q-ges    hv-m    hr-m   h-bor   h-ein   h-ort      h-m


 Als Ausgangswasserspiegel wird Grenztiefe angesetzt!

 Stroemung schiessend. Weiter mit Grenztiefe                                  300.000   0.000   0.897   0.000   0.000   0.000   0.8967

   41.7200    364.591    365.487   2  0.0702  0.596   71.565   40.610  4.191  299.937
                                   3  0.1546  0.724    0.085    0.778  0.777    0.063

                                                                              300.000   0.113   0.161   0.000   0.000   0.000   0.2736

   41.7400    364.865    365.648   2  0.0710  0.607   76.531   38.952  3.918  299.834
                                   3  0.0000  0.720    0.142    1.015  0.740    0.093

          Kein Einfluss vom Unterwasser!

          Annahme stationaer-gleichfoermiger Abfluss

         Berechnung der Spiegellinie mit Energieliniengefaelle  
         i =   -0.00100

   n p                                                                        300.000   0.000   0.000   0.000   0.000   0.000   0.0000

   41.7450    366.471    366.659   1  0.2085  0.545   33.267   49.812  0.501   16.677
                                   2  0.0616  0.650  136.878   41.290  1.996  273.232
                                   3  0.1107  0.553   16.252   29.863  0.621   10.091

                                                                              300.000  -0.031   0.058   0.001   0.000   0.000   0.0276

   41.8000    366.499    366.718   1  0.1900  0.568   28.914   32.685  0.633   18.303
                                   2  0.0580  0.660  127.614   38.071  2.149  274.299
                                   3  0.1131  0.592   10.638   16.033  0.713    7.582

                                                                              300.000   0.088   0.084   0.000   0.000   0.000   0.1715

   41.9000    366.670    366.802   1  0.1517  0.554   32.638   41.894  0.482   15.725
                                   2  0.0598  0.688  158.542   38.540  1.676  265.688
                                   3  0.1016  0.581   28.116   28.710  0.660   18.559

                                                                              300.000   0.021   0.046   0.000   0.000   0.000   0.0669

   42.0000    366.737    366.847   1  0.1333  0.554   30.518   40.824  0.392   11.953
                                   2  0.0514  0.716  185.362   37.774  1.509  279.654
                                   3  0.1372  0.564   22.103   29.948  0.380    8.393

                                                                              300.000   0.053   0.009   0.000   0.000   0.000   0.0620

   42.0350    366.799    366.856   1  0.0749  0.543   59.980   69.451  0.368   22.084
                                   2  0.0480  0.704  248.277   45.201  1.090  270.590
                                   3  0.1352  0.580   25.362   27.191  0.285    7.222

                                                                              300.000  -0.029   0.015   0.003   0.000   0.000  -0.0104

   42.1000    366.789    366.874   1  0.1591  0.533   77.378  104.089  0.344   27.576
                                   2  0.0548  0.692  184.346   40.486  1.374  253.251
                                   3  0.0960  0.566   39.572   39.924  0.512   20.255

                                                                  Blatt    2

   Stat-km   Wsp-m+NN   hen-m+NN IND  Lambda  formb    Fl-qm   Umfg-m  v-m/s  Q-cbm/s

                                                                                Q-ges    hv-m    hr-m   h-bor   h-ein   h-ort      h-m


                                                                              300.000   0.017   0.028   0.000   0.000   0.000   0.0446

   42.2000    366.834    366.902   1  0.2067  0.531   94.002  130.124  0.255   24.503
                                   2  0.0548  0.674  228.749   48.909  1.201  274.672
                                   3  0.1336  0.672    4.593    6.820  0.305    1.401

                                                                              300.000   0.025   0.018   0.000   0.000   0.000   0.0434

   42.3000    366.877    366.920   1  0.2084  0.531  105.310  131.446  0.193   20.327
                                   2  0.0500  0.689  259.769   49.150  0.974  252.977
                                   3  0.0655  0.616   52.818   30.353  0.506   26.745

                                                                              300.000  -0.031   0.024   0.004   0.000   0.000  -0.0030

   42.4000    366.874    366.948   1  0.3276  0.530   60.459  104.253  0.224   13.570
                                   2  0.0596  0.658  178.478   45.416  1.312  234.231
                                   3  0.0903  0.547   87.411   77.103  0.596   52.082

                                                                              300.000   0.058   0.024   0.000   0.000   0.000   0.0823

   42.5000    366.956    366.972   1  0.1228  0.528  398.734  314.976  0.312  124.487
                                   2  0.0608  0.694  150.584   36.583  0.768  115.615
                                   3  0.1253  0.537  189.893  143.313  0.316   59.989

                                                                              300.000   0.001   0.014   0.000   0.000   0.000   0.0149

   42.6000    366.971    366.986   1  0.1155  0.532  239.396  195.811  0.360   86.105
                                   2  0.0727  0.654  146.639   42.795  0.723  106.015
                                   3  0.1046  0.532  276.572  209.190  0.393  108.664

                                                                              300.000  -0.011   0.021   0.001   0.000   0.000   0.0115

   42.7000    366.983    367.008   1  0.2523  0.546  141.980  101.785  0.339   48.486
                                   2  0.0595  0.669  108.198   33.877  0.968  104.693
                                   3  0.1135  0.528  320.941  273.811  0.462  148.303

                                                                              300.000   0.001   0.022   0.000   0.000   0.000   0.0233

   42.8000    367.006    367.030   1  0.0508  0.553  113.757   80.806  0.617   70.174
                                   2  0.0668  0.645  146.104   43.805  0.773  112.947
                                   3  0.1164  0.527  321.431  286.537  0.364  116.969

                                                                              300.000  -0.004   0.015   0.000   0.000   0.000   0.0116

   42.8950    367.018    367.049   1  0.1659  0.545   98.414   85.326  0.285   28.058
                                   2  0.0549  0.696  191.167   40.090  0.948  181.133
                                   3  0.1209  0.527  286.275  277.806  0.316   90.362

                                                                              300.000   0.004   0.001   0.000   0.000   0.000   0.0045

   42.9000    367.022    367.050   1  0.1704  0.545  104.273   87.753  0.252   26.293
                                   2  0.0532  0.682  225.167   45.990  0.869  195.722
                                   3  0.1215  0.527  280.119  275.159  0.276   77.411

                                                                  Blatt    3

   Stat-km   Wsp-m+NN   hen-m+NN IND  Lambda  formb    Fl-qm   Umfg-m  v-m/s  Q-cbm/s

                                                                                Q-ges    hv-m    hr-m   h-bor   h-ein   h-ort      h-m


                                                                              300.000   0.006   0.011   0.000   0.000   0.000   0.0171

   43.0000    367.039    367.061   1  0.1116  0.527  288.895  271.498  0.280   80.778
                                   2  0.0527  0.700  195.711   40.722  0.824  161.303
                                   3  0.1190  0.529  217.693  211.968  0.266   57.911

                                                                              300.000  -0.003   0.010   0.000   0.000   0.000   0.0080

   43.1000    367.047    367.072   1  0.1130  0.536  166.621  138.947  0.295   49.188
                                   2  0.0553  0.667  248.000   51.715  0.803  199.038
                                   3  0.1157  0.535  178.292  150.107  0.290   51.774

                                                                              300.000   0.001   0.010   0.000   0.000   0.000   0.0116

   43.2000    367.059    367.082   1  0.1062  0.526  254.035  282.496  0.254   64.425
                                   2  0.0550  0.659  260.359   55.902  0.784  204.165
                                   3  0.1217  0.543  115.471   97.381  0.272   31.417

                                                                              300.000  -0.019   0.013   0.003   0.000   0.000  -0.0029

   43.3000    367.056    367.098   1  0.0562  0.524  101.280  228.311  0.326   33.045
                                   2  0.0567  0.685  214.763   45.553  1.023  219.732
                                   3  0.1147  0.545  121.482   94.199  0.390   47.319

                                                                              300.000  -0.007   0.020   0.000   0.000   0.000   0.0129

   43.4000    367.069    367.125   1  0.1547  0.570   60.954   47.635  0.386   25.371
                                   2  0.0591  0.694  209.918   43.114  1.144  240.177
                                   3  0.4391  0.541  155.353  116.212  0.234   36.404

                                                                              300.000   0.021   0.018   0.000   0.000   0.000   0.0392

   43.5000    367.108    367.144   1  0.1370  0.585   58.049   39.525  0.343   20.326
                                   2  0.0554  0.703  215.515   42.219  0.955  205.876
                                   3  0.1173  0.540  200.028  135.801  0.371   74.224

                                                                              300.000   0.029   0.009   0.000   0.000   0.000   0.0378

   43.6000    367.146    367.153   1  0.1206  0.529  587.922  351.117  0.219  129.017
                                   2  0.0605  0.676  235.447   49.974  0.496  116.747
                                   3  0.1054  0.538  242.118  157.908  0.224   54.327

                                                                              300.000  -0.021   0.008   0.007   0.000   0.000  -0.0065

   43.7000    367.139    367.168   1  0.0953  0.569   69.057   50.274  0.355   24.530
                                   2  0.0530  0.744  197.371   35.099  0.887  175.051
                                   3  0.1198  0.535  300.637  195.403  0.335  100.801

                                                                              300.000   0.004   0.010   0.000   0.000   0.000   0.0139

   43.8000    367.153    367.178   1  0.0954  0.570  139.935   70.874  0.388   54.349
                                   2  0.0495  0.685  232.940   47.417  0.814  189.530
                                   3  0.1294  0.539  198.756  140.270  0.282   56.433

                                                                  Blatt    4

   Stat-km   Wsp-m+NN   hen-m+NN IND  Lambda  formb    Fl-qm   Umfg-m  v-m/s  Q-cbm/s

                                                                                Q-ges    hv-m    hr-m   h-bor   h-ein   h-ort      h-m


                                                                              300.000   0.003   0.010   0.000   0.000   0.000   0.0137

   43.9000    367.167    367.188   1  0.1136  0.545  266.029  139.067  0.385  102.323
                                   2  0.0575  0.673  198.451   46.198  0.773  153.393
                                   3  0.1240  0.575  118.354   61.751  0.368   43.877

                                                                              300.000  -0.004   0.010   0.000   0.000   0.000   0.0061

   43.9820    367.173    367.198   1  0.1036  0.537  285.392  178.687  0.393  112.267
                                   2  0.0597  0.692  197.376   41.987  0.832  164.246
                                   3  0.1375  0.618   63.438   33.793  0.370   23.487

                                                                              300.000  -0.008   0.003   0.000   0.000   0.000  -0.0053

   44.0000    367.168    367.209   1  0.9185  0.541  413.760  189.605  0.169   70.127
                                   2  0.0533  0.720  206.408   38.676  1.020  210.521
                                   3  0.1698  0.625   54.560   30.039  0.358   19.560

                                                                              300.000   0.019   0.011   0.000   0.000   0.000   0.0299

   44.1000    367.198    367.220   1  0.1847  0.537  317.143  188.485  0.222   70.729
                                   2  0.0498  0.693  280.254   49.581  0.747  209.294
                                   3  0.0876  0.602   61.883   36.306  0.325   20.115

                                                                              300.000  -0.007   0.010   0.000   0.000   0.000   0.0033

   44.2000    367.201    367.230   1  0.1046  0.536  251.438  169.429  0.368   92.452
                                   2  0.0539  0.717  194.984   38.370  0.900  175.452
                                   3  0.0878  0.564   81.866   57.803  0.392   32.090

                                                                              300.000  -0.004   0.013   0.000   0.000   0.000   0.0089

   44.3000    367.210    367.243   1  0.1107  0.545  168.744  112.664  0.374   63.673
                                   2  0.0531  0.706  199.589   40.241  0.937  187.110
                                   3  0.0896  0.557  117.513   76.001  0.423   49.698

                                                                              300.000   0.006   0.009   0.000   0.000   0.000   0.0157

   44.3900    367.226    367.252   1  0.0825  0.625   42.362   25.927  0.347   14.719
                                   2  0.0514  0.633  363.506   73.361  0.744  270.411
                                   3  0.0825  0.540   59.508   74.142  0.243   14.488

                                                                              300.000  -0.010   0.001   0.001   0.000   0.000  -0.0079

   44.4000    367.218    367.254   1  0.0680  0.664   50.254   23.602  0.538   27.050
                                   2  0.0540  0.650  293.943   61.086  0.875  257.238
                                   3  0.0780  0.702   31.887   15.633  0.492   15.683

                                                                              300.000   0.001   0.001   0.000   0.000   0.000   0.0015

   44.4050    367.219    367.254   1  0.0688  0.663   55.984   25.033  0.562   31.462
                                   2  0.0562  0.652  281.688   58.821  0.874  246.132
                                   3  0.0832  0.590   53.606   36.269  0.415   22.267

                                                                  Blatt    5

   Stat-km   Wsp-m+NN   hen-m+NN IND  Lambda  formb    Fl-qm   Umfg-m  v-m/s  Q-cbm/s

                                                                                Q-ges    hv-m    hr-m   h-bor   h-ein   h-ort      h-m


                                                                              300.000   0.000   0.003   0.000   0.000   0.000   0.0021

   44.4250    367.222    367.257   1  0.1067  0.602   90.161   43.493  0.442   39.885
                                   2  0.0553  0.652  270.551   57.103  0.890  240.808
                                   3  0.0732  0.628   40.711   24.834  0.475   19.338

                                                                              300.000   0.017   0.008   0.000   0.000   0.000   0.0245

   44.5000    367.246    367.265   1  0.0743  0.560  110.676   70.733  0.369   40.800
                                   2  0.0539  0.664  229.275   50.243  0.709  162.620
                                   3  0.0705  0.547  233.064  126.151  0.411   95.870

                                                                              300.000  -0.009   0.010   0.001   0.000   0.000   0.0020

   44.6000    367.248    367.276   1  0.0611  0.544  113.372   94.190  0.420   47.561
                                   2  0.0610  0.644  296.552   63.963  0.789  234.098
                                   3  0.0714  0.657   38.443   21.124  0.477   18.328

                                                                              300.000  -0.004   0.011   0.000   0.000   0.000   0.0069

   44.7000    367.255    367.291   1  0.0828  0.541  139.255  111.520  0.349   48.603
                                   2  0.0521  0.721  259.742   43.349  0.903  234.464
                                   3  0.0747  0.665   38.157   20.308  0.450   17.179

                                                                              300.000   0.006   0.009   0.000   0.000   0.000   0.0158

   44.8000    367.271    367.300   1  0.0668  0.540  135.012  112.369  0.348   47.048
                                   2  0.0532  0.689  298.478   52.732  0.813  242.519
                                   3  0.0693  0.687   25.100   15.047  0.403   10.113

                                                                              300.000   0.004   0.008   0.000   0.000   0.000   0.0120

   44.9000    367.283    367.309   1  0.0976  0.545  180.768  114.892  0.318   57.478
                                   2  0.0549  0.685  301.570   53.124  0.763  230.039
                                   3  0.0646  0.687   29.162   16.310  0.417   12.155

                                                                              300.000   0.002   0.008   0.000   0.000   0.000   0.0105

   45.0000    367.293    367.317   1  0.0694  0.556  189.376   98.667  0.430   81.380
                                   2  0.0554  0.724  227.788   40.273  0.768  174.876
                                   3  0.0661  0.613   91.056   40.683  0.476   43.309

                                                                              300.000   0.003   0.008   0.000   0.000   0.000   0.0106

   45.1000    367.304    367.325   1  0.0709  0.582  137.036   62.827  0.424   58.092
                                   2  0.0561  0.681  272.946   51.027  0.708  193.197
                                   3  0.0661  0.605  106.845   46.291  0.451   48.238

                                                                              300.000   0.002   0.007   0.000   0.000   0.000   0.0090

   45.2000    367.313    367.332   1  0.0688  0.580  161.498   69.174  0.390   62.974
                                   2  0.0544  0.686  324.204   54.950  0.654  211.977
                                   3  0.0666  0.647   64.312   28.541  0.390   25.053

                                                                  Blatt    6

   Stat-km   Wsp-m+NN   hen-m+NN IND  Lambda  formb    Fl-qm   Umfg-m  v-m/s  Q-cbm/s

                                                                                Q-ges    hv-m    hr-m   h-bor   h-ein   h-ort      h-m


                                                                              300.000   0.001   0.005   0.000   0.000   0.000   0.0065

   45.3000    367.320    367.337   1  0.0717  0.562  229.236   99.652  0.341   78.198
                                   2  0.0502  0.699  338.871   54.099  0.636  215.631
                                   3  0.0680  0.711   19.290   12.150  0.291    5.615

                                                                              300.000   0.005   0.004   0.000   0.000   0.000   0.0085

   45.4000    367.328    367.341   1  0.0879  0.564  177.581   85.421  0.232   41.160
                                   2  0.0475  0.690  419.030   62.558  0.534  223.827
                                   3  0.0565  0.656  100.955   34.499  0.343   34.627

                                                                              300.000   0.005   0.002   0.000   0.000   0.000   0.0069

   45.5000    367.335    367.343   1  0.0731  0.585  113.287   55.285  0.171   19.413
                                   2  0.0426  0.699  554.494   70.327  0.423  234.473
                                   3  0.0682  0.571  231.730   89.947  0.199   46.110

                                                                              300.000  -0.003   0.002   0.000   0.000   0.000  -0.0012

   45.6000    367.334    367.345   1  0.0582  0.671   42.736   21.094  0.241   10.280
                                   2  0.0433  0.718  427.384   56.839  0.508  216.979
                                   3  0.0649  0.574  268.257   94.160  0.270   72.453

                                                                              300.000   0.002   0.002   0.000   0.000   0.000   0.0038

   45.7000    367.338    367.347   1  0.0488  0.718   40.928   17.510  0.261   10.670
                                   2  0.0445  0.666  518.080   74.140  0.449  232.768
                                   3  0.0602  0.597  209.416   68.464  0.268   56.220

                                                                              300.000  -0.002   0.002   0.000   0.000   0.000   0.0001

   45.8000    367.338    367.349   1  0.0506  0.647  139.650   42.417  0.355   49.561
                                   2  0.0471  0.692  422.576   60.118  0.502  212.012
                                   3  0.0586  0.629  124.098   43.233  0.308   38.208

                                                                              300.000   0.002   0.002   0.000   0.000   0.000   0.0046

   45.9000    367.342    367.351   1  0.0447  0.642  300.058   63.755  0.401  120.368
                                   2  0.0492  0.690  382.901   57.565  0.421  161.376
                                   3  0.0550  0.689   65.996   24.388  0.274   18.104

                                                                              300.000   0.002   0.002   0.000   0.000   0.000   0.0034

   46.0000    367.346    367.353   1  0.0415  0.660  273.669   56.701  0.367  100.425
                                   2  0.0464  0.677  427.781   63.549  0.379  161.986
                                   3  0.0510  0.650  136.582   41.068  0.275   37.529

                                                                              300.000   0.001   0.000   0.000   0.000   0.000   0.0011

   46.0160    367.347    367.353   1  0.0416  0.659  285.135   57.926  0.337   96.191
                                   2  0.0423  0.668  465.960   69.047  0.364  169.574
                                   3  0.0712  0.637  159.857   47.097  0.214   34.230

                                                                  Blatt    7

   Stat-km   Wsp-m+NN   hen-m+NN IND  Lambda  formb    Fl-qm   Umfg-m  v-m/s  Q-cbm/s

                                                                                Q-ges    hv-m    hr-m   h-bor   h-ein   h-ort      h-m


                                                                              300.000  -0.002   0.001   0.000   0.000   0.000  -0.0003

   46.1000    367.346    367.354   1  0.0405  0.670  279.573   54.754  0.399  111.515
                                   2  0.0497  0.722  362.408   49.690  0.388  140.639
                                   3  0.0475  0.687  146.480   36.520  0.326   47.792

                                                                              300.000   0.002   0.001   0.000   0.000   0.000   0.0030

   46.2000    367.349    367.356   1  0.0427  0.649  329.040   64.514  0.326  107.417
                                   2  0.0445  0.725  424.522   53.498  0.364  154.620
                                   3  0.0477  0.687  139.562   35.514  0.271   37.832

                                                                              300.000   0.000   0.001   0.000   0.000   0.000   0.0010

   46.3000    367.351    367.357   1  0.0403  0.648  415.153   72.701  0.359  149.100
                                   2  0.0461  0.719  369.535   50.283  0.343  126.935
                                   3  0.0429  0.746   85.355   23.053  0.281   23.945

                                                                              300.000   0.000   0.001   0.000   0.000   0.000   0.0012

   46.4000    367.352    367.358   1  0.0410  0.653  396.624   69.617  0.356  141.347
                                   2  0.0445  0.711  381.759   52.943  0.350  133.585
                                   3  0.0450  0.720   92.920   26.020  0.269   25.015

                                                                              300.000  -0.002   0.001   0.000   0.000   0.000  -0.0005

   46.5000    367.351    367.360   1  0.0415  0.650  359.178   67.207  0.402  144.520
                                   2  0.0464  0.727  343.542   47.284  0.401  137.616
                                   3  0.0432  0.724   61.210   21.042  0.291   17.808

                                                                              300.000  -0.001   0.002   0.000   0.000   0.000   0.0006

   46.6000    367.352    367.362   1  0.0435  0.654  255.638   55.655  0.400  102.189
                                   2  0.0440  0.712  351.834   50.918  0.448  157.711
                                   3  0.0429  0.703  111.027   30.203  0.360   40.004

                                                                              300.000  -0.005   0.003   0.000   0.000   0.000  -0.0013

   46.7000    367.351    367.365   1  0.0499  0.647  163.341   46.036  0.470   76.750
                                   2  0.0507  0.701  250.674   44.311  0.537  134.497
                                   3  0.0452  0.664  170.379   43.182  0.521   88.749

                                                                              300.000  -0.008   0.006   0.001   0.000   0.000  -0.0009

   46.8000    367.350    367.372   1  0.0531  0.636  129.785   42.868  0.614   79.717
                                   2  0.0545  0.636  246.463   58.117  0.674  166.189
                                   3  0.0503  0.666   88.596   30.770  0.616   54.544

                                                                              300.000   0.000   0.009   0.000   0.000   0.000   0.0084

   46.9000    367.358    367.381   1  0.0563  0.616  153.244   51.943  0.595   91.197
                                   2  0.0554  0.651  226.511   51.896  0.684  155.012
                                   3  0.0487  0.677   84.512   28.841  0.638   53.919

                                                                  Blatt    8

   Stat-km   Wsp-m+NN   hen-m+NN IND  Lambda  formb    Fl-qm   Umfg-m  v-m/s  Q-cbm/s

                                                                                Q-ges    hv-m    hr-m   h-bor   h-ein   h-ort      h-m


                                                                              300.000   0.001   0.008   0.000   0.000   0.000   0.0096

   47.0000    367.368    367.389   1  0.0575  0.626  114.357   42.407  0.534   61.033
                                   2  0.0538  0.653  236.323   52.601  0.667  157.600
                                   3  0.0515  0.649  131.325   40.349  0.620   81.363

                                                                              300.000   0.003   0.007   0.000   0.000   0.000   0.0106

   47.1000    367.378    367.396   1  0.0606  0.611  141.738   51.392  0.482   68.317
                                   2  0.0517  0.646  258.894   56.909  0.632  163.743
                                   3  0.0559  0.628  131.223   44.921  0.516   67.752

                                                                              300.000   0.000   0.007   0.000   0.000   0.000   0.0068

   47.2000    367.385    367.402   1  0.0628  0.603  120.672   49.943  0.448   54.055
                                   2  0.0533  0.644  261.935   57.998  0.627  164.240
                                   3  0.0555  0.617  154.572   51.929  0.529   81.793

                                                                              300.000  -0.008   0.008   0.001   0.000   0.000   0.0009

   47.3000    367.386    367.411   1  0.0616  0.610   66.127   35.294  0.474   31.342
                                   2  0.0516  0.654  231.952   51.951  0.752  174.478
                                   3  0.0564  0.620  150.700   50.438  0.626   94.305
