     Ergebnis der Wasserspiegellagenberechnung fuer Abfluss_2                                                                                                                                                                                             
 
     11/17/12 17:52:30.35 Uhr    KALYPSO-1D, VERSION 2.2.1.0 
 

                                                                  Blatt    1

   Stat-km   Wsp-m+NN   hen-m+NN IND  Lambda  formb    Fl-qm   Umfg-m  v-m/s  Q-cbm/s

                                                                                Q-ges    hv-m    hr-m   h-bor   h-ein   h-ort      h-m


 Als Anfangswasserspiegel wird WSP =  367.200 angesetzt.

                                                                              300.000   0.000   0.000   0.000   0.000   0.000   0.0000

   41.7200    367.200    367.268   1  0.1928  0.573   96.586   56.713  0.443   42.780
                                   2  0.0523  0.673  180.201   42.490  1.269  228.690
                                   3  0.0918  0.560   55.245   50.086  0.516   28.534

                                                                              300.000  -0.018   0.006   0.001   0.000   0.000  -0.0101

   41.7400    367.190    367.276   1  0.1745  0.579   69.246   45.237  0.502   34.763
                                   2  0.0544  0.679  168.135   40.132  1.408  236.666
                                   3  0.0951  0.557   51.337   50.270  0.555   28.509

                                                                              300.000  -0.002   0.002   0.000   0.000   0.000  -0.0004

   41.7450    367.190    367.278   1  0.1557  0.568   69.240   50.844  0.527   36.495
                                   2  0.0575  0.671  165.970   41.290  1.425  236.456
                                   3  0.0880  0.556   45.062   47.893  0.583   26.252

                                                                              300.000  -0.028   0.025   0.002   0.000   0.000  -0.0009

   41.8000    367.189    367.305   1  0.0876  0.528   69.810  125.468  0.498   34.775
                                   2  0.0544  0.682  153.293   38.071  1.612  247.038
                                   3  0.0795  0.548   31.369   45.789  0.580   18.204

                                                                              300.000   0.051   0.039   0.000   0.000   0.000   0.0892

   41.9000    367.278    367.343   1  0.0847  0.524  125.912  235.622  0.368   46.283
                                   2  0.0571  0.705  180.944   38.540  1.243  224.970
                                   3  0.0818  0.559   53.546   49.891  0.530   28.390

                                                                              300.000  -0.002   0.024   0.000   0.000   0.000   0.0219

   42.0000    367.300    367.369   1  0.1088  0.526   99.894  173.749  0.292   29.177
                                   2  0.0498  0.730  205.470   37.774  1.235  253.814
                                   3  0.1076  0.588   39.401   31.852  0.431   16.968

                                                                              300.000   0.033   0.005   0.000   0.000   0.000   0.0378

   42.0350    367.338    367.375   1  0.0840  0.528  156.487  195.668  0.265   41.482
                                   2  0.0469  0.716  271.618   45.201  0.905  245.681
                                   3  0.1016  0.600   40.506   29.384  0.316   12.812

                                                                              300.000  -0.005   0.009   0.000   0.000   0.000   0.0040

   42.1000    367.342    367.388   1  0.1681  0.526  209.725  253.633  0.256   54.473
                                   2  0.0532  0.707  205.942   40.486  1.054  217.094
                                   3  0.0875  0.584   61.803   41.724  0.474   29.302

                                                                  Blatt    2

   Stat-km   Wsp-m+NN   hen-m+NN IND  Lambda  formb    Fl-qm   Umfg-m  v-m/s  Q-cbm/s

                                                                                Q-ges    hv-m    hr-m   h-bor   h-ein   h-ort      h-m


                                                                              300.000   0.007   0.015   0.000   0.000   0.000   0.0222

   42.2000    367.364    367.403   1  0.1980  0.525  270.512  320.851  0.208   56.895
                                   2  0.0531  0.687  253.621   48.909  0.944  239.493
                                   3  0.1045  0.529   22.849   69.732  0.179    4.081

                                                                              300.000   0.012   0.010   0.000   0.000   0.000   0.0221

   42.3000    367.386    367.413   1  0.1681  0.525  264.579  332.374  0.167   44.214
                                   2  0.0488  0.700  283.692   49.150  0.796  225.710
                                   3  0.0399  0.553   73.160   63.747  0.414   30.283

                                                                              300.000  -0.015   0.013   0.002   0.000   0.000  -0.0005

   42.4000    367.386    367.428   1  0.2628  0.530  125.134  156.641  0.213   26.652
                                   2  0.0568  0.672  201.241   45.416  1.019  205.116
                                   3  0.0823  0.557  127.180   79.156  0.536   68.169

                                                                              300.000   0.034   0.012   0.000   0.000   0.000   0.0460

   42.5000    367.432    367.440   1  0.1082  0.530  549.617  319.650  0.258  142.000
                                   2  0.0587  0.707  167.278   36.583  0.543   90.765
                                   3  0.1096  0.542  258.553  145.771  0.260   67.351

                                                                              300.000   0.000   0.006   0.000   0.000   0.000   0.0062

   42.6000    367.438    367.446   1  0.0991  0.535  331.716  200.736  0.292   96.781
                                   2  0.0689  0.668  165.796   42.795  0.505   83.786
                                   3  0.0886  0.536  374.554  210.924  0.320  119.792

                                                                              300.000  -0.004   0.008   0.000   0.000   0.000   0.0046

   42.7000    367.443    367.455   1  0.1727  0.541  196.615  133.961  0.264   52.186
                                   2  0.0572  0.685  123.367   33.877  0.656   80.917
                                   3  0.0945  0.531  447.117  275.231  0.375  167.701

                                                                              300.000   0.000   0.009   0.000   0.000   0.000   0.0094

   42.8000    367.452    367.464   1  0.0554  0.559  150.082   84.166  0.444   66.585
                                   2  0.0635  0.658  165.222   43.805  0.558   92.191
                                   3  0.0968  0.530  449.456  287.826  0.314  141.194

                                                                              300.000  -0.002   0.007   0.000   0.000   0.000   0.0052

   42.8950    367.457    367.473   1  0.1479  0.553  136.047   86.844  0.248   33.751
                                   2  0.0534  0.707  208.384   40.090  0.700  145.927
                                   3  0.0996  0.530  408.450  279.058  0.292  119.391

                                                                              300.000   0.001   0.000   0.000   0.000   0.000   0.0015

   42.9000    367.459    367.473   1  0.1516  0.553  142.679   89.257  0.225   32.150
                                   2  0.0518  0.693  244.779   45.990  0.662  162.000
                                   3  0.1000  0.530  400.300  276.401  0.264  105.736

                                                                  Blatt    3

   Stat-km   Wsp-m+NN   hen-m+NN IND  Lambda  formb    Fl-qm   Umfg-m  v-m/s  Q-cbm/s

                                                                                Q-ges    hv-m    hr-m   h-bor   h-ein   h-ort      h-m


                                                                              300.000   0.004   0.006   0.000   0.000   0.000   0.0094

   43.0000    367.468    367.479   1  0.1123  0.530  405.833  274.295  0.233   94.520
                                   2  0.0514  0.710  212.488   40.722  0.610  129.675
                                   3  0.0988  0.533  308.578  213.274  0.246   75.805

                                                                              300.000   0.001   0.005   0.000   0.000   0.000   0.0062

   43.1000    367.474    367.484   1  0.0954  0.527  444.307  348.294  0.216   95.841
                                   2  0.0537  0.676  269.529   51.715  0.549  147.978
                                   3  0.1010  0.540  242.282  151.400  0.235   56.900

                                                                              300.000   0.000   0.004   0.000   0.000   0.000   0.0042

   43.2000    367.479    367.489   1  0.0949  0.524  514.960  467.138  0.203  104.468
                                   2  0.0534  0.668  282.819   55.902  0.563  159.099
                                   3  0.1039  0.550  156.506   98.664  0.233   36.391

                                                                              300.000  -0.014   0.007   0.003   0.000   0.000  -0.0038

   43.3000    367.475    367.499   1  0.0869  0.525  213.427  286.870  0.256   54.632
                                   2  0.0551  0.695  232.933   45.553  0.807  187.958
                                   3  0.1010  0.552  161.064   95.379  0.358   57.604

                                                                              300.000   0.008   0.009   0.000   0.000   0.000   0.0164

   43.4000    367.491    367.508   1  0.1139  0.524  472.781  498.291  0.229  109.566
                                   2  0.0582  0.704  227.425   43.114  0.702  159.726
                                   3  0.4468  0.547  204.625  117.507  0.157   32.036

                                                                              300.000   0.010   0.006   0.000   0.000   0.000   0.0158

   43.5000    367.507    367.513   1  0.0781  0.527  646.127  432.648  0.215  139.149
                                   2  0.0541  0.713  231.643   42.219  0.467  108.077
                                   3  0.1035  0.545  254.264  136.748  0.208   53.002

                                                                              300.000   0.002   0.003   0.000   0.000   0.000   0.0044

   43.6000    367.511    367.516   1  0.1129  0.531  716.462  352.907  0.192  137.942
                                   2  0.0586  0.684  252.709   49.974  0.400  101.038
                                   3  0.0954  0.542  299.803  158.806  0.202   60.514

                                                                              300.000  -0.014   0.005   0.005   0.000   0.000  -0.0045

   43.7000    367.507    367.526   1  0.0836  0.578   87.682   51.497  0.339   29.759
                                   2  0.0521  0.752  209.612   35.099  0.735  153.975
                                   3  0.1101  0.538  372.287  196.256  0.312  116.248

                                                                              300.000   0.001   0.007   0.000   0.000   0.000   0.0081

   43.8000    367.515    367.532   1  0.0879  0.577  165.678   71.996  0.358   59.243
                                   2  0.0484  0.693  249.294   47.417  0.692  172.456
                                   3  0.1073  0.539  252.536  157.158  0.271   68.634

                                                                  Blatt    4

   Stat-km   Wsp-m+NN   hen-m+NN IND  Lambda  formb    Fl-qm   Umfg-m  v-m/s  Q-cbm/s

                                                                                Q-ges    hv-m    hr-m   h-bor   h-ein   h-ort      h-m


                                                                              300.000   0.002   0.007   0.000   0.000   0.000   0.0086

   43.9000    367.524    367.539   1  0.1054  0.550  315.696  140.040  0.353  111.420
                                   2  0.0560  0.682  214.080   46.198  0.658  140.831
                                   3  0.1148  0.582  140.500   62.984  0.336   47.569

                                                                              300.000  -0.002   0.006   0.000   0.000   0.000   0.0044

   43.9820    367.528    367.546   1  0.0957  0.540  348.865  179.664  0.365  127.395
                                   2  0.0582  0.701  211.717   41.987  0.701  148.404
                                   3  0.1373  0.627   75.229   34.874  0.321   24.170

                                                                              300.000  -0.008   0.002   0.000   0.000   0.000  -0.0062

   44.0000    367.522    367.556   1  1.0405  0.545  480.853  190.456  0.152   73.132
                                   2  0.0526  0.728  219.581   38.676  0.933  204.805
                                   3  0.1727  0.636   64.987   31.001  0.339   22.027

                                                                              300.000   0.019   0.008   0.000   0.000   0.000   0.0272

   44.1000    367.549    367.564   1  0.1668  0.540  383.394  189.316  0.212   81.634
                                   2  0.0492  0.701  297.101   49.581  0.636  188.836
                                   3  0.0621  0.528  139.693  183.248  0.214   29.848

                                                                              300.000  -0.002   0.006   0.000   0.000   0.000   0.0043

   44.2000    367.553    367.570   1  0.0940  0.540  311.138  170.283  0.330  102.581
                                   2  0.0528  0.725  207.860   38.370  0.713  148.300
                                   3  0.0854  0.530  190.092  191.482  0.255   48.474

                                                                              300.000  -0.006   0.008   0.000   0.000   0.000   0.0025

   44.3000    367.556    367.579   1  0.1034  0.550  207.800  113.564  0.351   73.421
                                   2  0.0522  0.715  212.901   40.241  0.793  168.885
                                   3  0.0809  0.563  144.032   77.751  0.399   57.471

                                                                              300.000   0.001   0.007   0.000   0.000   0.000   0.0078

   44.3900    367.564    367.586   1  0.0747  0.638   51.112   26.661  0.348   17.780
                                   2  0.0503  0.640  387.725   73.361  0.680  263.833
                                   3  0.1142  0.547   84.874   76.881  0.213   18.116

                                                                              300.000  -0.008   0.001   0.001   0.000   0.000  -0.0068

   44.4000    367.557    367.587   1  0.0629  0.675   58.150   24.280  0.522   30.345
                                   2  0.0527  0.657  314.065   61.086  0.801  251.481
                                   3  0.0714  0.722   37.186   15.633  0.488   18.151

                                                                              300.000   0.001   0.000   0.000   0.000   0.000   0.0018

   44.4050    367.559    367.587   1  0.0647  0.673   64.365   25.780  0.534   34.396
                                   2  0.0548  0.659  301.196   58.821  0.793  238.845
                                   3  0.0770  0.593   66.423   39.493  0.401   26.661

                                                                  Blatt    5

   Stat-km   Wsp-m+NN   hen-m+NN IND  Lambda  formb    Fl-qm   Umfg-m  v-m/s  Q-cbm/s

                                                                                Q-ges    hv-m    hr-m   h-bor   h-ein   h-ort      h-m


                                                                              300.000   0.001   0.002   0.000   0.000   0.000   0.0028

   44.4250    367.562    367.589   1  0.1043  0.608  105.108   45.134  0.405   42.518
                                   2  0.0539  0.660  289.671   57.103  0.791  229.155
                                   3  0.0708  0.551   81.574   70.055  0.347   28.327

                                                                              300.000   0.014   0.006   0.000   0.000   0.000   0.0192

   44.5000    367.581    367.595   1  0.0717  0.567  134.416   71.686  0.341   45.780
                                   2  0.0527  0.672  245.719   50.243  0.612  150.366
                                   3  0.0683  0.551  275.169  126.941  0.375  103.238

                                                                              300.000  -0.008   0.007   0.001   0.000   0.000  -0.0001

   44.6000    367.581    367.603   1  0.0684  0.549  144.919   96.470  0.380   55.138
                                   2  0.0594  0.651  316.898   63.963  0.708  224.308
                                   3  0.0662  0.666   45.487   22.055  0.453   20.623

                                                                              300.000  -0.003   0.008   0.000   0.000   0.000   0.0051

   44.7000    367.586    367.614   1  0.0850  0.546  176.182  112.532  0.337   59.303
                                   2  0.0513  0.728  273.493   43.349  0.810  221.553
                                   3  0.0695  0.673   44.913   21.324  0.432   19.387

                                                                              300.000   0.005   0.007   0.000   0.000   0.000   0.0120

   44.8000    367.598    367.621   1  0.0698  0.545  171.913  113.432  0.334   57.469
                                   2  0.0522  0.696  314.958   52.732  0.732  230.672
                                   3  0.0646  0.695   30.054   15.992  0.387   11.630

                                                                              300.000   0.002   0.006   0.000   0.000   0.000   0.0088

   44.9000    367.607    367.628   1  0.1025  0.550  217.995  115.825  0.299   65.229
                                   2  0.0539  0.692  318.216   53.124  0.694  220.686
                                   3  0.0607  0.694   34.446   17.231  0.401   13.806

                                                                              300.000   0.003   0.006   0.000   0.000   0.000   0.0089

   45.0000    367.616    367.634   1  0.0670  0.561  221.101   99.493  0.406   89.677
                                   2  0.0545  0.731  240.185   40.273  0.681  163.455
                                   3  0.0626  0.620  104.188   41.657  0.446   46.426

                                                                              300.000   0.001   0.006   0.000   0.000   0.000   0.0075

   45.1000    367.623    367.640   1  0.0668  0.588  157.045   63.803  0.404   63.500
                                   2  0.0549  0.688  288.810   51.027  0.638  184.130
                                   3  0.0627  0.612  121.614   47.185  0.427   51.947

                                                                              300.000   0.002   0.005   0.000   0.000   0.000   0.0067

   45.2000    367.630    367.645   1  0.0655  0.586  183.270   70.038  0.375   68.721
                                   2  0.0534  0.692  341.056   54.950  0.596  203.367
                                   3  0.0625  0.655   73.337   29.389  0.375   27.477

                                                                  Blatt    6

   Stat-km   Wsp-m+NN   hen-m+NN IND  Lambda  formb    Fl-qm   Umfg-m  v-m/s  Q-cbm/s

                                                                                Q-ges    hv-m    hr-m   h-bor   h-ein   h-ort      h-m


                                                                              300.000   0.001   0.004   0.000   0.000   0.000   0.0052

   45.3000    367.635    367.649   1  0.0678  0.567  260.567  100.485  0.332   86.542
                                   2  0.0494  0.705  355.142   54.099  0.582  206.802
                                   3  0.0620  0.717   23.130   13.015  0.288    6.653

                                                                              300.000   0.004   0.003   0.000   0.000   0.000   0.0067

   45.4000    367.642    367.652   1  0.0832  0.569  204.379   86.215  0.230   46.925
                                   2  0.0469  0.695  437.695   62.558  0.494  216.067
                                   3  0.0543  0.662  111.659   35.381  0.328   36.598

                                                                              300.000   0.004   0.002   0.000   0.000   0.000   0.0057

   45.5000    367.647    367.654   1  0.0686  0.592  130.609   56.195  0.172   22.461
                                   2  0.0421  0.704  575.082   70.327  0.394  226.305
                                   3  0.0646  0.576  259.876   91.040  0.196   51.032

                                                                              300.000  -0.003   0.001   0.000   0.000   0.000  -0.0011

   45.6000    367.646    367.656   1  0.0557  0.680   49.267   21.894  0.236   11.609
                                   2  0.0428  0.723  444.225   56.839  0.472  209.589
                                   3  0.0620  0.578  297.662   95.017  0.264   78.507

                                                                              300.000   0.001   0.002   0.000   0.000   0.000   0.0031

   45.7000    367.649    367.657   1  0.0477  0.723   46.240   18.290  0.251   11.589
                                   2  0.0439  0.671  540.834   74.140  0.421  227.745
                                   3  0.0577  0.602  230.736   69.268  0.262   60.383

                                                                              300.000  -0.002   0.002   0.000   0.000   0.000   0.0000

   45.8000    367.649    367.659   1  0.0491  0.652  152.713   43.396  0.340   51.900
                                   2  0.0465  0.698  441.008   60.118  0.469  206.652
                                   3  0.0561  0.636  137.526   43.995  0.300   41.199

                                                                              300.000   0.002   0.002   0.000   0.000   0.000   0.0038

   45.9000    367.653    367.661   1  0.0439  0.646  319.545   64.522  0.381  121.653
                                   2  0.0485  0.696  400.571   57.565  0.396  158.623
                                   3  0.0528  0.695   73.480   25.165  0.266   19.574

                                                                              300.000   0.001   0.001   0.000   0.000   0.000   0.0029

   46.0000    367.656    367.663   1  0.0410  0.665  290.680   57.404  0.347  100.908
                                   2  0.0457  0.683  447.427   63.549  0.357  159.512
                                   3  0.0496  0.655  149.258   41.919  0.265   39.506

                                                                              300.000   0.001   0.000   0.000   0.000   0.000   0.0010

   46.0160    367.657    367.663   1  0.0410  0.663  302.583   58.675  0.319   96.654
                                   2  0.0417  0.673  487.281   69.047  0.343  167.087
                                   3  0.0683  0.643  174.419   47.957  0.208   36.260

                                                                  Blatt    7

   Stat-km   Wsp-m+NN   hen-m+NN IND  Lambda  formb    Fl-qm   Umfg-m  v-m/s  Q-cbm/s

                                                                                Q-ges    hv-m    hr-m   h-bor   h-ein   h-ort      h-m


                                                                              300.000  -0.002   0.001   0.000   0.000   0.000  -0.0004

   46.1000    367.657    367.664   1  0.0399  0.674  296.012   55.503  0.379  112.180
                                   2  0.0491  0.728  377.553   49.690  0.366  138.206
                                   3  0.0460  0.692  157.602   37.231  0.314   49.554

                                                                              300.000   0.001   0.001   0.000   0.000   0.000   0.0026

   46.2000    367.659    367.665   1  0.0419  0.653  348.662   65.280  0.312  108.921
                                   2  0.0441  0.730  440.756   53.498  0.344  151.650
                                   3  0.0461  0.691  150.417   36.339  0.262   39.429

                                                                              300.000   0.000   0.001   0.000   0.000   0.000   0.0009

   46.3000    367.660    367.666   1  0.0398  0.651  437.299   73.451  0.343  149.790
                                   2  0.0456  0.725  384.969   50.283  0.326  125.309
                                   3  0.0416  0.748   92.200   23.807  0.270   24.901

                                                                              300.000   0.000   0.001   0.000   0.000   0.000   0.0010

   46.4000    367.661    367.667   1  0.0403  0.656  417.785   70.417  0.340  141.903
                                   2  0.0439  0.716  397.951   52.943  0.332  131.930
                                   3  0.0437  0.723  100.742   26.813  0.260   26.167

                                                                              300.000  -0.002   0.001   0.000   0.000   0.000  -0.0005

   46.5000    367.661    367.668   1  0.0409  0.654  379.554   67.936  0.384  145.580
                                   2  0.0459  0.733  357.982   47.284  0.379  135.499
                                   3  0.0427  0.728   67.490   21.797  0.279   18.862

                                                                              300.000  -0.001   0.002   0.000   0.000   0.000   0.0005

   46.6000    367.661    367.670   1  0.0428  0.658  272.500   56.418  0.380  103.666
                                   2  0.0435  0.717  367.324   50.918  0.422  154.983
                                   3  0.0421  0.707  120.132   30.958  0.344   41.274

                                                                              300.000  -0.004   0.002   0.000   0.000   0.000  -0.0011

   46.7000    367.660    367.673   1  0.0486  0.652  177.321   46.832  0.444   78.708
                                   2  0.0499  0.708  264.311   44.311  0.498  131.628
                                   3  0.0443  0.669  183.548   43.900  0.488   89.623

                                                                              300.000  -0.006   0.005   0.001   0.000   0.000  -0.0009

   46.8000    367.659    367.678   1  0.0517  0.643  142.936   43.608  0.569   81.266
                                   2  0.0532  0.643  264.450   58.117  0.618  163.310
                                   3  0.0490  0.673   98.040   31.504  0.569   55.763

                                                                              300.000   0.000   0.007   0.000   0.000   0.000   0.0065

   46.9000    367.666    367.685   1  0.0545  0.622  169.163   52.680  0.554   93.687
                                   2  0.0541  0.658  242.426   51.896  0.625  151.619
                                   3  0.0476  0.683   93.288   29.598  0.587   54.788

                                                                  Blatt    8

   Stat-km   Wsp-m+NN   hen-m+NN IND  Lambda  formb    Fl-qm   Umfg-m  v-m/s  Q-cbm/s

                                                                                Q-ges    hv-m    hr-m   h-bor   h-ein   h-ort      h-m


                                                                              300.000   0.001   0.006   0.000   0.000   0.000   0.0074

   47.0000    367.673    367.691   1  0.0554  0.632  127.288   43.321  0.500   63.648
                                   2  0.0526  0.660  252.330   52.601  0.611  154.093
                                   3  0.0502  0.655  143.569   41.100  0.573   82.244

                                                                              300.000   0.003   0.006   0.000   0.000   0.000   0.0086

   47.1000    367.682    367.697   1  0.0581  0.617  157.295   52.118  0.452   71.064
                                   2  0.0506  0.653  276.088   56.909  0.577  159.207
                                   3  0.0540  0.634  144.805   45.668  0.480   69.543

                                                                              300.000   0.000   0.005   0.000   0.000   0.000   0.0053

   47.2000    367.687    367.702   1  0.0603  0.609  135.771   50.735  0.421   57.205
                                   2  0.0521  0.650  279.364   57.998  0.571  159.396
                                   3  0.0538  0.623  170.173   52.666  0.490   83.399

                                                                              300.000  -0.006   0.006   0.001   0.000   0.000   0.0003

   47.3000    367.687    367.708   1  0.0604  0.619   76.796   36.105  0.447   34.308
                                   2  0.0505  0.662  247.486   51.951  0.685  169.490
                                   3  0.0545  0.626  165.767   51.066  0.581   96.249
