3c3
<      04/21/05 11:24:06.14 Uhr    KALYPSO - 1D, VERSION 1.0.4 
---
>      04/21/05 11:52:25.59 Uhr    KALYPSO - 1D, VERSION 1.0.5 
25c25
<      0.0130     3.969      3.986   2     0.13     0.36      5.295    0.579   0.210
---
>      0.0130     3.969      3.986   2     0.13     0.36      5.295    0.580   0.210
38c38
<      0.0474     4.216      4.237   2     0.13     0.33      4.073    0.633   0.210
---
>      0.0474     4.216      4.237   2     0.13     0.33      4.072    0.633   0.210
42c42
<                                                                              0.210        0.001 0.048 0.000 0.000 0.001 0.049
---
>                                                                              0.210        0.001 0.048 0.000 0.000 0.001 0.050
93c93
<      0.1700     4.647      4.653   1     0.10     0.04      0.444    0.266   0.011
---
>      0.1700     4.647      4.653   1     0.10     0.04      0.443    0.266   0.011
163c163
<                                                                              0.160       -0.005 0.203 0.000 0.000 0.000 0.198
---
>                                                                              0.160       -0.005 0.203 0.000 0.000 0.000 0.197
165c165
<      0.4760     5.301      5.315   1     0.13     0.02      0.291    0.376   0.008
---
>      0.4760     5.301      5.315   1     0.13     0.02      0.291    0.375   0.008
173c173
<                                                                              0.160        0.005 0.410 0.000 0.000 0.000 0.415
---
>                                                                              0.160        0.005 0.410 0.000 0.000 0.000 0.416
175,176c175,176
<      0.6270     5.724      5.734   2     0.12     0.36      2.693    0.435   0.156
<                                    3     0.65     0.02      0.325    0.144   0.004
---
>      0.6270     5.726      5.735   2     0.13     0.36      2.693    0.432   0.157
>                                    3     0.65     0.02      0.327    0.145   0.004
180c180
<                                                                              0.160        0.000 0.012 0.000 0.000 0.000 0.012
---
>                                                                              0.160        0.000 0.011 0.000 0.000 0.000 0.012
182c182
<      0.6320     5.736      5.745   2     0.13     0.38      3.084    0.421   0.160
---
>      0.6320     5.738      5.746   2     0.13     0.38      3.088    0.417   0.160
192c192
<               5.736     0.035     0.379
---
>               5.738     0.036     0.383
195c195
<               0.379     0.000     0.000     0.000
---
>               0.383     0.000     0.000     0.000
198c198
<               5.762     0.044     0.456
---
>               5.762     0.044     0.459
201c201
<               0.456     0.000     0.000     0.000
---
>               0.459     0.000     0.000     0.000
204c204
<               5.780     0.052     0.512
---
>               5.780     0.052     0.514
207c207
<               0.512     0.000     0.000     0.000
---
>               0.514     0.000     0.000     0.000
215c215
<      0.6330     5.780      5.785   2     0.13     0.51      3.224    0.312   0.160
---
>      0.6330     5.780      5.785   2     0.13     0.51      3.226    0.311   0.160
221,222c221,222
<      0.6380     5.786      5.796   2     0.12     0.36      2.756    0.441   0.156
<                                    3     0.64     0.02      0.321    0.148   0.003
---
>      0.6380     5.787      5.796   2     0.13     0.36      2.756    0.439   0.157
>                                    3     0.64     0.02      0.323    0.149   0.003
228,229c228,229
<      0.6520     5.813      5.814   2     0.13     0.81      3.211    0.183   0.149
<                                    3     0.13     0.02      0.280    0.108   0.002
---
>      0.6520     5.814      5.815   2     0.13     0.81      3.215    0.183   0.149
>                                    3     0.13     0.02      0.282    0.108   0.002
233,235c233,235
<      0.7220     5.825      5.826   1     0.11     0.06      0.518    0.088   0.005
<                                    2     0.13     1.10      3.227    0.130   0.143
<                                    3     0.13     0.03      0.421    0.083   0.002
---
>      0.7220     5.826      5.826   1     0.11     0.06      0.519    0.088   0.005
>                                    2     0.13     1.10      3.227    0.129   0.142
>                                    3     0.11     0.03      0.423    0.072   0.002
244c244
<      0.7245     5.825      5.826   2     0.13     0.89      3.380    0.169   0.150
---
>      0.7245     5.826      5.827   2     0.13     0.89      3.384    0.168   0.150
254c254
<               5.825     0.151     0.888
---
>               5.826     0.152     0.891
257c257
<               0.888     0.000     0.000     0.000
---
>               0.891     0.000     0.000     0.000
260c260
<               5.834     0.157     0.918
---
>               5.835     0.158     0.920
263c263
<               0.918     0.000     0.000     0.000
---
>               0.920     0.000     0.000     0.000
266c266
<               5.841     0.164     0.940
---
>               5.842     0.165     0.942
269c269
<               0.940     0.000     0.000     0.000
---
>               0.942     0.000     0.000     0.000
277c277
<      0.7370     5.841      5.842   2     0.12     0.94      3.453    0.160   0.150
---
>      0.7370     5.842      5.843   2     0.12     0.94      3.456    0.159   0.150
283,285c283,285
<      0.7420     5.842      5.844   1     0.13     0.03      0.404    0.112   0.002
<                                    2     0.12     0.71      2.287    0.200   0.142
<                                    3     0.13     0.05      0.542    0.146   0.006
---
>      0.7420     5.842      5.844   1     0.13     0.03      0.406    0.112   0.002
>                                    2     0.12     0.71      2.287    0.199   0.142
>                                    3     0.13     0.05      0.544    0.145   0.006
289,291c289,291
<      0.7500     5.844      5.845   1     0.11     0.18      0.838    0.145   0.026
<                                    2     0.12     0.56      0.996    0.156   0.087
<                                    3     0.13     0.25      1.004    0.153   0.037
---
>      0.7500     5.845      5.846   1     0.11     0.18      0.839    0.145   0.026
>                                    2     0.12     0.56      0.996    0.155   0.087
>                                    3     0.13     0.25      1.005    0.153   0.037
295c295
<      0.8630     5.868      5.871   1     0.11     0.05      0.512    0.153   0.006
---
>      0.8630     5.869      5.871   1     0.11     0.05      0.513    0.153   0.006
297c297
<                                    3     0.11     0.16      0.883    0.195   0.031
---
>                                    3     0.11     0.16      0.884    0.194   0.031
301,303c301,303
<      0.9830     5.902      5.904   1     0.11     0.07      0.517    0.162   0.012
<                                    2     0.13     0.50      1.230    0.198   0.099
<                                    3     0.11     0.20      0.988    0.196   0.040
---
>      0.9830     5.902      5.904   1     0.11     0.07      0.518    0.161   0.012
>                                    2     0.13     0.50      1.230    0.197   0.099
>                                    3     0.11     0.20      0.989    0.196   0.040
309c309
<      1.0320     5.914      5.915   1     0.13     0.04      0.387    0.111   0.004
---
>      1.0320     5.914      5.916   1     0.13     0.04      0.388    0.111   0.004
311c311
<                                    3     0.11     0.15      0.851    0.161   0.024
---
>                                    3     0.11     0.15      0.852    0.161   0.024
320c320
<                                                                              0.100       -0.002 0.083 0.000 0.000 0.000 0.082
---
>                                                                              0.100       -0.002 0.083 0.000 0.000 0.000 0.081
322,323c322,323
<      1.1740     5.999      6.003   2     0.13     0.26      1.334    0.313   0.082
<                                    3     0.10     0.06      0.555    0.288   0.018
---
>      1.1740     5.999      6.004   2     0.13     0.26      1.334    0.312   0.082
>                                    3     0.10     0.06      0.556    0.288   0.018
382c382
<      1.2260     6.195      6.206   2     0.13     0.22      1.636    0.453   0.100
---
>      1.2260     6.195      6.206   2     0.13     0.22      1.636    0.454   0.100
386c386
<      1.2440     6.230      6.232   1     0.10     0.06      0.527    0.164   0.010
---
>      1.2440     6.230      6.232   1     0.10     0.06      0.527    0.165   0.010
441c441
<      1.3640     6.512      6.517   2     0.13     0.33      2.577    0.300   0.100
---
>      1.3640     6.512      6.517   2     0.13     0.33      2.576    0.300   0.100
451,453c451,453
<      1.4580     6.651      6.651   1     0.13     0.34      1.191    0.050   0.017
<                                    2     0.07     1.03      1.434    0.075   0.077
<                                    3     0.18     0.18      0.843    0.036   0.006
---
>      1.4580     6.651      6.651   1     0.13     0.34      1.191    0.051   0.017
>                                    2     0.08     1.03      1.434    0.074   0.076
>                                    3     0.18     0.18      0.843    0.037   0.007
469c469
<      1.7040     6.672      6.674   1     0.13     0.05      0.435    0.152   0.006
---
>      1.7040     6.672      6.674   1     0.13     0.05      0.435    0.153   0.006
485c485
<                                                                              0.100       -0.002 0.147 0.000 0.000 0.000 0.144
---
>                                                                              0.100       -0.002 0.146 0.000 0.000 0.000 0.144
521c521
<               6.998     0.025     0.273
---
>               6.998     0.024     0.273
603c603
<                                    2     0.08     1.65      2.894    0.053   0.088
---
>                                    2     0.08     1.65      2.894    0.053   0.087
641c641
<      2.1750     7.226      7.257   2     0.13     0.13      1.880    0.771   0.100
---
>      2.1750     7.226      7.257   2     0.13     0.13      1.880    0.772   0.100
696c696
<      2.2390     7.414      7.420   2     0.13     0.28      2.894    0.352   0.100
---
>      2.2390     7.414      7.420   2     0.13     0.28      2.893    0.353   0.100
700c700
<      2.3500     7.541      7.543   1     0.10     0.06      0.514    0.108   0.006
---
>      2.3500     7.541      7.542   1     0.10     0.06      0.512    0.108   0.006
702c702
<                                    3     0.11     0.06      0.513    0.103   0.006
---
>                                    3     0.11     0.06      0.512    0.103   0.006
706c706
<      2.3530     7.542      7.543   2     0.09     0.76      2.599    0.132   0.100
---
>      2.3530     7.542      7.542   2     0.09     0.76      2.598    0.132   0.100
710c710
<      2.4530     7.553      7.554   1     0.13     0.02      0.256    0.091   0.001
---
>      2.4530     7.552      7.554   1     0.13     0.02      0.256    0.091   0.001
724c724
<                                                                              0.100       -0.002 0.061 0.000 0.000 0.000 0.058
---
>                                                                              0.100       -0.002 0.060 0.000 0.000 0.000 0.058
752c752
<               7.810     0.039     0.413
---
>               7.809     0.039     0.413
769c769
<      2.6480     7.826      7.828   2     0.12     0.46      2.711    0.219   0.100
---
>      2.6480     7.826      7.828   2     0.12     0.46      2.711    0.220   0.100
789c789
<      2.8185     7.941      7.941   1     0.13     0.02      0.326    0.073   0.002
---
>      2.8185     7.941      7.941   1     0.13     0.02      0.326    0.074   0.002
836c836
<      2.8300     7.973      7.974   1     0.13     0.02      0.299    0.076   0.001
---
>      2.8300     7.973      7.974   1     0.13     0.02      0.299    0.077   0.001
857c857
<      2.9760     8.033      8.034   2     0.13     0.26      2.705    0.152   0.040
---
>      2.9760     8.033      8.034   2     0.13     0.26      2.704    0.153   0.040
885c885
<      3.1620     8.205      8.211   2     0.13     0.12      2.130    0.321   0.040
---
>      3.1620     8.205      8.211   2     0.13     0.12      2.129    0.321   0.040
917c917
<      3.1850     8.298      8.300   2     0.13     0.23      2.722    0.177   0.040
---
>      3.1850     8.298      8.300   2     0.13     0.23      2.721    0.177   0.040
921c921
<      3.2000     8.304      8.304   1     0.13     0.04      0.425    0.024   0.001
---
>      3.2000     8.304      8.304   1     0.13     0.04      0.425    0.025   0.001
955c955
<      3.4040     8.333      8.342   2     0.13     0.10      1.523    0.412   0.040
---
>      3.4040     8.333      8.341   2     0.13     0.10      1.523    0.413   0.040
998c998
<      3.4240     8.445      8.445   1     0.13     0.02      0.247    0.067   0.001
---
>      3.4240     8.445      8.445   1     0.13     0.02      0.247    0.068   0.001
1004c1004
<      3.5060     8.451      8.451   1     0.13     0.05      0.510    0.029   0.001
---
>      3.5060     8.451      8.451   1     0.13     0.05      0.510    0.030   0.001
1006c1006
<                                    3     0.13     0.02      0.411    0.019   0.000
---
>                                    3     0.13     0.02      0.411    0.020   0.000
1024c1024
<      3.9110     8.608      8.610   2     0.13     0.18      1.388    0.217   0.040
---
>      3.9110     8.607      8.610   2     0.13     0.18      1.388    0.217   0.040
1026c1026
<                                                                              0.040       -0.001 0.005 0.000 0.000 0.000 0.004
---
>                                                                              0.040       -0.001 0.006 0.000 0.000 0.000 0.004
1028c1028
<      3.9160     8.612      8.617   2     0.13     0.14      1.387    0.296   0.040
---
>      3.9160     8.612      8.616   2     0.13     0.13      1.387    0.296   0.040
1033c1033
<                                    2     0.13     0.10      0.952    0.379   0.036
---
>                                    2     0.13     0.10      0.952    0.380   0.036
1037c1037
<      3.9250     8.637      8.641   2     0.13     0.14      4.542    0.280   0.040
---
>      3.9250     8.637      8.641   2     0.13     0.14      4.536    0.280   0.040
1066c1066
<      3.9980     8.698      8.701   2     0.13     0.16      2.196    0.251   0.040
---
>      3.9980     8.698      8.701   2     0.13     0.16      2.196    0.252   0.040
1098c1098
<                                    3     0.13     0.04      0.491    0.040   0.002
---
>                                    3     0.13     0.04      0.490    0.041   0.002
1119c1119
<      4.3080     8.804      8.805   1     0.13     0.02      0.332    0.105   0.002
---
>      4.3080     8.804      8.805   1     0.13     0.02      0.331    0.105   0.002
1135c1135
<      4.4660     8.932      8.932   1     0.13     0.05      0.455    0.056   0.003
---
>      4.4660     8.932      8.932   1     0.13     0.05      0.454    0.056   0.003
1146c1146
<      4.5600     9.000      9.003   2     0.13     0.08      1.325    0.231   0.018
---
>      4.5600     9.000      9.003   2     0.13     0.08      1.324    0.231   0.018
1155c1155
<      4.5630     9.013      9.022   2     0.13     0.04      1.081    0.438   0.018
---
>      4.5630     9.013      9.022   2     0.13     0.04      1.081    0.439   0.018
1206c1206
<                                                                              0.018        0.000 0.007 0.000 0.000 0.000 0.007
---
>                                                                              0.018        0.000 0.007 0.000 0.000 0.000 0.006
1217c1217
<                                    3     0.13     0.01      0.261    0.047   0.000
---
>                                    3     0.13     0.01      0.261    0.048   0.001
1226c1226
<                                                                              0.018       -0.001 0.030 0.000 0.000 0.000 0.029
---
>                                                                              0.018       -0.001 0.031 0.000 0.000 0.000 0.029
1228c1228
<      4.9270     9.221      9.223   2     0.13     0.08      1.375    0.229   0.018
---
>      4.9270     9.221      9.223   2     0.13     0.08      1.374    0.230   0.018
1236c1236
<      5.0460     9.276      9.277   1     0.13     0.01      0.240    0.071   0.001
---
>      5.0460     9.276      9.276   1     0.13     0.01      0.240    0.072   0.001
1241c1241
<      5.0580     9.280      9.282   2     0.13     0.10      1.169    0.173   0.018
---
>      5.0580     9.280      9.282   2     0.13     0.10      1.168    0.173   0.018
1249c1249
<      5.1020     9.323      9.324   2     0.13     0.15      1.495    0.117   0.018
---
>      5.1020     9.323      9.323   2     0.13     0.15      1.495    0.117   0.018
1277c1277
<      5.4690     9.643      9.645   2     0.13     0.08      1.352    0.215   0.018
---
>      5.4690     9.643      9.645   2     0.13     0.08      1.351    0.215   0.018
1293c1293
<      5.4690     9.645      9.645   2     0.13     0.24      1.771    0.076   0.018
---
>      5.4690     9.645      9.645   2     0.13     0.24      1.770    0.076   0.018
1323,1324c1323,1324
<      5.4750     9.706      9.706   2     0.12     0.28      1.388    0.062   0.017
<                                    3     0.13     0.02      0.428    0.034   0.001
---
>      5.4750     9.706      9.706   2     0.12     0.28      1.387    0.062   0.017
>                                    3     0.12     0.02      0.428    0.034   0.001
1328c1328
<      5.4810     9.706      9.706   2     0.12     0.31      1.706    0.059   0.018
---
>      5.4810     9.706      9.706   2     0.12     0.30      1.706    0.059   0.018
1352c1352
<      5.5640     9.707      9.708   1     0.13     0.01      0.244    0.032   0.000
---
>      5.5640     9.707      9.707   1     0.13     0.01      0.244    0.032   0.000
1392c1392
<      5.6140     9.752      9.752   1     0.13     0.01      0.228    0.033   0.000
---
>      5.6140     9.751      9.752   1     0.13     0.01      0.227    0.034   0.000
1409c1409
<      5.6400     9.757      9.758   2     0.13     0.14      1.482    0.130   0.018
---
>      5.6400     9.757      9.758   2     0.13     0.14      1.481    0.130   0.018
1421c1421
<                                                                              0.017        0.005 0.060 0.000 0.000 0.000 0.064
---
>                                                                              0.017        0.005 0.060 0.000 0.000 0.000 0.065
1477,1478c1477,1478
<      5.8480     9.922      9.922   2     0.12     0.32      1.357    0.052   0.017
<                                    3     0.14     0.02      0.273    0.026   0.000
---
>      5.8480     9.922      9.922   2     0.13     0.32      1.357    0.052   0.017
>                                    3     0.14     0.02      0.273    0.027   0.000
1490c1490
<      6.0060     9.928      9.929   2     0.13     0.13      2.230    0.125   0.016
---
>      6.0060     9.928      9.929   2     0.13     0.13      2.230    0.124   0.016
1507c1507
<      6.0140     9.933      9.934   2     0.13     0.14      2.467    0.125   0.017
---
>      6.0140     9.933      9.934   2     0.13     0.14      2.468    0.125   0.017
1555,1556c1555,1556
<      6.0380     9.987      9.987   2     0.11     0.23      1.225    0.071   0.017
<                                    3     2.67     0.03      0.396    0.011   0.000
---
>      6.0380     9.987      9.987   2     0.13     0.23      1.225    0.072   0.017
>                                    3     2.64     0.03      0.396    0.012   0.000
1560,1562c1560,1562
<      6.0890     9.990      9.990   1     1.80     0.01      0.247    0.013   0.000
<                                    2     0.11     0.20      1.148    0.082   0.017
<                                    3     1.92     0.02      0.258    0.013   0.000
---
>      6.0890     9.990      9.990   1     1.78     0.01      0.247    0.014   0.000
>                                    2     0.13     0.20      1.148    0.082   0.017
>                                    3     1.91     0.02      0.259    0.014   0.000
1564c1564
<                                                                              0.017        0.000 0.014 0.000 0.000 0.000 0.013
---
>                                                                              0.017        0.000 0.014 0.000 0.000 0.000 0.014
1566c1566
<      6.1720    10.003     10.004   2     0.13     0.13      1.073    0.129   0.017
---
>      6.1720    10.004     10.005   2     0.13     0.13      1.073    0.128   0.017
1575c1575
<      6.1735    10.004     10.005   2     0.13     0.16      1.577    0.108   0.017
---
>      6.1735    10.004     10.005   2     0.13     0.16      1.580    0.107   0.017
1585c1585
<              10.004     0.009     0.157
---
>              10.004     0.010     0.158
1588c1588
<               0.157     0.000     0.000     0.000
---
>               0.158     0.000     0.000     0.000
1591c1591
<              10.039     0.016     0.211
---
>              10.039     0.016     0.212
1594c1594
<               0.211     0.000     0.000     0.000
---
>               0.212     0.000     0.000     0.000
1597c1597
<              10.067     0.022     0.260
---
>              10.067     0.022     0.261
1600c1600
<               0.260     0.000     0.000     0.000
---
>               0.261     0.000     0.000     0.000
1608c1608
<      6.1745    10.067     10.067   2     0.13     0.26      1.940    0.065   0.017
---
>      6.1745    10.067     10.067   2     0.13     0.26      1.941    0.065   0.017
1616c1616
<      6.2200    10.078     10.080   2     0.13     0.10      0.874    0.174   0.017
---
>      6.2200    10.078     10.080   2     0.13     0.10      0.874    0.173   0.017
1620c1620
<      6.2480    10.113     10.117   2     0.13     0.06      0.824    0.285   0.017
---
>      6.2480    10.112     10.117   2     0.13     0.06      0.824    0.285   0.017
1652c1652
<      6.3380    10.276     10.280   2     0.13     0.04      0.759    0.276   0.010
---
>      6.3380    10.276     10.280   2     0.13     0.04      0.758    0.276   0.010
1660,1661c1660,1661
<      6.5350    10.477     10.477   1     1.87     0.02      0.341    0.011   0.000
<                                    2     0.12     0.16      1.210    0.061   0.010
---
>      6.5350    10.477     10.477   1     1.86     0.02      0.341    0.011   0.000
>                                    2     0.13     0.16      1.210    0.061   0.010
1665c1665
<      6.5560    10.478     10.478   2     0.13     0.12      1.022    0.083   0.010
---
>      6.5560    10.478     10.479   2     0.13     0.12      1.022    0.083   0.010
1667c1667
<                                                                              0.010       -0.001 0.059 0.000 0.000 0.000 0.058
---
>                                                                              0.010       -0.001 0.058 0.000 0.000 0.000 0.058
