     Ergebnis der Wasserspiegellagenberechnung fuer HQ50                        
 
     05/02/05 17:50:22.73 Uhr    KALYPSO - 1D, VERSION 1.0.6 
 

                                                                  Blatt    1

     Stat-km  Wsp-m+NN  hen-m+NN  IND  Lambd    Fl-qm   Umfg-m   v-m/s   Q-cbm/s

                                                                          Q-ges           hv-m  hr-m  h-bor h-ein h-ort h-m


     Durchfluss bei Station km   3.393 :  Q =    8.21 m**3/s

         der Ausgangswasserspiegel wird als Grenztiefe angesetzt

         Stroemung schiessend. Weiter mit Grenztiefe                         8.211        0.000 1.671 0.000 0.000 0.000 1.671

     3.3930     9.201      9.589   1     0.11     0.36      1.966    1.460   0.531
                                   2     0.07     1.83      2.310    3.048   5.580
                                   3     0.13     0.99      2.323    2.117   2.100

                                                                             8.211        0.279 0.102 0.000 0.000 0.000 0.381

     3.4030     9.582      9.691   1     0.09     1.54      3.114    1.240   1.906
                                   2     0.07     2.02      1.640    1.394   2.822
                                   3     0.08     2.46      4.183    1.410   3.472

     Brueckenberechnung an Station km     3.407 : 


          Profil "3":

                                                                             8.211        0.013 0.003 0.000 0.000 0.000 0.017

     3.4040     9.599      9.694   2     0.09     6.02      8.257    1.365   8.209

         Profil "3": hr  m  a
              9.599     4.083     5.078

         ad  aue apl  apg 
              5.078     0.000     0.911     0.009

          Druckabfluss

         Profil "1": hr  m  a
              9.663     4.096     5.078

         ad  aue apl  apg 
              5.078     0.000     1.393     0.009

         Druckabfluss
         --> wsp im ow (profil "1") ermittelt aus Impulsbilanz

          Profil "1":

                                                                             8.211        0.027 0.000 0.000 0.000 0.000 0.027

     3.4070     9.663      9.745   2     0.08     6.50      8.386    1.264   8.211

                                                                             8.211       -0.007 0.008 0.000 0.000 0.000 0.000

     3.4100     9.664      9.759   1     0.09     2.00      3.452    1.243   2.484
                                   2     0.08     1.76      1.327    1.091   1.924
                                   3     0.08     2.89      4.564    1.320   3.815

                                                                  Blatt    2

     Stat-km  Wsp-m+NN  hen-m+NN  IND  Lambd    Fl-qm   Umfg-m   v-m/s   Q-cbm/s

                                                                          Q-ges           hv-m  hr-m  h-bor h-ein h-ort h-m


                                                                             8.211       -0.022 0.052 0.000 0.000 0.000 0.030

     3.4240     9.694      9.834   1     0.09     1.60      2.812    1.499   2.404
                                   2     0.07     2.32      1.598    1.668   3.879
                                   3     0.11     1.42      2.600    1.357   1.928

                                                                             8.211        0.079 0.262 0.000 0.000 0.000 0.341

     3.5060    10.035     10.095   1     0.15     2.31      3.906    0.746   1.722
                                   2     0.07     2.96      1.469    1.056   3.122
                                   3     0.08     3.50      6.865    0.962   3.368

                                                                             8.211       -0.004 0.109 0.000 0.000 0.000 0.105

     3.5760    10.140     10.208   1     0.10     1.57      5.640    0.548   0.860
                                   2     0.06     5.01      3.106    1.260   6.309
                                   3     0.10     1.52      3.531    0.690   1.049

                                                                             8.211        0.042 0.159 0.000 0.000 0.000 0.202

     3.7360    10.342     10.367   1     0.13     6.09      8.459    0.526   3.205
                                   2     0.07     3.17      1.583    0.666   2.113
                                   3     0.11     4.80      6.300    0.606   2.908

                                                                             8.211       -0.004 0.066 0.000 0.000 0.000 0.063

     3.8140    10.404     10.437   1     0.24     4.35      5.712    0.511   2.224
                                   2     0.07     3.02      1.485    0.828   2.503
                                   3     0.15     5.08      5.984    0.686   3.485

                                                                             8.211        0.014 0.088 0.000 0.000 0.000 0.102

     3.9110    10.506     10.524   1     0.51     7.32      7.445    0.337   2.467
                                   2     0.13     2.79      1.388    0.491   1.368
                                   3     0.12     6.92      8.300    0.637   4.408

                                                                             8.211        0.004 0.003 0.000 0.000 0.000 0.007

     3.9160    10.514     10.527   1     0.41    12.17     11.837    0.288   3.507
                                   2     0.07     2.74      1.387    0.502   1.375
                                   3     0.13     6.63      7.028    0.502   3.329

                                                                             8.211        0.007 0.002 0.000 0.000 0.000 0.008

     3.9210    10.522     10.529   1     0.19    21.06     16.760    0.300   6.307
                                   2     0.16     2.66      1.390    0.206   0.548
                                   3     0.15     6.63      6.958    0.295   1.956

                                                                             8.211        0.005 0.000 0.000 0.000 0.000 0.006

     3.9250    10.528     10.529   1     0.27    28.74     24.226    0.080   2.329
                                   2     0.05    24.17     13.151    0.213   5.146
                                   3     0.11     6.95      8.293    0.105   0.729

                                                                  Blatt    3

     Stat-km  Wsp-m+NN  hen-m+NN  IND  Lambd    Fl-qm   Umfg-m   v-m/s   Q-cbm/s

                                                                          Q-ges           hv-m  hr-m  h-bor h-ein h-ort h-m


                                                                             8.211       -0.003 0.000 0.001 0.000 0.000-0.002

     3.9310    10.526     10.530   1     0.47    17.01     14.784    0.152   2.590
                                   2     0.06     4.50      2.294    0.342   1.541
                                   3     0.10    14.31     15.860    0.285   4.081

                                                                             8.211       -0.015 0.002 0.005 0.000 0.000-0.008

     3.9370    10.518     10.537   1     0.26     4.94      4.778    0.380   1.876
                                   2     0.06     5.13      2.600    0.714   3.663
                                   3     0.13     5.72      7.468    0.467   2.672

                                                                             8.211       -0.008 0.036 0.000 0.000 0.000 0.028

     3.9980    10.546     10.581   1     0.06     3.35      5.943    0.735   2.465
                                   2     0.06     4.52      2.384    0.846   3.826
                                   3     0.06     2.90      6.077    0.668   1.936

     Brueckenberechnung an Station km     4.001 : 


          Profil "3":

                                                                             8.211        0.004 0.000 0.000 0.000 0.000 0.004

     3.9980    10.550     10.581   1     0.12     0.04      2.941    0.061   0.003
                                   2     0.06    10.37      9.041    0.790   8.192
                                   3     0.12     0.11      3.086    0.094   0.010

         Profil "3": hr  m  a
             10.550     8.319     7.957

         ad  aue apl  apg 
              7.684     0.274     2.400     0.046

          Druckabfluss

         Profil "1": hr  m  a
             10.573     8.342     8.200

         ad  aue apl  apg 
              7.684     0.516     2.400     0.046

         Druckabfluss
         --> wsp im ow (profil "1") ermittelt aus Impulsbilanz

          Profil "1":

                                                                             8.211        0.005 0.000 0.000 0.000 0.000 0.005

     4.0010    10.573     10.603   1     0.12     0.11      2.984    0.093   0.010
                                   2     0.05    10.54      9.041    0.776   8.180
                                   3     0.12     0.18      3.086    0.115   0.021

                                                                  Blatt    4

     Stat-km  Wsp-m+NN  hen-m+NN  IND  Lambd    Fl-qm   Umfg-m   v-m/s   Q-cbm/s

                                                                          Q-ges           hv-m  hr-m  h-bor h-ein h-ort h-m


                                                                             8.211        0.007 0.001 0.000 0.000 0.000 0.008

     4.0040    10.581     10.604   1     0.05     4.44      6.850    0.621   2.756
                                   2     0.06     3.92      1.888    0.591   2.319
                                   3     0.05     5.17      9.626    0.605   3.128

                                                                             8.211       -0.005 0.005 0.000 0.000 0.000 0.000

     4.0130    10.581     10.615   1     0.08     4.61      7.622    0.699   3.221
                                   2     0.06     4.25      2.185    0.875   3.714
                                   3     0.13     2.75      6.425    0.463   1.276

                                                                             8.211        0.018 0.063 0.000 0.000 0.000 0.082

     4.1130    10.663     10.679   1     0.09     6.28      8.279    0.559   3.511
                                   2     0.07     2.55      1.166    0.478   1.218
                                   3     0.16     8.68     12.442    0.401   3.485

                                                                             8.211       -0.007 0.125 0.000 0.000 0.000 0.118

     4.3080    10.781     10.812   1     0.10     5.03      5.721    0.771   3.878
                                   2     0.07     2.81      1.326    0.693   1.945
                                   3     0.16     4.40      5.879    0.550   2.420

                                                                             8.211        0.000 0.040 0.000 0.000 0.000 0.039

     4.3600    10.820     10.851   1     0.09     5.14      5.606    0.755   3.879
                                   2     0.07     3.06      1.549    0.684   2.091
                                   3     0.14     4.09      5.230    0.555   2.268

                                                                             8.211       -0.002 0.049 0.000 0.000 0.000 0.047

     4.4210    10.868     10.902   1     0.09     4.21      5.637    0.786   3.309
                                   2     0.06     3.50      1.576    0.798   2.793
                                   3     0.17     3.89      5.640    0.542   2.109

                                                                             8.211        0.010 0.037 0.000 0.000 0.000 0.047

     4.4660    10.915     10.940   1     0.10     4.59      5.462    0.688   3.158
                                   2     0.06     3.72      1.671    0.752   2.794
                                   3     0.16     4.52      6.257    0.508   2.295

                                                                             8.211       -0.007 0.053 0.000 0.000 0.000 0.046

     4.5250    10.961     11.000   1     0.14     4.32      5.653    0.686   2.962
                                   2     0.06     3.48      1.694    0.882   3.067
                                   3     0.24     4.25      5.457    0.523   2.221

                                                                             8.211       -0.005 0.040 0.000 0.000 0.000 0.035

     4.5600    10.996     11.045   1     0.16     3.01      4.185    0.673   2.021
                                   2     0.06     4.61      2.323    1.115   5.141
                                   3     0.49     2.77      3.837    0.379   1.049

     Brueckenberechnung an Station km     4.566 : 


          Profil "3":

                                                                  Blatt    5

     Stat-km  Wsp-m+NN  hen-m+NN  IND  Lambd    Fl-qm   Umfg-m   v-m/s   Q-cbm/s

                                                                          Q-ges           hv-m  hr-m  h-bor h-ein h-ort h-m


                                                                             8.211        0.031 0.002 0.000 0.000 0.000 0.034

     4.5630    11.030     11.047   2     0.09    14.28     12.620    0.575   8.207

         Profil "3": hr  m  a
             11.030    10.905    11.695

         ad  aue apl  apg 
             11.695     0.000     2.412     0.173

          Druckabfluss

         Profil "1": hr  m  a
             11.042    10.947    11.695

         ad  aue apl  apg 
             11.695     0.000     2.546     0.173

         Druckabfluss
         --> wsp im ow (profil "1") ermittelt aus Impulsbilanz

          Profil "1":

                                                                             8.211        0.032 0.000 0.000 0.000 0.000 0.032

     4.5660    11.042     11.058   2     0.07    14.42     12.643    0.570   8.211

                                                                             8.211       -0.010 0.002 0.001 0.000 0.000-0.007

     4.5700    11.035     11.061   1     0.66     3.27      4.308    0.255   1.081
                                   2     0.09     6.42      3.360    0.760   4.877
                                   3     0.08     3.26      4.637    0.689   2.244

                                                                             8.211       -0.005 0.008 0.000 0.000 0.000 0.003

     4.5800    11.038     11.074   1     0.19     3.99      4.742    0.534   2.130
                                   2     0.06     5.19      2.673    0.977   5.074
                                   3     0.25     2.50      4.024    0.402   1.007

                                                                             8.211        0.008 0.074 0.000 0.000 0.000 0.082

     4.6720    11.120     11.148   1     0.09     3.15      4.056    0.724   2.282
                                   2     0.06     3.81      1.841    0.792   3.018
                                   3     0.12     4.52      5.635    0.645   2.911

                                                                             8.211        0.005 0.030 0.000 0.000 0.000 0.035

     4.7240    11.154     11.178   1     0.26     3.50      4.512    0.306   1.072
                                   2     0.05     6.76      3.466    0.751   5.077
                                   3     0.09     3.89      4.825    0.533   2.074

                                                                  Blatt    6

     Stat-km  Wsp-m+NN  hen-m+NN  IND  Lambd    Fl-qm   Umfg-m   v-m/s   Q-cbm/s

                                                                          Q-ges           hv-m  hr-m  h-bor h-ein h-ort h-m


                                                                             8.211       -0.002 0.014 0.000 0.000 0.000 0.012

     4.7540    11.166     11.194   1     0.23     4.13      5.110    0.384   1.588
                                   2     0.07     3.26      1.567    0.608   1.982
                                   3     0.08     6.16      5.950    0.754   4.643

                                                                             8.211       -0.003 0.031 0.000 0.000 0.000 0.028

     4.7960    11.195     11.228   1     0.14     3.15      4.382    0.618   1.949
                                   2     0.06     3.69      1.788    0.869   3.205
                                   3     0.12     4.11      4.734    0.746   3.062

                                                                             8.211        0.014 0.079 0.000 0.000 0.000 0.093

     4.8880    11.288     11.308   1     0.11     5.66      7.354    0.634   3.589
                                   2     0.07     3.25      1.465    0.700   2.275
                                   3     0.26     5.33      6.282    0.440   2.348

                                                                             8.211        0.003 0.023 0.000 0.000 0.000 0.026

     4.9270    11.314     11.331   1     0.08     5.87      7.985    0.542   3.179
                                   2     0.06     4.14      1.983    0.615   2.547
                                   3     0.22     7.03      8.222    0.356   2.503

                                                                             8.211        0.002 0.006 0.000 0.000 0.000 0.008

     4.9410    11.322     11.337   1     0.13     6.71      7.299    0.502   3.368
                                   2     0.07     2.77      1.281    0.499   1.385
                                   3     0.18     8.22      9.117    0.421   3.463

                                                                             8.211        0.002 0.044 0.000 0.000 0.000 0.046

     5.0460    11.368     11.381   1     0.12     6.90      8.033    0.471   3.246
                                   2     0.06     3.87      1.854    0.554   2.147
                                   3     0.20     7.81      9.017    0.361   2.818

                                                                             8.211       -0.002 0.005 0.000 0.000 0.000 0.004

     5.0580    11.372     11.388   1     0.12     5.65      7.124    0.529   2.993
                                   2     0.06     4.02      1.932    0.668   2.685
                                   3     0.23     6.53      7.994    0.387   2.525

                                                                             8.211       -0.001 0.017 0.000 0.000 0.000 0.015

     5.0870    11.387     11.406   1     0.11     6.65      7.542    0.627   4.168
                                   2     0.07     3.07      1.462    0.632   1.937
                                   3     0.27     5.50      6.574    0.384   2.111

                                                                             8.211        0.000 0.009 0.000 0.000 0.000 0.009

     5.1020    11.396     11.415   1     0.12     5.18      5.971    0.574   2.974
                                   2     0.07     3.24      1.495    0.612   1.985
                                   3     0.13     6.12      7.529    0.532   3.251

                                                                  Blatt    7

     Stat-km  Wsp-m+NN  hen-m+NN  IND  Lambd    Fl-qm   Umfg-m   v-m/s   Q-cbm/s

                                                                          Q-ges           hv-m  hr-m  h-bor h-ein h-ort h-m


                                                                             8.211       -0.008 0.053 0.000 0.000 0.000 0.045

     5.1810    11.441     11.475   1     0.08     4.69      7.381    0.695   3.259
                                   2     0.07     2.67      1.199    0.631   1.688
                                   3     0.09     4.79      6.825    0.682   3.265

                                                                             8.211        0.015 0.041 0.000 0.000 0.000 0.056

     5.2530    11.497     11.517   1     0.06     6.97      8.016    0.646   4.505
                                   2     0.07     2.67      1.153    0.435   1.162
                                   3     0.17     5.92      5.698    0.430   2.544

                                                                             8.211        0.004 0.022 0.000 0.000 0.000 0.026

     5.3110    11.523     11.539   1     0.08     7.23      8.368    0.597   4.316
                                   2     0.07     2.81      1.271    0.472   1.326
                                   3     0.21     6.57      6.356    0.391   2.569

                                                                             8.211       -0.002 0.032 0.000 0.000 0.000 0.030

     5.3950    11.553     11.573   1     0.06     5.39      6.494    0.619   3.337
                                   2     0.07     3.19      1.722    0.493   1.574
                                   3     0.09     6.37      7.468    0.518   3.301

                                                                             8.211       -0.011 0.003 0.001 0.000 0.000-0.007

     5.4010    11.547     11.577   1     0.06     3.25      4.655    0.769   2.501
                                   2     0.08     3.11      1.907    0.605   1.883
                                   3     0.13     6.52      7.380    0.588   3.833

                                                                             8.211        0.011 0.008 0.000 0.000 0.000 0.019

     5.4150    11.565     11.584   1     0.06     5.53      8.279    0.611   3.378
                                   2     0.07     4.26      2.519    0.608   2.592
                                   3     0.18     5.36      5.970    0.422   2.262

                                                                             8.211        0.006 0.018 0.000 0.000 0.000 0.024

     5.4690    11.590     11.602   1     0.06     4.08      7.394    0.390   1.594
                                   2     0.07     9.40      5.583    0.540   5.079
                                   3     0.08     4.40      7.316    0.358   1.574

     Brueckenberechnung an Station km     5.472 : 


          Profil "3":

                                                                             8.211       -0.013 0.000 0.002 0.000 0.000-0.010

     5.4690    11.579     11.605   1     0.12     0.89      3.161    0.283   0.251
                                   2     0.07    10.70      8.773    0.723   7.735
                                   3     0.11     0.81      3.085    0.275   0.223

                                                                  Blatt    8

     Stat-km  Wsp-m+NN  hen-m+NN  IND  Lambd    Fl-qm   Umfg-m   v-m/s   Q-cbm/s

                                                                          Q-ges           hv-m  hr-m  h-bor h-ein h-ort h-m


         Profil "3": hr  m  a
             11.579     8.214     9.251

         ad  aue apl  apg 
              6.207     3.044     2.172     0.164

          Druckabfluss

         Profil "1": hr  m  a
             11.597     8.253     9.437

         ad  aue apl  apg 
              6.207     3.230     2.172     0.164

         Druckabfluss
         --> wsp im ow (profil "1") ermittelt aus Impulsbilanz

          Profil "1":

                                                                             8.211       -0.012 0.000 0.002 0.000 0.000-0.010

     5.4720    11.597     11.621   1     0.12     0.94      3.161    0.266   0.251
                                   2     0.06    10.83      8.773    0.714   7.733
                                   3     0.11     0.87      3.085    0.263   0.227

                                                                             8.211       -0.001 0.001 0.000 0.000 0.000 0.000

     5.4750    11.597     11.624   1     0.07     4.92      6.613    0.633   3.119
                                   2     0.07     2.86      1.470    0.554   1.583
                                   3     0.07     5.32      6.771    0.661   3.514

                                                                             8.211        0.001 0.004 0.000 0.000 0.000 0.006

     5.4810    11.603     11.628   1     0.15     5.75      7.547    0.620   3.567
                                   2     0.16     3.13      2.195    0.522   1.635
                                   3     0.12     5.09      6.403    0.699   3.560

                                                                             8.211       -0.017 0.071 0.000 0.000 0.000 0.055

     5.5090    11.657     11.716   1     0.12     1.91      5.132    1.007   1.925
                                   2     0.13     3.21      3.558    1.170   3.752
                                   3     0.18     2.84      4.773    1.036   2.948

                                                                             8.211       -0.083 0.295 0.000 0.000 0.000 0.212

     5.5590    11.869     12.094   1     0.13     0.36      1.476    1.077   0.383
                                   2     0.07     3.31      5.129    2.198   7.276
                                   3     0.13     0.51      2.072    1.096   0.557

     Brueckenberechnung an Station km     5.609 : 


          Profil "3":

                                                                  Blatt    9

     Stat-km  Wsp-m+NN  hen-m+NN  IND  Lambd    Fl-qm   Umfg-m   v-m/s   Q-cbm/s

                                                                          Q-ges           hv-m  hr-m  h-bor h-ein h-ort h-m


                                                                             8.211       -0.051 0.091 0.000 0.001 0.000 0.041

     5.5690    11.910     12.238   2     0.07     3.24      6.187    2.536   8.211


          Druck- und Wehrabfluss
          ----------------------
          Q-Wehr   =      0.000
          Q-Druck  =      8.211
          Q-Gesamt =      8.211

          Profil "1":

                                                                             8.211        0.077 0.000 0.000 0.001 0.000 0.078

     5.6090    13.096     13.244   2     0.07     4.82      8.558    1.704   8.211

          Profil "b":

                                                                             8.211        0.123 0.011 0.000 0.007 0.000 0.142

     5.6140    13.237     13.262   1     0.04     5.36      4.677    0.745   3.995
                                   2     0.07     4.94      1.336    0.390   1.925
                                   3     0.03     3.72      5.856    0.616   2.291

                                                                             8.211        0.021 0.003 0.000 0.000 0.000 0.023

     5.6310    13.261     13.265   1     0.21     8.86      7.251    0.189   1.695
                                   2     0.11    18.23      6.337    0.303   5.528
                                   3     0.18     5.30      7.061    0.158   0.988

                                                                             8.211        0.001 0.001 0.000 0.000 0.000 0.002

     5.6400    13.263     13.266   1     0.24    12.14      7.783    0.288   3.496
                                   2     0.24     8.80      2.833    0.226   1.987
                                   3     0.30    14.88     10.370    0.248   3.684

     Durchflussaenderung bei Station km   5.670 :  Q =    6.27 m**3/s

                                                                             6.270        0.001 0.003 0.000 0.000 0.000 0.003

     5.6700    13.266     13.268   1     0.07    16.31      7.178    0.194   3.157
                                   2     0.07     6.02      1.833    0.108   0.650
                                   3     0.07    15.34     10.517    0.161   2.464

                                                                             6.270       -0.004 0.000 0.001 0.000 0.000-0.002

     5.6850    13.264     13.270   1     0.14    17.00      7.141    0.230   3.906
                                   2     0.10     2.64      0.744    0.101   0.266
                                   3     0.23    12.84      6.744    0.163   2.095

                                                                             6.270        0.004 0.001 0.000 0.000 0.000 0.005

     5.7300    13.269     13.271   1     0.10    12.76      5.958    0.164   2.096
                                   2     0.05    18.50      6.520    0.196   3.618
                                   3     0.35     6.86      3.762    0.081   0.558

     Brueckenberechnung an Station km     5.733 : 


          Profil "3":

                                                                  Blatt   10

     Stat-km  Wsp-m+NN  hen-m+NN  IND  Lambd    Fl-qm   Umfg-m   v-m/s   Q-cbm/s

                                                                          Q-ges           hv-m  hr-m  h-bor h-ein h-ort h-m


                                                                             6.270        0.000 0.000 0.000 0.000 0.000 0.000

     5.7300    13.269     13.271   1     0.04     6.44      3.291    0.215   1.382
                                   2     0.06    25.12      9.623    0.168   4.209
                                   3     0.15     6.35      3.433    0.107   0.679

         Profil "3": hr  m  a
             13.269    38.808    29.015

         ad  aue apl  apg 
              6.168    22.847     2.305     0.151

          Druckabfluss

         Profil "1": hr  m  a
             13.266    38.716    28.982

         ad  aue apl  apg 
              6.168    22.814     2.305     0.151

         Druckabfluss
         --> wsp im ow (profil "1") ermittelt aus Impulsbilanz

          Profil "1":

                                                                             6.270        0.000 0.000 0.000 0.000 0.000 0.000

     5.7330    13.266     13.268   1     0.06     6.43      3.291    0.173   1.111
                                   2     0.06    25.10      9.623    0.179   4.481
                                   3     0.15     6.34      3.433    0.107   0.681

                                                                             6.270        0.000 0.000 0.000 0.000 0.000 0.000

     5.7360    13.267     13.268   1     0.30    14.24      6.227    0.204   2.908
                                   2     0.17     8.98      2.678    0.176   1.582
                                   3     0.39    14.34      6.460    0.177   2.540

                                                                             6.270       -0.001 0.004 0.000 0.000 0.000 0.003

     5.7930    13.270     13.273   1     0.20    11.84      5.425    0.247   2.925
                                   2     0.14     6.70      2.247    0.177   1.186
                                   3     0.54    16.18      7.917    0.145   2.352

                                                                             6.270       -0.001 0.004 0.000 0.000 0.000 0.003

     5.8480    13.273     13.278   1     0.16    13.09      6.479    0.285   3.726
                                   2     0.16     3.85      1.357    0.136   0.522
                                   3     0.46    13.11      6.152    0.174   2.281

                                                                  Blatt   11

     Stat-km  Wsp-m+NN  hen-m+NN  IND  Lambd    Fl-qm   Umfg-m   v-m/s   Q-cbm/s

                                                                          Q-ges           hv-m  hr-m  h-bor h-ein h-ort h-m


                                                                             6.270        0.003 0.009 0.000 0.000 0.000 0.012

     5.9180    13.285     13.287   1     0.25    11.51      7.345    0.289   3.322
                                   2     0.28     5.39      1.656    0.174   0.936
                                   3     0.37    11.91      6.113    0.262   3.127

                                                                             6.270        0.000 0.010 0.000 0.000 0.000 0.010

     5.9950    13.295     13.298   1     0.26    10.94      6.207    0.227   2.483
                                   2     0.13     6.98      2.233    0.217   1.512
                                   3     0.24    11.67      7.287    0.225   2.626

                                                                             6.270        0.002 0.001 0.000 0.000 0.000 0.002

     6.0060    13.297     13.298   1     0.08    11.41      6.911    0.129   1.467
                                   2     0.04    17.66      5.170    0.163   2.876
                                   3     0.08    13.74      7.340    0.140   1.927

     Brueckenberechnung an Station km     6.020 : 


          Profil "3":

                                                                             6.270       -0.001 0.000 0.000 0.000 0.000-0.001

     6.0140    13.297     13.299   1     0.07     7.98      6.060    0.199   1.585
                                   2     0.08    14.76      8.582    0.181   2.673
                                   3     0.06     9.82      7.412    0.205   2.012

         Profil "3": hr  m  a
             13.297    20.165    17.441

         ad  aue apl  apg 
              3.737    13.705     4.012     1.287

          Druckabfluss

         Profil "1": hr  m  a
             13.296    20.115    17.436

         ad  aue apl  apg 
              3.737    13.699     4.012     1.287

         Druckabfluss
         --> wsp im ow (profil "1") ermittelt aus Impulsbilanz

          Profil "1":

                                                                             6.270       -0.001 0.000 0.000 0.000 0.000-0.001

     6.0200    13.296     13.298   1     0.07     7.98      6.060    0.183   1.461
                                   2     0.06    14.76      8.582    0.200   2.954
                                   3     0.06     9.82      7.412    0.189   1.855

          Profil "b":

                                                                  Blatt   11

     Stat-km  Wsp-m+NN  hen-m+NN  IND  Lambd    Fl-qm   Umfg-m   v-m/s   Q-cbm/s

                                                                          Q-ges           hv-m  hr-m  h-bor h-ein h-ort h-m


                                                                             6.270        0.001 0.000 0.000 0.000 0.000 0.001

     6.0250    13.297     13.299   1     0.07    11.68      6.669    0.142   1.658
                                   2     0.05    14.55      4.333    0.153   2.225
                                   3     0.07    15.35      7.912    0.156   2.395

                                                                             6.270       -0.002 0.000 0.001 0.000 0.000-0.002

     6.0330    13.296     13.300   1     1.24    16.91     10.101    0.090   1.541
                                   2     0.07     9.61      3.352    0.302   2.901
                                   3     0.19     8.50      5.855    0.216   1.838

                                                                             6.270       -0.001 0.001 0.000 0.000 0.000-0.001

     6.0380    13.295     13.300   1     1.58     9.56      6.764    0.126   1.215
                                   2     0.10     5.93      2.023    0.346   2.049
                                   3     0.54    13.28      8.545    0.225   3.006

                                                                             6.270        0.000 0.010 0.000 0.000 0.000 0.010

     6.0890    13.305     13.310   1     2.00    12.12      8.120    0.095   1.172
                                   2     0.10     7.38      2.577    0.316   2.328
                                   3     0.41    11.81      6.407    0.233   2.763

     Durchflussaenderung bei Station km   6.172 :  Q =    3.53 m**3/s

                                                                             3.527        0.002 0.009 0.000 0.000 0.000 0.011

     6.1720    13.316     13.319   1     1.06    16.66      7.854    0.091   1.513
                                   2   107.42     4.03      1.367    0.004   0.018
                                   3     0.63    15.03      7.018    0.119   1.988

     Brueckenberechnung an Station km     6.174 : 


          Profil "3":

                                                                             3.527        0.002 0.000 0.000 0.000 0.000 0.002

     6.1735    13.318     13.319   1     0.22     8.08      4.409    0.054   0.434
                                   2     0.05    22.18      8.866    0.112   2.493
                                   3     0.06     6.09      3.332    0.099   0.600

         Profil "3": hr  m  a
             13.318    35.288    27.941

         ad  aue apl  apg 
              5.642    22.300     2.300     0.000

                                                                  Blatt   12

     Stat-km  Wsp-m+NN  hen-m+NN  IND  Lambd    Fl-qm   Umfg-m   v-m/s   Q-cbm/s

                                                                          Q-ges           hv-m  hr-m  h-bor h-ein h-ort h-m


          Druckabfluss

         Profil "1": hr  m  a
             13.315    35.207    27.907

         ad  aue apl  apg 
              5.642    22.266     2.300     0.000

         Druckabfluss
         --> wsp im ow (profil "1") ermittelt aus Impulsbilanz

          Profil "1":

                                                                             3.527        0.002 0.000 0.000 0.000 0.000 0.002

     6.1745    13.315     13.316   1     0.23     8.07      4.409    0.061   0.490
                                   2     0.07    22.16      8.866    0.106   2.358
                                   3     0.06     6.08      3.332    0.113   0.689

                                                                             3.527       -0.001 0.000 0.000 0.000 0.000-0.001

     6.1770    13.315     13.316   1     0.33     9.55      4.299    0.166   1.590
                                   2     0.08     4.04      1.173    0.156   0.632
                                   3     0.60    10.44      4.567    0.125   1.305

                                                                             3.527        0.000 0.001 0.000 0.000 0.000 0.002

     6.2200    13.316     13.318   1     0.14    14.51      6.936    0.113   1.633
                                   2     0.10     2.75      0.874    0.056   0.154
                                   3     0.13    14.38      6.533    0.121   1.740

                                                                             3.527        0.000 0.001 0.000 0.000 0.000 0.001

     6.2480    13.317     13.318   1     0.35    15.01      7.060    0.118   1.774
                                   2     0.14     2.51      0.872    0.077   0.193
                                   3     0.39    13.50      6.046    0.116   1.566

                                                                             3.527        0.000 0.000 0.000 0.000 0.000 0.000

     6.2570    13.317     13.318   1     0.27    11.95      5.800    0.140   1.775
                                   2  6729.24     2.61      0.792    0.000   0.001
                                   3     0.42    15.27      6.910    0.115   1.752

                                                                             3.527        0.000 0.001 0.000 0.000 0.000 0.001

     6.2840    13.318     13.319   1     0.21    12.40      5.891    0.143   1.768
                                   2     4.01     1.84      0.632    0.012   0.021
                                   3     0.36    14.64      6.448    0.113   1.738

                                                                             3.527        0.000 0.001 0.000 0.000 0.000 0.001

     6.3110    13.319     13.320   1     0.16    12.03      5.838    0.161   1.937
                                   2     0.11     2.37      0.743    0.079   0.186
                                   3     0.41    13.53      5.974    0.104   1.408

                                                                  Blatt   13

     Stat-km  Wsp-m+NN  hen-m+NN  IND  Lambd    Fl-qm   Umfg-m   v-m/s   Q-cbm/s

                                                                          Q-ges           hv-m  hr-m  h-bor h-ein h-ort h-m


                                                                             3.527        0.000 0.001 0.000 0.000 0.000 0.001

     6.3380    13.319     13.321   1     0.14    14.56      7.226    0.155   2.258
                                   2     0.10     2.63      0.860    0.081   0.212
                                   3     0.39    10.62      4.644    0.099   1.056

                                                                             3.527        0.000 0.001 0.000 0.000 0.000 0.001

     6.3580    13.320     13.321   1     0.27    12.37      6.383    0.134   1.663
                                   2     0.13     3.37      1.131    0.098   0.330
                                   3     0.40    12.49      5.304    0.123   1.541

                                                                             3.527        0.000 0.009 0.000 0.000 0.000 0.009

     6.5350    13.329     13.330   1     0.72    12.08      5.758    0.125   1.510
                                   2     4.25     3.51      1.210    0.025   0.088
                                   3     0.60    12.39      5.460    0.143   1.931

                                                                             3.527        0.000 0.001 0.000 0.000 0.000 0.001

     6.5560    13.330     13.332   1     0.69    11.67      5.921    0.124   1.457
                                   2     0.12     2.98      1.022    0.139   0.415
                                   3     0.66    12.16      5.448    0.136   1.658

                                                                             3.527       -0.001 0.012 0.000 0.000 0.000 0.011

     6.7150    13.341     13.344   1     0.43    10.72      6.360    0.157   1.678
                                   2     0.11     1.98      0.685    0.131   0.261
                                   3     0.49    10.87      6.531    0.146   1.588

                                                                             3.527        0.000 0.000 0.000 0.000 0.000 0.000

     6.7175    13.341     13.345   1     0.39    10.71      6.360    0.158   1.693
                                   2     0.11     1.98      0.685    0.127   0.251
                                   3     0.46    10.89      6.531    0.145   1.583

                                                                             3.527       -0.001 0.000 0.000 0.000 0.000-0.001

     6.7200    13.341     13.345   1     0.41    10.99      6.068    0.167   1.841
                                   2     0.13     0.80      0.274    0.082   0.065
                                   3     0.40     9.79      5.661    0.166   1.623
