     Ergebnis der Wasserspiegellagenberechnung fuer HQ                          
 
     04/21/05 13:06:43.23 Uhr    KALYPSO - 1D, VERSION 1.0.5 
 

                                                                  Blatt    1

     Stat-km  Wsp-m+NN  hen-m+NN  IND  Lambd    Fl-qm   Umfg-m   v-m/s   Q-cbm/s

                                                                          Q-ges           hv-m  hr-m  h-bor h-ein h-ort h-m


     Durchfluss bei Station km   0.000 :  Q =    2.40 m**3/s

         der Anfangswasserspiegel wird unter Annahme
          stationaer gleichfoermigen Abflusses berechnet. 
         Sohlgefaelle = -.00710

                                                                             2.400        0.000 0.000 0.000 0.000 0.000 0.000

     0.0000     4.174      4.249   2     0.13     1.97      5.648    1.215   2.392
                                   3     0.13     0.02      0.255    0.530   0.008

                                                                             2.400        0.001 0.093 0.000 0.000 0.000 0.094

     0.0130     4.268      4.342   1     0.13     0.03      0.387    0.728   0.018
                                   2     0.13     1.95      5.295    1.212   2.359
                                   3     0.11     0.03      0.402    0.651   0.023

                                                                             2.400       -0.002 0.088 0.000 0.000 0.000 0.086

     0.0250     4.355      4.433   1     0.13     0.04      0.419    0.736   0.029
                                   2     0.13     1.88      5.026    1.247   2.350
                                   3     0.00     0.03      0.416    0.649   0.021

     Brueckenberechnung an Station km     0.058 : 


          Profil "a": 

                                                                             2.400       -0.003 0.160 0.000 0.000 0.004 0.161

     0.0456     4.516      4.600   1     0.06     0.10      0.727    0.850   0.088
                                   2     0.12     1.72      4.434    1.304   2.249
                                   3     0.10     0.06      0.505    0.882   0.057

          Profil "3":

                                                                             2.400       -0.031 0.090 0.000 0.000 0.007 0.066

     0.0540     4.583      4.730   2     0.13     1.41      4.173    1.700   2.403

         Profil "3": hr  m  a
              4.583     0.783     1.393

         ad  aue apl  apg 
              1.393     0.000     0.000     0.020

                                                                  Blatt    2

     Stat-km  Wsp-m+NN  hen-m+NN  IND  Lambd    Fl-qm   Umfg-m   v-m/s   Q-cbm/s

                                                                          Q-ges           hv-m  hr-m  h-bor h-ein h-ort h-m


         Profil "2": hr  m  a
              4.684     0.789     1.731

         ad  aue apl  apg 
              1.731     0.000     0.000     0.026

         Profil "1": hr  m  a
              4.697     0.794     1.776

         ad  aue apl  apg 
              1.776     0.000     0.000     0.027

         wsp im ow (Profil "1") ermittelt aus Impulsbilanz

          Profil "1":

                                                                             2.400       -0.006 0.000 0.000 0.000 0.004-0.002

     0.0580     4.697      4.788   2     0.11     1.80      4.402    1.331   2.400

          Profil "b":

                                                                             2.400        0.038 0.024 0.000 0.000 0.003 0.064

     0.0630     4.762      4.815   1     0.05     0.19      0.982    0.661   0.128
                                   2     0.11     2.08      3.911    1.040   2.165
                                   3     0.11     0.14      0.732    0.696   0.094

                                                                             2.400       -0.006 0.366 0.000 0.000 0.000 0.360

     0.1600     5.125      5.189   1     0.13     0.33      1.291    0.809   0.270
                                   2     0.10     1.67      2.704    1.186   1.979
                                   3     0.13     0.21      1.098    0.742   0.151

     Durchflussaenderung bei Station km   0.170 :  Q =    2.30 m**3/s

                                                                             2.300        0.016 0.036 0.000 0.000 0.000 0.052

     0.1700     5.176      5.225   1     0.10     0.52      1.587    0.890   0.462
                                   2     0.11     1.45      1.987    1.008   1.467
                                   3     0.10     0.45      1.513    0.832   0.373

                                                                             2.300        0.007 0.099 0.000 0.000 0.000 0.107

     0.2060     5.283      5.324   1     0.10     0.48      1.489    0.768   0.370
                                   2     0.10     1.71      1.959    0.941   1.609
                                   3     0.10     0.44      1.455    0.744   0.327

                                                                             2.300        0.004 0.136 0.000 0.000 0.000 0.140

     0.2685     5.424      5.461   1     0.10     0.39      1.323    0.663   0.259
                                   2     0.10     1.98      2.476    0.882   1.750
                                   3     0.09     0.40      1.323    0.720   0.291

     Brueckenberechnung an Station km     0.367 : 


          Profil "a": 

                                                                             2.300        0.000 0.115 0.000 0.000 0.003 0.118

     0.3250     5.541      5.578   1     0.10     0.43      1.434    0.698   0.300
                                   2     0.10     2.06      2.974    0.881   1.815
                                   3     0.10     0.28      1.040    0.664   0.187

          Profil "3":

                                                                  Blatt    3

     Stat-km  Wsp-m+NN  hen-m+NN  IND  Lambd    Fl-qm   Umfg-m   v-m/s   Q-cbm/s

                                                                          Q-ges           hv-m  hr-m  h-bor h-ein h-ort h-m


                                                                             2.300       -0.015 0.023 0.000 0.000 0.005 0.013

     0.3320     5.555      5.622   2     0.13     2.00      4.294    1.153   2.301

         Profil "3": hr  m  a
              5.555     1.273     1.983

         ad  aue apl  apg 
              1.983     0.000     0.000     0.013

         Profil "2": hr  m  a
              5.724     1.280     2.467

         ad  aue apl  apg 
              2.467     0.000     0.000     0.019

         Profil "1": hr  m  a
              5.729     1.287     2.480

         ad  aue apl  apg 
              2.480     0.000     0.000     0.020

         wsp im ow (Profil "1") ermittelt aus Impulsbilanz

          Profil "1":

                                                                             2.300       -0.006 0.000 0.000 0.000 0.003-0.003

     0.3670     5.729      5.772   2     0.09     2.50      4.641    0.920   2.300

          Profil "b":

                                                                             2.300        0.019 0.008 0.000 0.000 0.002 0.028

     0.3720     5.757      5.781   1     0.10     0.64      1.745    0.573   0.364
                                   2     0.10     2.40      2.851    0.718   1.721
                                   3     0.10     0.40      1.240    0.539   0.215

                                                                             2.300       -0.014 0.227 0.000 0.000 0.000 0.212

     0.4760     5.971      6.024   1     0.11     0.43      1.404    0.851   0.368
                                   2     0.10     1.58      2.036    1.054   1.662
                                   3     0.15     0.38      1.194    0.735   0.282

     Brueckenberechnung an Station km     0.633 : 


          Profil "a": 

                                                                             2.300        0.009 0.408 0.000 0.000 0.000 0.418

     0.6270     6.389      6.432   1     0.11     0.23      1.185    0.565   0.133
                                   2     0.10     2.17      2.723    0.961   2.080
                                   3     2.61     0.56      1.591    0.155   0.087

          Profil "3":

                                                                  Blatt    4

     Stat-km  Wsp-m+NN  hen-m+NN  IND  Lambd    Fl-qm   Umfg-m   v-m/s   Q-cbm/s

                                                                          Q-ges           hv-m  hr-m  h-bor h-ein h-ort h-m


                                                                             2.300        0.014 0.009 0.000 0.000 0.000 0.023

     0.6320     6.412      6.441   2     0.09     3.04      5.587    0.761   2.311

         Profil "3": hr  m  a
              6.412     1.287     3.036

         ad  aue apl  apg 
              3.036     0.000     0.000     0.000

         Profil "2": hr  m  a
              6.418     1.300     3.068

         ad  aue apl  apg 
              3.068     0.000     0.000     0.000

         Profil "1": hr  m  a
              6.423     1.313     3.092

         ad  aue apl  apg 
              3.092     0.000     0.000     0.000

         wsp im ow (Profil "1") ermittelt aus Impulsbilanz

          Profil "1":

                                                                             2.300        0.016 0.000 0.000 0.000 0.000 0.016

     0.6330     6.423      6.451   2     0.11     3.09      5.637    0.744   2.300

          Profil "b":

                                                                             2.300       -0.009 0.010 0.000 0.000 0.000 0.000

     0.6380     6.423      6.470   1     0.11     0.21      1.111    0.584   0.122
                                   2     0.10     2.11      2.756    0.994   2.094
                                   3     2.54     0.53      1.544    0.162   0.086

     Durchflussaenderung bei Station km   0.652 :  Q =    2.00 m**3/s

                                                                             2.000        0.028 0.023 0.000 0.000 0.000 0.051

     0.6520     6.474      6.493   1     0.11     0.24      1.158    0.337   0.080
                                   2     0.10     2.93      3.295    0.621   1.818
                                   3     0.66     0.55      1.592    0.186   0.102

                                                                             2.000        0.009 0.040 0.000 0.000 0.000 0.049

     0.7220     6.523      6.533   1     0.10     0.72      1.853    0.338   0.243
                                   2     0.09     3.34      3.227    0.473   1.582
                                   3     0.23     0.78      1.995    0.224   0.175

     Brueckenberechnung an Station km     0.737 : 


          Profil "3":

                                                                  Blatt    5

     Stat-km  Wsp-m+NN  hen-m+NN  IND  Lambd    Fl-qm   Umfg-m   v-m/s   Q-cbm/s

                                                                          Q-ges           hv-m  hr-m  h-bor h-ein h-ort h-m


                                                                             2.000       -0.006 0.001 0.001 0.000 0.000-0.004

     0.7245     6.519      6.535   2     0.11     3.58      5.317    0.558   2.000

         Profil "3": hr  m  a
              6.519     1.814     3.566

         ad  aue apl  apg 
              3.566     0.000     0.000     0.016

         Profil "2": hr  m  a
              6.532     1.827     3.615

         ad  aue apl  apg 
              3.615     0.000     0.000     0.017

         Profil "1": hr  m  a
              6.536     1.840     3.631

         ad  aue apl  apg 
              3.631     0.000     0.000     0.017

         wsp im ow (Profil "1") ermittelt aus Impulsbilanz

          Profil "1":

                                                                             2.000       -0.005 0.000 0.001 0.000 0.000-0.005

     0.7370     6.536      6.551   2     0.09     3.65      5.350    0.548   2.000

          Profil "b":

                                                                             2.000        0.000 0.003 0.000 0.000 0.000 0.003

     0.7420     6.539      6.554   1     0.11     0.58      1.769    0.388   0.227
                                   2     0.08     2.30      2.287    0.574   1.318
                                   3     0.10     0.99      2.387    0.457   0.455

                                                                             2.000       -0.004 0.006 0.000 0.000 0.000 0.003

     0.7500     6.542      6.564   1     0.10     0.91      1.976    0.606   0.552
                                   2     0.10     1.25      0.996    0.521   0.652
                                   3     0.08     1.18      2.547    0.676   0.796

                                                                             2.000        0.007 0.100 0.000 0.000 0.000 0.107

     0.8630     6.649      6.664   1     0.10     0.99      2.418    0.507   0.501
                                   2     0.09     1.50      1.260    0.529   0.795
                                   3     0.12     1.37      2.602    0.516   0.705

                                                                  Blatt    6

     Stat-km  Wsp-m+NN  hen-m+NN  IND  Lambd    Fl-qm   Umfg-m   v-m/s   Q-cbm/s

                                                                          Q-ges           hv-m  hr-m  h-bor h-ein h-ort h-m


                                                                             2.000        0.001 0.085 0.000 0.000 0.000 0.085

     0.9830     6.734      6.749   1     0.11     0.98      2.341    0.432   0.421
                                   2     0.09     1.52      1.230    0.456   0.693
                                   3     0.09     1.59      2.782    0.559   0.888

     Durchflussaenderung bei Station km   1.032 :  Q =    1.95 m**3/s

                                                                             1.950        0.000 0.032 0.000 0.000 0.000 0.032

     1.0320     6.766      6.781   1     0.11     0.93      2.269    0.459   0.428
                                   2     0.09     1.49      1.251    0.493   0.732
                                   3     0.11     1.49      2.702    0.530   0.789

                                                                             1.950       -0.002 0.105 0.000 0.000 0.000 0.104

     1.1740     6.870      6.888   1     0.11     0.85      2.149    0.499   0.421
                                   2     0.08     1.39      1.334    0.576   0.802
                                   3     0.09     1.22      2.454    0.594   0.727

                                                                             1.950       -0.001 0.030 0.000 0.000 0.000 0.029

     1.2100     6.899      6.919   1     0.11     0.76      1.911    0.506   0.383
                                   2     0.07     1.66      1.704    0.660   1.093
                                   3     0.11     0.90      2.100    0.527   0.475

     Brueckenberechnung an Station km     1.221 : 


          Profil "3":

                                                                             1.950       -0.018 0.013 0.000 0.001 0.004-0.001

     1.2195     6.898      6.954   2     0.07     1.87      3.572    1.044   1.948

         Profil "3": hr  m  a
              6.898     0.948     1.404

         ad  aue apl  apg 
              1.404     0.000     0.444     0.018

          Druckabfluss

                                                                  Blatt    7

     Stat-km  Wsp-m+NN  hen-m+NN  IND  Lambd    Fl-qm   Umfg-m   v-m/s   Q-cbm/s

                                                                          Q-ges           hv-m  hr-m  h-bor h-ein h-ort h-m


         Profil "1": hr  m  a
              6.952     0.953     1.404

         ad  aue apl  apg 
              1.404     0.000     0.564     0.018

         Druckabfluss
         --> wsp im ow (profil "1") ermittelt aus Impulsbilanz

          Profil "1":

                                                                             1.950       -0.029 0.000 0.006 0.001 0.003-0.019

     1.2210     6.952      7.001   2     0.09     1.99      3.679    0.982   1.950

          Profil "b":

                                                                             1.950        0.017 0.009 0.000 0.000 0.002 0.028

     1.2260     6.980      7.012   1     0.10     0.65      1.769    0.656   0.424
                                   2     0.07     1.48      1.636    0.854   1.264
                                   3     0.12     0.49      1.626    0.555   0.265

                                                                             1.950        0.013 0.022 0.000 0.000 0.000 0.034

     1.2440     7.015      7.034   1     0.11     0.95      2.102    0.557   0.532
                                   2     0.07     1.47      1.389    0.644   0.946
                                   3     0.11     0.89      2.060    0.528   0.472

                                                                             1.950       -0.002 0.081 0.000 0.000 0.000 0.079

     1.3250     7.094      7.117   1     0.08     0.92      2.513    0.629   0.578
                                   2     0.07     1.39      1.451    0.694   0.965
                                   3     0.11     0.78      2.333    0.522   0.407

     Brueckenberechnung an Station km     1.364 : 


          Profil "a": 

                                                                             1.950        0.004 0.033 0.000 0.000 0.000 0.037

     1.3583     7.131      7.150   1     0.11     0.73      2.056    0.487   0.354
                                   2     0.07     1.60      2.066    0.683   1.093
                                   3     0.10     1.14      4.004    0.443   0.504

          Profil "3":

                                                                             1.950        0.004 0.005 0.000 0.000 0.000 0.009

     1.3633     7.140      7.155   2     0.13     3.62      8.601    0.538   1.950

         Profil "3": hr  m  a
              7.140     1.192     3.623

         ad  aue apl  apg 
              3.623     0.000     0.000     0.000

                                                                  Blatt    8

     Stat-km  Wsp-m+NN  hen-m+NN  IND  Lambd    Fl-qm   Umfg-m   v-m/s   Q-cbm/s

                                                                          Q-ges           hv-m  hr-m  h-bor h-ein h-ort h-m


         Profil "2": hr  m  a
              7.144     1.201     3.653

         ad  aue apl  apg 
              3.653     0.000     0.000     0.000

         Profil "1": hr  m  a
              7.146     1.211     3.676

         ad  aue apl  apg 
              3.676     0.000     0.000     0.000

         wsp im ow (Profil "1") ermittelt aus Impulsbilanz

          Profil "1":

                                                                             1.950        0.005 0.000 0.000 0.000 0.000 0.005

     1.3640     7.146      7.161   2     0.12     3.68      8.671    0.530   1.950

          Profil "b":

                                                                             1.950       -0.003 0.005 0.000 0.000 0.000 0.002

     1.3690     7.148      7.169   1     0.11     0.67      2.046    0.492   0.331
                                   2     0.07     1.61      2.235    0.723   1.163
                                   3     0.10     1.00      3.849    0.457   0.456

                                                                             1.950        0.011 0.069 0.000 0.000 0.000 0.080

     1.4580     7.228      7.238   1     0.10     2.65     11.067    0.311   0.823
                                   2     0.07     1.84      1.434    0.516   0.951
                                   3     0.20     0.66      1.822    0.267   0.176

                                                                             1.950       -0.004 0.094 0.000 0.000 0.000 0.091

     1.6090     7.319      7.336   1     0.06     1.30     10.249    0.337   0.436
                                   2     0.07     1.96      2.036    0.641   1.257
                                   3     0.09     0.58      1.787    0.445   0.257

                                                                             1.950        0.003 0.048 0.000 0.000 0.000 0.051

     1.6790     7.370      7.385   1     0.05     1.03      8.032    0.365   0.376
                                   2     0.07     1.79      1.786    0.576   1.030
                                   3     0.13     1.26      2.600    0.433   0.544

                                                                             1.950       -0.005 0.023 0.000 0.000 0.000 0.019

     1.7040     7.389      7.412   1     0.12     0.61      1.574    0.551   0.338
                                   2     0.08     1.36      1.339    0.714   0.973
                                   3     0.13     1.09      2.405    0.586   0.640

                                                                             1.950        0.005 0.017 0.000 0.000 0.000 0.022

     1.7200     7.411      7.430   1     0.06     0.97      7.199    0.415   0.405
                                   2     0.08     1.40      1.371    0.640   0.898
                                   3     0.11     1.18      2.524    0.550   0.647

                                                                  Blatt    9

     Stat-km  Wsp-m+NN  hen-m+NN  IND  Lambd    Fl-qm   Umfg-m   v-m/s   Q-cbm/s

                                                                          Q-ges           hv-m  hr-m  h-bor h-ein h-ort h-m


                                                                             1.950       -0.001 0.079 0.000 0.000 0.000 0.077

     1.8030     7.489      7.510   1     0.11     0.69      1.739    0.520   0.358
                                   2     0.07     1.77      1.852    0.706   1.249
                                   3     0.14     0.76      2.120    0.448   0.342

                                                                             1.950       -0.003 0.100 0.000 0.000 0.000 0.097

     1.8920     7.586      7.614   1     0.04     0.54     10.195    0.346   0.186
                                   2     0.07     1.67      2.033    0.814   1.360
                                   3     0.13     0.74      1.979    0.553   0.411

     Brueckenberechnung an Station km     1.905 : 


          Profil "3":

                                                                             1.950        0.002 0.019 0.000 0.000 0.000 0.020

     1.9040     7.606      7.633   2     0.13     2.72      5.964    0.716   1.950

         Profil "3": hr  m  a
              7.606     0.973     2.723

         ad  aue apl  apg 
              2.723     0.000     0.000     0.000

         Profil "2": hr  m  a
              7.611     0.981     2.752

         ad  aue apl  apg 
              2.752     0.000     0.000     0.000

         Profil "1": hr  m  a
              7.615     0.989     2.771

         ad  aue apl  apg 
              2.771     0.000     0.000     0.000

         wsp im ow (Profil "1") ermittelt aus Impulsbilanz

          Profil "1":

                                                                             1.950        0.003 0.000 0.000 0.000 0.000 0.003

     1.9050     7.615      7.640   2     0.12     2.77      6.012    0.704   1.950

          Profil "b":

                                                                             1.950       -0.004 0.010 0.000 0.000 0.000 0.006

     1.9100     7.621      7.654   1     0.12     0.65      1.881    0.722   0.468
                                   2     0.09     0.75      1.007    0.767   0.576
                                   3     0.11     1.12      2.870    0.806   0.905

     Brueckenberechnung an Station km     1.933 : 


          Profil "a": 

                                                                  Blatt   10

     Stat-km  Wsp-m+NN  hen-m+NN  IND  Lambd    Fl-qm   Umfg-m   v-m/s   Q-cbm/s

                                                                          Q-ges           hv-m  hr-m  h-bor h-ein h-ort h-m


                                                                             1.950        0.027 0.010 0.000 0.006 0.001 0.045

     1.9187     7.665      7.672   1     0.11     0.70      1.784    0.209   0.146
                                   2     0.06     4.50      4.633    0.374   1.680
                                   3     0.11     0.62      1.640    0.201   0.125

          Profil "3":

                                                                             1.950       -0.009 0.009 0.000 0.003 0.005 0.009

     1.9315     7.675      7.699   2     0.13     2.83      4.766    0.689   1.951

         Profil "3": hr  m  a
              7.675     1.680     2.471

         ad  aue apl  apg 
              2.471     0.000     0.000     0.362

         Profil "2": hr  m  a
              7.672     1.688     2.465

         ad  aue apl  apg 
              2.465     0.000     0.000     0.361

         Profil "1": hr  m  a
              7.691     1.696     2.502

         ad  aue apl  apg 
              2.502     0.000     0.000     0.368

          WSP im ow (Profil "1") ermittelt aus der YARNELL-Gleichung
          --> Pfeilerstau aus YARNELL:   0.131

          Profil "1":

                                                                             1.950       -0.013 0.000 0.004 0.002 0.004-0.003

     1.9330     7.805      7.825   2     0.08     3.13      5.027    0.622   1.950

          Profil "b":

                                                                             1.950        0.014 0.002 0.000 0.003 0.001 0.020

     1.9380     7.825      7.831   1     0.11     1.25      2.386    0.229   0.286
                                   2     0.06     3.79      2.894    0.365   1.383
                                   3     0.11     1.20      2.288    0.234   0.281

                                                                  Blatt   11

     Stat-km  Wsp-m+NN  hen-m+NN  IND  Lambd    Fl-qm   Umfg-m   v-m/s   Q-cbm/s

                                                                          Q-ges           hv-m  hr-m  h-bor h-ein h-ort h-m


                                                                             1.950        0.000 0.007 0.000 0.000 0.000 0.007

     1.9760     7.832      7.838   1     0.11     2.55     10.776    0.197   0.503
                                   2     0.06     3.09      3.157    0.412   1.271
                                   3     0.10     0.72      2.202    0.246   0.177

                                                                             1.950       -0.002 0.021 0.000 0.000 0.000 0.019

     2.0480     7.851      7.861   1     0.08     2.17     10.281    0.266   0.575
                                   2     0.06     2.51      2.328    0.505   1.269
                                   3     0.10     0.50      2.688    0.229   0.114

                                                                             1.950       -0.001 0.044 0.000 0.000 0.000 0.043

     2.1470     7.893      7.907   1     0.08     1.05      1.923    0.522   0.549
                                   2     0.09     1.00      0.956    0.403   0.402
                                   3     0.09     2.00      3.658    0.501   1.000

                                                                             1.950        0.000 0.011 0.000 0.000 0.000 0.012

     2.1690     7.905      7.918   1     0.08     1.32      7.040    0.309   0.407
                                   2     0.07     2.32      2.997    0.559   1.294
                                   3     0.10     0.69      2.218    0.359   0.249

     Durchflussaenderung bei Station km   2.181 :  Q =    1.80 m**3/s

     Brueckenberechnung an Station km     2.181 : 


          Profil "a": 

                                                                             1.800        0.002 0.003 0.000 0.000 0.000 0.006

     2.1750     7.911      7.921   1     0.14     1.09      5.440    0.258   0.282
                                   2     0.10     2.57      4.051    0.495   1.273
                                   3     0.11     0.64      1.915    0.385   0.245

          Profil "3":

                                                                             1.800        0.003 0.003 0.000 0.000 0.000 0.007

     2.1800     7.917      7.925   2     0.13     4.72     13.196    0.381   1.800

         Profil "3": hr  m  a
              7.917     1.321     4.718

         ad  aue apl  apg 
              4.718     0.000     0.000     0.000

                                                                  Blatt   12

     Stat-km  Wsp-m+NN  hen-m+NN  IND  Lambd    Fl-qm   Umfg-m   v-m/s   Q-cbm/s

                                                                          Q-ges           hv-m  hr-m  h-bor h-ein h-ort h-m


         Profil "2": hr  m  a
              7.922     1.341     4.783

         ad  aue apl  apg 
              4.783     0.000     0.000     0.000

         Profil "1": hr  m  a
              7.927     1.360     4.838

         ad  aue apl  apg 
              4.838     0.000     0.000     0.000

         wsp im ow (Profil "1") ermittelt aus Impulsbilanz

          Profil "1":

                                                                             1.800        0.004 0.000 0.000 0.000 0.000 0.004

     2.1810     7.927      7.934   2     0.12     4.84     13.340    0.372   1.800

          Profil "b":

                                                                             1.800       -0.002 0.003 0.000 0.000 0.000 0.001

     2.1860     7.928      7.939   1     0.14     0.84      5.650    0.235   0.197
                                   2     0.10     2.77      4.901    0.494   1.368
                                   3     0.10     0.61      2.032    0.383   0.235

                                                                             1.800       -0.006 0.014 0.000 0.000 0.000 0.008

     2.2070     7.936      7.959   1     0.10     0.20      0.922    0.337   0.068
                                   2     0.07     2.40      2.670    0.687   1.647
                                   3     0.12     0.25      1.008    0.337   0.085

                                                                             1.800       -0.004 0.031 0.000 0.000 0.000 0.027

     2.2390     7.963      7.994   1     0.10     0.14      0.763    0.432   0.063
                                   2     0.07     2.03      3.194    0.807   1.635
                                   3     0.12     0.23      1.050    0.435   0.102

          Kein Einfluss vom Unterwasser!

          Annahme stationaer-gleichfoermiger Abfluss

         Berechnung der Spiegellinie mit Energieliniengefaelle 
         i =   -0.00032

           n p                                                               1.800        0.000 0.000 0.000 0.000 0.000 0.000

     2.3500     8.301      8.307   1     0.14     1.02      2.438    0.278   0.284
                                   2     0.07     1.86      1.681    0.410   0.761
                                   3     0.14     2.95      8.056    0.256   0.755

                                                                             1.800       -0.007 0.001 0.001 0.000 0.000-0.005

     2.3530     8.297      8.310   1     0.13     0.02      0.379    0.110   0.002
                                   2     0.06     2.42      3.928    0.566   1.368
                                   3     0.13     1.65      6.905    0.259   0.426

                                                                             1.800        0.009 0.033 0.000 0.000 0.000 0.042

     2.4530     8.338      8.343   1     0.11     1.62      5.954    0.196   0.318
                                   2     0.07     2.02      1.929    0.353   0.714
                                   3     0.11     3.26      8.921    0.235   0.768

                                                                  Blatt   13

     Stat-km  Wsp-m+NN  hen-m+NN  IND  Lambd    Fl-qm   Umfg-m   v-m/s   Q-cbm/s

                                                                          Q-ges           hv-m  hr-m  h-bor h-ein h-ort h-m


                                                                             1.800        0.000 0.009 0.000 0.000 0.000 0.009

     2.4950     8.347      8.352   1     0.11     1.79      8.066    0.187   0.336
                                   2     0.07     1.49      1.713    0.324   0.482
                                   3     0.09     3.39      7.416    0.290   0.982

                                                                             1.800       -0.003 0.017 0.000 0.000 0.000 0.015

     2.5550     8.362      8.372   1     0.12     1.31      7.215    0.212   0.278
                                   2     0.07     2.30      2.235    0.493   1.134
                                   3     0.05     1.22      6.093    0.323   0.394

                                                                             1.800       -0.004 0.039 0.000 0.000 0.000 0.035

     2.6270     8.397      8.414   1     0.10     0.38      1.408    0.388   0.149
                                   2     0.07     2.01      2.585    0.634   1.275
                                   3     0.10     0.86      2.443    0.442   0.381

     Brueckenberechnung an Station km     2.648 : 


          Profil "3":

                                                                             1.800       -0.017 0.002 0.003 0.000 0.000-0.012

     2.6285     8.384      8.419   2     0.13     2.18      4.205    0.826   1.800

         Profil "3": hr  m  a
              8.384     0.993     2.179

         ad  aue apl  apg 
              2.179     0.000     0.000     0.000

         Profil "2": hr  m  a
              8.432     1.000     2.345

         ad  aue apl  apg 
              2.345     0.000     0.000     0.000

         Profil "1": hr  m  a
              8.435     1.007     2.357

         ad  aue apl  apg 
              2.357     0.000     0.000     0.000

                                                                  Blatt   14

     Stat-km  Wsp-m+NN  hen-m+NN  IND  Lambd    Fl-qm   Umfg-m   v-m/s   Q-cbm/s

                                                                          Q-ges           hv-m  hr-m  h-bor h-ein h-ort h-m


         wsp im ow (Profil "1") ermittelt aus Impulsbilanz

          Profil "1":

                                                                             1.800       -0.012 0.000 0.002 0.000 0.000-0.011

     2.6480     8.435      8.464   2     0.10     2.36      4.313    0.764   1.800

                                                                             1.800        0.000 0.002 0.000 0.000 0.000 0.003

     2.6500     8.438      8.467   1     0.11     0.29      1.063    0.480   0.138
                                   2     0.07     1.89      2.363    0.797   1.505
                                   3     0.12     0.32      1.235    0.491   0.157

                                                                             1.800        0.011 0.108 0.000 0.000 0.000 0.119

     2.7560     8.558      8.576   1     0.11     0.92      2.056    0.533   0.489
                                   2     0.07     1.49      1.822    0.633   0.942
                                   3     0.11     0.73      1.861    0.504   0.369

     Brueckenberechnung an Station km     2.825 : 


          Profil "a": 

                                                                             1.800        0.008 0.032 0.000 0.001 0.002 0.043

     2.8118     8.600      8.610   1     0.11     0.54      1.545    0.257   0.140
                                   2     0.06     3.27      3.606    0.456   1.489
                                   3     0.12     0.65      1.681    0.267   0.173

          Profil "3":

                                                                             1.800       -0.012 0.008 0.000 0.003 0.006 0.005

     2.8235     8.606      8.639   2     0.07     2.22      4.214    0.811   1.800

         Profil "3": hr  m  a
              8.606     1.075     1.979

         ad  aue apl  apg 
              1.979     0.000     0.000     0.240

         Profil "2": hr  m  a
              8.600     1.080     1.968

         ad  aue apl  apg 
              1.968     0.000     0.000     0.238

                                                                  Blatt   15

     Stat-km  Wsp-m+NN  hen-m+NN  IND  Lambd    Fl-qm   Umfg-m   v-m/s   Q-cbm/s

                                                                          Q-ges           hv-m  hr-m  h-bor h-ein h-ort h-m


         Profil "1": hr  m  a
              8.624     1.090     2.018

         ad  aue apl  apg 
              2.018     0.000     0.000     0.246

          WSP im ow (Profil "1") ermittelt aus der YARNELL-Gleichung
          --> Pfeilerstau aus YARNELL:   0.145

          Profil "1":

                                                                             1.800       -0.016 0.000 0.004 0.002 0.005-0.006

     2.8250     8.751      8.776   2     0.07     2.57      4.504    0.701   1.800

          Profil "b":

                                                                             1.800        0.017 0.002 0.000 0.002 0.002 0.023

     2.8300     8.773      8.782   1     0.11     0.73      1.789    0.259   0.188
                                   2     0.06     3.22      3.107    0.431   1.387
                                   3     0.11     0.84      1.920    0.266   0.224

     Durchflussaenderung bei Station km   2.866 :  Q =    1.75 m**3/s

                                                                             1.750       -0.005 0.017 0.000 0.000 0.000 0.012

     2.8660     8.786      8.804   1     0.13     0.04      0.454    0.211   0.009
                                   2     0.08     2.50      3.620    0.623   1.557
                                   3     0.09     0.54      3.156    0.340   0.185

                                                                             1.750        0.001 0.008 0.000 0.000 0.000 0.009

     2.8760     8.795      8.812   1     0.10     0.65      1.753    0.507   0.330
                                   2     0.09     0.84      0.932    0.489   0.411
                                   3     0.09     2.04      7.003    0.495   1.010

                                                                             1.750        0.008 0.026 0.000 0.000 0.000 0.034

     2.9200     8.829      8.839   1     0.12     0.21      1.659    0.152   0.032
                                   2     0.07     3.64      5.084    0.446   1.625
                                   3     0.11     0.50      2.723    0.189   0.094

                                                                             1.750        0.003 0.014 0.000 0.000 0.000 0.017

     2.9760     8.846      8.852   1     0.13     0.36      2.644    0.135   0.049
                                   2     0.07     4.51      6.992    0.368   1.658
                                   3     0.09     0.37      3.879    0.135   0.049

                                                                             1.750       -0.003 0.024 0.000 0.000 0.000 0.021

     3.0485     8.867      8.879   1     0.07     0.60      3.014    0.313   0.186
                                   2     0.08     2.90      4.444    0.509   1.474
                                   3     0.10     0.46      3.981    0.204   0.093

                                                                             1.750       -0.007 0.051 0.000 0.000 0.000 0.044

     3.1210     8.912      8.937   1     0.04     0.90      3.744    0.691   0.623
                                   2     0.08     1.40      2.167    0.653   0.917
                                   3     0.11     0.65      4.275    0.323   0.211

                                                                  Blatt   16

     Stat-km  Wsp-m+NN  hen-m+NN  IND  Lambd    Fl-qm   Umfg-m   v-m/s   Q-cbm/s

                                                                          Q-ges           hv-m  hr-m  h-bor h-ein h-ort h-m


                                                                             1.750        0.005 0.037 0.000 0.000 0.000 0.042

     3.1620     8.954      8.974   1     0.13     0.38      1.239    0.404   0.155
                                   2     0.07     2.04      2.591    0.681   1.388
                                   3     0.13     0.51      1.624    0.408   0.209

     Durchflussaenderung bei Station km   3.180 :  Q =    1.14 m**3/s

     Brueckenberechnung an Station km     3.180 : 


          Profil "3":

                                                                             1.140        0.013 0.000 0.000 0.000 0.000 0.013

     3.1620     8.967      8.974   2     0.07     2.99      5.490    0.381   1.140

         Profil "3": hr  m  a
              8.967     1.128     2.990

         ad  aue apl  apg 
              2.990     0.000     0.000     0.000

         Profil "2": hr  m  a
              8.974     1.137     3.026

         ad  aue apl  apg 
              3.026     0.000     0.000     0.000

         Profil "1": hr  m  a
              8.977     1.146     3.041

         ad  aue apl  apg 
              3.041     0.000     0.000     0.000

         wsp im ow (Profil "1") ermittelt aus Impulsbilanz

          Profil "1":

                                                                             1.140        0.013 0.000 0.000 0.000 0.000 0.013

     3.1800     8.977      8.984   2     0.07     3.04      5.529    0.375   1.140

          Profil "b":

                                                                             1.140       -0.001 0.002 0.000 0.000 0.000 0.001

     3.1850     8.978      8.987   2     0.07     2.80      5.346    0.407   1.140

                                                                             1.140        0.004 0.003 0.000 0.000 0.000 0.007

     3.2000     8.985      8.990   1     0.13     0.77      1.972    0.200   0.154
                                   2     0.06     2.46      2.541    0.339   0.834
                                   3     0.13     0.78      2.088    0.196   0.153

                                                                  Blatt   17

     Stat-km  Wsp-m+NN  hen-m+NN  IND  Lambd    Fl-qm   Umfg-m   v-m/s   Q-cbm/s

                                                                          Q-ges           hv-m  hr-m  h-bor h-ein h-ort h-m


                                                                             1.140       -0.001 0.009 0.000 0.000 0.000 0.008

     3.2470     8.993      9.000   2     0.08     3.05      4.869    0.362   1.105
                                   3     0.13     0.25      1.743    0.147   0.036

                                                                             1.140       -0.003 0.009 0.000 0.000 0.000 0.006

     3.2740     8.999      9.011   1     0.13     0.05      0.835    0.122   0.006
                                   2     0.07     2.19      3.559    0.499   1.093
                                   3     0.13     0.23      1.759    0.184   0.042

                                                                             1.140        0.000 0.061 0.000 0.000 0.000 0.060

     3.3930     9.060      9.073   1     0.13     0.12      1.403    0.181   0.022
                                   2     0.08     1.56      2.310    0.548   0.853
                                   3     0.13     0.71      1.970    0.371   0.265

                                                                             1.140        0.002 0.006 0.000 0.000 0.000 0.008

     3.4030     9.068      9.079   1     0.10     0.41      1.580    0.356   0.146
                                   2     0.08     1.25      1.640    0.514   0.644
                                   3     0.10     0.85      2.410    0.413   0.351

     Brueckenberechnung an Station km     3.407 : 


          Profil "3":

                                                                             1.140        0.001 0.001 0.000 0.000 0.000 0.001

     3.4040     9.069      9.080   2     0.12     2.51      5.563    0.454   1.140

         Profil "3": hr  m  a
              9.069     0.855     2.513

         ad  aue apl  apg 
              2.513     0.000     0.000     0.000

         Profil "2": hr  m  a
              9.076     0.867     2.550

         ad  aue apl  apg 
              2.550     0.000     0.000     0.000

                                                                  Blatt   18

     Stat-km  Wsp-m+NN  hen-m+NN  IND  Lambd    Fl-qm   Umfg-m   v-m/s   Q-cbm/s

                                                                          Q-ges           hv-m  hr-m  h-bor h-ein h-ort h-m


         Profil "1": hr  m  a
              9.081     0.879     2.577

         ad  aue apl  apg 
              2.577     0.000     0.000     0.000

         wsp im ow (Profil "1") ermittelt aus Impulsbilanz

          Profil "1":

                                                                             1.140        0.001 0.000 0.000 0.000 0.000 0.001

     3.4070     9.081      9.091   2     0.11     2.58      5.639    0.442   1.140

                                                                             1.140        0.000 0.002 0.000 0.000 0.000 0.002

     3.4100     9.083      9.093   1     0.10     0.61      1.844    0.414   0.252
                                   2     0.09     1.03      1.327    0.460   0.475
                                   3     0.11     0.94      2.478    0.439   0.413

                                                                             1.140       -0.002 0.010 0.000 0.000 0.000 0.008

     3.4240     9.091      9.105   1     0.09     0.48      1.544    0.440   0.210
                                   2     0.08     1.36      1.598    0.559   0.763
                                   3     0.11     0.43      1.451    0.392   0.167

                                                                             1.140        0.004 0.050 0.000 0.000 0.000 0.054

     3.5060     9.145      9.155   1     0.11     0.41      1.750    0.284   0.117
                                   2     0.07     1.66      1.469    0.492   0.816
                                   3     0.11     0.63      2.131    0.330   0.208

                                                                             1.140       -0.002 0.033 0.000 0.000 0.000 0.032

     3.5760     9.176      9.190   1     0.13     0.04      0.454    0.158   0.006
                                   2     0.07     2.15      3.106    0.526   1.130
                                   3     0.13     0.04      0.678    0.143   0.006

                                                                             1.140        0.003 0.080 0.000 0.000 0.000 0.084

     3.7360     9.260      9.271   1     0.11     0.65      1.965    0.361   0.235
                                   2     0.07     1.46      1.583    0.502   0.735
                                   3     0.11     0.53      1.984    0.325   0.171

                                                                             1.140        0.000 0.045 0.000 0.000 0.000 0.045

     3.8140     9.305      9.317   1     0.16     0.72      1.837    0.338   0.241
                                   2     0.08     1.40      1.485    0.520   0.726
                                   3     0.12     0.54      2.029    0.321   0.172

                                                                             1.140        0.005 0.054 0.000 0.000 0.000 0.059

     3.9110     9.364      9.371   1     0.37     1.65      3.369    0.231   0.381
                                   2     0.08     1.22      1.388    0.455   0.556
                                   3     0.11     0.65      2.542    0.311   0.203

                                                                             1.140        0.001 0.002 0.000 0.000 0.000 0.003

     3.9160     9.367      9.374   1     0.25     1.78      4.057    0.242   0.432
                                   2     0.08     1.17      1.387    0.403   0.471
                                   3     0.11     0.73      2.068    0.323   0.237

                                                                  Blatt   19

     Stat-km  Wsp-m+NN  hen-m+NN  IND  Lambd    Fl-qm   Umfg-m   v-m/s   Q-cbm/s

                                                                          Q-ges           hv-m  hr-m  h-bor h-ein h-ort h-m


                                                                             1.140        0.002 0.002 0.000 0.000 0.000 0.003

     3.9210     9.371      9.376   1     0.19     2.06      6.183    0.222   0.457
                                   2     0.08     1.11      1.390    0.356   0.394
                                   3     0.14     0.98      2.174    0.295   0.289

                                                                             1.140        0.004 0.001 0.000 0.000 0.000 0.005

     3.9250     9.376      9.376   1     0.18     2.30     12.674    0.036   0.082
                                   2     0.06     9.03     13.151    0.115   1.037
                                   3     0.10     0.44      1.859    0.054   0.024

                                                                             1.140       -0.002 0.000 0.001 0.000 0.000-0.001

     3.9310     9.375      9.377   1     0.25     2.93      9.665    0.116   0.341
                                   2     0.07     1.86      2.294    0.275   0.513
                                   3     0.11     1.84      7.873    0.155   0.286

                                                                             1.140       -0.005 0.001 0.002 0.000 0.000-0.003

     3.9370     9.373      9.380   1     0.13     0.69      2.706    0.212   0.145
                                   2     0.07     2.17      2.600    0.418   0.909
                                   3     0.09     0.43      2.707    0.201   0.086

                                                                             1.140       -0.001 0.022 0.000 0.000 0.000 0.021

     3.9980     9.393      9.403   1     0.11     0.59      1.678    0.338   0.201
                                   2     0.07     1.79      2.384    0.473   0.845
                                   3     0.11     0.33      1.235    0.293   0.097

     Brueckenberechnung an Station km     4.001 : 


          Profil "3":

                                                                             1.140        0.001 0.000 0.000 0.000 0.000 0.001

     3.9980     9.394      9.403   2     0.08     2.71      5.279    0.421   1.140

         Profil "3": hr  m  a
              9.394     0.956     2.708

         ad  aue apl  apg 
              2.708     0.000     0.000     0.000

                                                                  Blatt   20

     Stat-km  Wsp-m+NN  hen-m+NN  IND  Lambd    Fl-qm   Umfg-m   v-m/s   Q-cbm/s

                                                                          Q-ges           hv-m  hr-m  h-bor h-ein h-ort h-m


         Profil "2": hr  m  a
              9.394     0.953     2.708

         ad  aue apl  apg 
              2.708     0.000     0.000     0.000

         Profil "1": hr  m  a
              9.393     0.950     2.702

         ad  aue apl  apg 
              2.702     0.000     0.000     0.000

         wsp im ow (Profil "1") ermittelt aus Impulsbilanz

          Profil "1":

                                                                             1.140        0.001 0.000 0.000 0.000 0.000 0.001

     4.0010     9.393      9.402   2     0.08     2.70      5.274    0.422   1.140

                                                                             1.140        0.002 0.001 0.000 0.000 0.000 0.003

     4.0040     9.396      9.403   1     0.13     0.76      1.911    0.287   0.218
                                   2     0.07     1.70      1.888    0.412   0.700
                                   3     0.13     0.79      2.094    0.280   0.222

                                                                             1.140       -0.003 0.004 0.000 0.000 0.000 0.001

     4.0130     9.397      9.411   1     0.10     0.46      1.668    0.349   0.161
                                   2     0.07     1.73      2.185    0.540   0.935
                                   3     0.11     0.15      0.873    0.258   0.039

                                                                             1.140        0.005 0.054 0.000 0.000 0.000 0.058

     4.1130     9.455      9.464   1     0.12     1.20      2.618    0.393   0.471
                                   2     0.08     1.15      1.166    0.429   0.493
                                   3     0.10     0.59      2.713    0.299   0.176

                                                                             1.140       -0.002 0.124 0.000 0.000 0.000 0.122

     4.3080     9.577      9.591   1     0.09     0.76      2.241    0.460   0.350
                                   2     0.08     1.24      1.326    0.550   0.683
                                   3     0.12     0.35      1.915    0.305   0.108

                                                                             1.140        0.002 0.036 0.000 0.000 0.000 0.038

     4.3600     9.615      9.627   1     0.11     0.92      2.229    0.443   0.407
                                   2     0.08     1.24      1.549    0.520   0.645
                                   3     0.10     0.29      1.584    0.312   0.091

                                                                             1.140        0.001 0.036 0.000 0.000 0.000 0.036

     4.4210     9.651      9.663   1     0.09     0.66      1.699    0.426   0.282
                                   2     0.07     1.60      1.576    0.495   0.794
                                   3     0.11     0.27      1.543    0.255   0.069

                                                                  Blatt   21

     Stat-km  Wsp-m+NN  hen-m+NN  IND  Lambd    Fl-qm   Umfg-m   v-m/s   Q-cbm/s

                                                                          Q-ges           hv-m  hr-m  h-bor h-ein h-ort h-m


                                                                             1.140        0.000 0.023 0.000 0.000 0.000 0.023

     4.4660     9.674      9.686   1     0.10     0.60      2.051    0.342   0.207
                                   2     0.07     1.67      1.671    0.512   0.857
                                   3     0.12     0.30      1.590    0.257   0.077

     Durchflussaenderung bei Station km   4.525 :  Q =    1.00 m**3/s

                                                                             1.000       -0.001 0.035 0.000 0.000 0.000 0.034

     4.5250     9.709      9.722   1     0.10     0.37      1.523    0.353   0.132
                                   2     0.08     1.36      1.694    0.533   0.726
                                   3     0.11     0.41      1.517    0.354   0.145

                                                                             1.000       -0.001 0.022 0.000 0.000 0.000 0.021

     4.5600     9.730      9.744   1     0.11     0.17      1.008    0.267   0.045
                                   2     0.07     1.69      2.323    0.544   0.921
                                   3     0.14     0.16      1.184    0.211   0.034

     Brueckenberechnung an Station km     4.566 : 


          Profil "3":

                                                                             1.000        0.007 0.002 0.000 0.000 0.000 0.008

     4.5630     9.739      9.746   2     0.13     2.61      5.502    0.382   0.996

         Profil "3": hr  m  a
              9.739     0.835     2.606

         ad  aue apl  apg 
              2.606     0.000     0.000     0.000

         Profil "2": hr  m  a
              9.744     0.845     2.634

         ad  aue apl  apg 
              2.634     0.000     0.000     0.000

                                                                  Blatt   22

     Stat-km  Wsp-m+NN  hen-m+NN  IND  Lambd    Fl-qm   Umfg-m   v-m/s   Q-cbm/s

                                                                          Q-ges           hv-m  hr-m  h-bor h-ein h-ort h-m


         Profil "1": hr  m  a
              9.748     0.855     2.655

         ad  aue apl  apg 
              2.655     0.000     0.000     0.000

         wsp im ow (Profil "1") ermittelt aus Impulsbilanz

          Profil "1":

                                                                             1.000        0.007 0.000 0.000 0.000 0.000 0.007

     4.5660     9.748      9.755   2     0.10     2.66      5.544    0.377   1.000

                                                                             1.000       -0.001 0.001 0.000 0.000 0.000 0.001

     4.5700     9.749      9.757   1     0.33     0.25      1.115    0.131   0.033
                                   2     0.07     2.19      3.360    0.426   0.932
                                   3     0.13     0.18      0.917    0.196   0.035

                                                                             1.000       -0.002 0.004 0.000 0.000 0.000 0.002

     4.5800     9.751      9.763   1     0.10     0.24      1.512    0.248   0.061
                                   2     0.07     1.81      2.673    0.517   0.938
                                   3     0.12     0.04      0.622    0.148   0.006

                                                                             1.000       -0.001 0.054 0.000 0.000 0.000 0.053

     4.6720     9.804      9.818   1     0.11     0.25      1.161    0.314   0.077
                                   2     0.07     1.47      1.841    0.567   0.833
                                   3     0.12     0.31      1.656    0.286   0.089

                                                                             1.000        0.007 0.024 0.000 0.000 0.000 0.031

     4.7240     9.835      9.843   1     0.10     0.16      1.100    0.174   0.028
                                   2     0.07     2.30      3.466    0.405   0.932
                                   3     0.13     0.22      1.142    0.184   0.041

                                                                             1.000       -0.002 0.014 0.000 0.000 0.000 0.012

     4.7540     9.847      9.858   1     0.11     0.28      1.422    0.305   0.086
                                   2     0.08     1.22      1.567    0.512   0.626
                                   3     0.10     0.77      2.786    0.374   0.288

                                                                             1.000       -0.002 0.030 0.000 0.000 0.000 0.028

     4.7960     9.875      9.890   1     0.12     0.14      1.037    0.262   0.038
                                   2     0.08     1.35      1.788    0.580   0.784
                                   3     0.12     0.45      1.629    0.395   0.178

                                                                             1.000        0.003 0.070 0.000 0.000 0.000 0.073

     4.8880     9.948      9.960   1     0.14     0.52      1.795    0.341   0.176
                                   2     0.08     1.30      1.465    0.543   0.709
                                   3     0.15     0.43      2.279    0.270   0.115

                                                                             1.000        0.001 0.024 0.000 0.000 0.000 0.026

     4.9270     9.973      9.984   1     0.13     0.42      1.399    0.312   0.130
                                   2     0.07     1.53      1.983    0.506   0.774
                                   3     0.11     0.40      2.351    0.246   0.098

                                                                  Blatt   23

     Stat-km  Wsp-m+NN  hen-m+NN  IND  Lambd    Fl-qm   Umfg-m   v-m/s   Q-cbm/s

                                                                          Q-ges           hv-m  hr-m  h-bor h-ein h-ort h-m


                                                                             1.000       -0.002 0.011 0.000 0.000 0.000 0.009

     4.9410     9.983      9.997   1     0.14     0.51      2.130    0.373   0.189
                                   2     0.08     1.06      1.281    0.594   0.632
                                   3     0.10     0.46      2.402    0.391   0.179

                                                                             1.000        0.005 0.080 0.000 0.000 0.000 0.085

     5.0460    10.067     10.077   1     0.12     0.51      2.249    0.270   0.137
                                   2     0.07     1.53      1.854    0.481   0.733
                                   3     0.12     0.51      2.565    0.255   0.130

                                                                             1.000       -0.002 0.007 0.000 0.000 0.000 0.005

     5.0580    10.072     10.085   1     0.13     0.27      1.689    0.241   0.065
                                   2     0.07     1.55      1.932    0.539   0.836
                                   3     0.14     0.39      2.110    0.254   0.099

                                                                             1.000        0.001 0.019 0.000 0.000 0.000 0.020

     5.0870    10.093     10.104   1     0.13     0.69      2.111    0.372   0.256
                                   2     0.08     1.20      1.462    0.539   0.648
                                   3     0.16     0.35      1.580    0.281   0.097

                                                                             1.000        0.002 0.009 0.000 0.000 0.000 0.012

     5.1020    10.104     10.114   1     0.13     0.47      1.779    0.294   0.138
                                   2     0.08     1.32      1.495    0.482   0.636
                                   3     0.13     0.70      2.127    0.325   0.226

                                                                             1.000       -0.001 0.053 0.000 0.000 0.000 0.052

     5.1810    10.156     10.168   1     0.11     0.47      1.979    0.366   0.170
                                   2     0.08     1.13      1.199    0.532   0.603
                                   3     0.12     0.58      2.026    0.393   0.226

                                                                             1.000        0.004 0.047 0.000 0.000 0.000 0.051

     5.2530    10.207     10.215   1     0.10     0.91      2.635    0.365   0.331
                                   2     0.08     1.19      1.153    0.423   0.503
                                   3     0.13     0.56      1.967    0.295   0.165

                                                                             1.000        0.000 0.031 0.000 0.000 0.000 0.031

     5.3110    10.238     10.246   1     0.12     0.80      2.620    0.333   0.266
                                   2     0.08     1.19      1.271    0.470   0.559
                                   3     0.12     0.54      2.035    0.321   0.174

                                                                             1.000       -0.001 0.049 0.000 0.000 0.000 0.048

     5.3950    10.286     10.297   1     0.11     0.59      1.962    0.359   0.212
                                   2     0.08     1.29      1.722    0.502   0.647
                                   3     0.10     0.41      1.653    0.342   0.140

                                                                  Blatt   24

     Stat-km  Wsp-m+NN  hen-m+NN  IND  Lambd    Fl-qm   Umfg-m   v-m/s   Q-cbm/s

                                                                          Q-ges           hv-m  hr-m  h-bor h-ein h-ort h-m


                                                                             1.000       -0.001 0.004 0.000 0.000 0.000 0.003

     5.4010    10.289     10.302   1     0.11     0.32      1.281    0.380   0.123
                                   2     0.09     1.24      1.907    0.537   0.666
                                   3     0.10     0.51      1.869    0.410   0.210

                                                                             1.000        0.001 0.010 0.000 0.000 0.000 0.011

     5.4150    10.299     10.311   1     0.12     0.40      1.671    0.317   0.127
                                   2     0.08     1.56      2.519    0.518   0.809
                                   3     0.11     0.23      1.300    0.278   0.064

                                                                             1.000        0.005 0.028 0.000 0.000 0.000 0.033

     5.4690    10.333     10.340   1     0.13     0.16      0.953    0.211   0.033
                                   2     0.11     2.59      5.459    0.374   0.968

     Brueckenberechnung an Station km     5.472 : 


          Profil "3":

                                                                             1.000       -0.002 0.000 0.000 0.000 0.000-0.002

     5.4690    10.331     10.340   2     0.12     2.33      4.936    0.429   1.000

         Profil "3": hr  m  a
             10.331     0.838     2.332

         ad  aue apl  apg 
              2.332     0.000     0.000     0.000

         Profil "2": hr  m  a
             10.337     0.847     2.359

         ad  aue apl  apg 
              2.359     0.000     0.000     0.000

         Profil "1": hr  m  a
             10.337     0.848     2.361

         ad  aue apl  apg 
              2.361     0.000     0.000     0.000

         wsp im ow (Profil "1") ermittelt aus Impulsbilanz

          Profil "1":

                                                                             1.000       -0.002 0.000 0.000 0.000 0.000-0.002

     5.4720    10.337     10.346   2     0.09     2.36      4.967    0.424   1.001

                                                                  Blatt   25

     Stat-km  Wsp-m+NN  hen-m+NN  IND  Lambd    Fl-qm   Umfg-m   v-m/s   Q-cbm/s

                                                                          Q-ges           hv-m  hr-m  h-bor h-ein h-ort h-m


                                                                             1.000       -0.001 0.002 0.000 0.000 0.000 0.000

     5.4750    10.337     10.349   1     0.11     0.35      1.488    0.358   0.127
                                   2     0.08     1.14      1.470    0.539   0.614
                                   3     0.12     0.65      1.998    0.396   0.259

                                                                             1.000       -0.003 0.005 0.000 0.000 0.000 0.003

     5.4810    10.340     10.357   1     0.15     0.26      1.415    0.316   0.082
                                   2     0.08     1.24      2.195    0.630   0.781
                                   3     0.12     0.34      1.475    0.397   0.137

                                                                             1.000       -0.005 0.032 0.000 0.000 0.000 0.027

     5.5090    10.367     10.394   2     0.08     1.37      3.307    0.733   1.000

                                                                             1.000       -0.001 0.068 0.000 0.000 0.000 0.066

     5.5590    10.434     10.463   2     0.08     1.30      3.273    0.768   1.003

     Brueckenberechnung an Station km     5.609 : 


          Profil "a": 

                                                                             1.000        0.016 0.006 0.000 0.000 0.000 0.022

     5.5640    10.455     10.470   1     0.09     0.35      1.205    0.448   0.159
                                   2     0.08     1.31      1.336    0.562   0.735
                                   3     0.10     0.27      1.150    0.380   0.104

          Profil "3":

                                                                             1.000       -0.008 0.006 0.000 0.000 0.000-0.002

     5.5690    10.453     10.484   2     0.08     1.30      3.273    0.772   1.000

         Profil "3": hr  m  a
             10.453     0.781     1.279

         ad  aue apl  apg 
              1.279     0.000     0.000     0.016

         Profil "2": hr  m  a
             10.520     0.788     1.366

         ad  aue apl  apg 
              1.366     0.000     0.000     0.018

                                                                  Blatt   26

     Stat-km  Wsp-m+NN  hen-m+NN  IND  Lambd    Fl-qm   Umfg-m   v-m/s   Q-cbm/s

                                                                          Q-ges           hv-m  hr-m  h-bor h-ein h-ort h-m


         Profil "1": hr  m  a
             10.528     0.796     1.376

         ad  aue apl  apg 
              1.376     0.000     0.000     0.019

         wsp im ow (Profil "1") ermittelt aus Impulsbilanz

          Profil "1":

                                                                             1.000       -0.012 0.000 0.002 0.000 0.000-0.010

     5.6090    10.528     10.554   2     0.08     1.39      3.422    0.717   1.000

          Profil "b":

                                                                             1.000        0.013 0.005 0.000 0.000 0.000 0.018

     5.6140    10.546     10.559   1     0.09     0.38      1.248    0.436   0.166
                                   2     0.08     1.35      1.336    0.537   0.726
                                   3     0.10     0.29      1.189    0.369   0.108

                                                                             1.000        0.009 0.007 0.000 0.000 0.000 0.016

     5.6310    10.562     10.566   2     0.06     3.45      5.977    0.289   1.000

                                                                             1.000       -0.002 0.002 0.000 0.000 0.000 0.000

     5.6400    10.562     10.570   1     0.15     0.17      0.960    0.180   0.030
                                   3     0.18     0.45      1.634    0.207   0.092

     Durchflussaenderung bei Station km   5.670 :  Q =    0.50 m**3/s

                                                                             0.500        0.007 0.007 0.000 0.000 0.000 0.014

     5.6700    10.576     10.577   1     0.13     0.93      2.343    0.161   0.150
                                   2     0.09     1.47      1.833    0.203   0.300
                                   3     0.13     0.38      1.402    0.133   0.050

                                                                             0.500       -0.001 0.002 0.000 0.000 0.000 0.001

     5.6850    10.577     10.580   1     0.08     1.00      2.444    0.254   0.253
                                   2     0.12     0.64      0.744    0.154   0.099
                                   3     0.09     0.67      1.748    0.223   0.148

                                                                             0.500        0.002 0.004 0.000 0.000 0.000 0.006

     5.7300    10.583     10.585   1     0.13     0.24      1.211    0.081   0.019
                                   2     0.07     2.66      4.669    0.181   0.481

     Brueckenberechnung an Station km     5.733 : 


          Profil "3":

                                                                             0.500        0.000 0.000 0.000 0.000 0.000 0.000

     5.7300    10.583     10.585   2     0.13     2.80      5.931    0.178   0.500

                                                                  Blatt   27

     Stat-km  Wsp-m+NN  hen-m+NN  IND  Lambd    Fl-qm   Umfg-m   v-m/s   Q-cbm/s

                                                                          Q-ges           hv-m  hr-m  h-bor h-ein h-ort h-m


         Profil "3": hr  m  a
             10.583     0.914     2.803

         ad  aue apl  apg 
              2.803     0.000     0.000     0.000

         Profil "2": hr  m  a
             10.586     0.923     2.821

         ad  aue apl  apg 
              2.821     0.000     0.000     0.000

         Profil "1": hr  m  a
             10.589     0.931     2.838

         ad  aue apl  apg 
              2.838     0.000     0.000     0.000

         wsp im ow (Profil "1") ermittelt aus Impulsbilanz

          Profil "1":

                                                                             0.500        0.000 0.000 0.000 0.000 0.000 0.000

     5.7330    10.589     10.591   2     0.11     2.84      5.975    0.176   0.500

                                                                             0.500        0.000 0.000 0.000 0.000 0.000 0.000

     5.7360    10.589     10.591   1     0.17     0.50      1.732    0.108   0.054
                                   3     0.18     0.49      1.770    0.101   0.050

                                                                             0.500       -0.001 0.008 0.000 0.000 0.000 0.007

     5.7930    10.596     10.599   1     0.11     0.41      1.409    0.188   0.077
                                   2     0.10     1.55      2.247    0.263   0.407
                                   3     0.17     0.19      0.941    0.130   0.025

                                                                             0.500        0.000 0.011 0.000 0.000 0.000 0.011

     5.8480    10.607     10.610   1     0.10     0.67      1.759    0.243   0.163
                                   2     0.10     1.04      1.357    0.237   0.246
                                   3     0.20     0.54      1.530    0.169   0.090

                                                                             0.500        0.000 0.013 0.000 0.000 0.000 0.013

     5.9180    10.620     10.623   1     0.17     0.43      1.374    0.156   0.067
                                   3     0.19     0.50      1.528    0.151   0.076

                                                                             0.500        0.000 0.013 0.000 0.000 0.000 0.012

     5.9950    10.633     10.636   1     0.16     0.25      1.095    0.132   0.033
                                   2     0.09     1.64      2.233    0.265   0.434
                                   3     0.11     0.22      1.001    0.152   0.033

                                                                  Blatt   28

     Stat-km  Wsp-m+NN  hen-m+NN  IND  Lambd    Fl-qm   Umfg-m   v-m/s   Q-cbm/s

                                                                          Q-ges           hv-m  hr-m  h-bor h-ein h-ort h-m


                                                                             0.500        0.003 0.001 0.000 0.000 0.000 0.004

     6.0060    10.636     10.637   1     0.13     0.45      1.404    0.059   0.026
                                   2     0.06     3.92      5.170    0.110   0.431
                                   3     0.13     0.68      1.846    0.063   0.042

     Brueckenberechnung an Station km     6.020 : 


          Profil "3":

                                                                             0.500        0.000 0.000 0.000 0.000 0.000 0.000

     6.0140    10.637     10.638   2     0.13     3.25      5.907    0.154   0.500

         Profil "3": hr  m  a
             10.637     1.149     2.902

         ad  aue apl  apg 
              2.902     0.000     0.000     0.347

         Profil "2": hr  m  a
             10.641     1.161     2.916

         ad  aue apl  apg 
              2.916     0.000     0.000     0.353

         Profil "1": hr  m  a
             10.646     1.173     2.930

         ad  aue apl  apg 
              2.930     0.000     0.000     0.359

         wsp im ow (Profil "1") ermittelt aus Impulsbilanz

          Profil "1":

                                                                             0.500       -0.001 0.000 0.000 0.000 0.000 0.000

     6.0200    10.646     10.647   2     0.07     3.29      5.925    0.152   0.500

          Profil "b":

                                                                             0.500        0.001 0.000 0.000 0.000 0.000 0.001

     6.0250    10.646     10.647   1     0.13     0.40      1.329    0.063   0.025
                                   2     0.07     3.70      5.170    0.117   0.434
                                   3     0.13     0.61      1.756    0.067   0.041

                                                                             0.500       -0.001 0.000 0.000 0.000 0.000-0.001

     6.0330    10.646     10.648   1     2.32     0.27      1.652    0.023   0.006
                                   2     0.07     2.04      2.562    0.235   0.479
                                   3     0.19     0.18      0.984    0.085   0.015

                                                                  Blatt   29

     Stat-km  Wsp-m+NN  hen-m+NN  IND  Lambd    Fl-qm   Umfg-m   v-m/s   Q-cbm/s

                                                                          Q-ges           hv-m  hr-m  h-bor h-ein h-ort h-m


                                                                             0.500       -0.003 0.002 0.000 0.000 0.000-0.001

     6.0380    10.644     10.654   1     4.73     0.23      1.192    0.048   0.011
                                   2     0.10     1.03      1.225    0.447   0.460
                                   3     8.86     0.61      1.648    0.048   0.029

                                                                             0.500        0.000 0.038 0.000 0.000 0.000 0.038

     6.0890    10.682     10.692   1     7.51     0.55      1.763    0.050   0.028
                                   2     0.10     1.00      1.148    0.452   0.450
                                   3     6.49     0.44      1.647    0.050   0.022

                                                                             0.500        0.002 0.062 0.000 0.000 0.000 0.064

     6.1720    10.746     10.754   1     4.40     0.76      2.254    0.069   0.052
                                   2     0.11     0.93      1.073    0.427   0.396
                                   3     5.67     0.86      2.382    0.060   0.052

     Brueckenberechnung an Station km     6.174 : 


          Profil "3":

                                                                             0.500        0.006 0.001 0.000 0.000 0.000 0.007

     6.1735    10.753     10.755   2     0.09     2.81      5.881    0.178   0.500

         Profil "3": hr  m  a
             10.753     0.944     2.814

         ad  aue apl  apg 
              2.814     0.000     0.000     0.000

         Profil "2": hr  m  a
             10.756     0.952     2.829

         ad  aue apl  apg 
              2.829     0.000     0.000     0.000

         Profil "1": hr  m  a
             10.758     0.959     2.843

         ad  aue apl  apg 
              2.843     0.000     0.000     0.000

                                                                  Blatt   30

     Stat-km  Wsp-m+NN  hen-m+NN  IND  Lambd    Fl-qm   Umfg-m   v-m/s   Q-cbm/s

                                                                          Q-ges           hv-m  hr-m  h-bor h-ein h-ort h-m


         wsp im ow (Profil "1") ermittelt aus Impulsbilanz

          Profil "1":

                                                                             0.500        0.006 0.000 0.000 0.000 0.000 0.006

     6.1745    10.758     10.760   2     0.12     2.84      5.910    0.176   0.500

                                                                             0.500       -0.001 0.001 0.000 0.000 0.000-0.001

     6.1770    10.758     10.762   1     0.50     0.64      2.032    0.131   0.083
                                   2     0.10     1.06      1.173    0.315   0.333
                                   3     0.64     0.70      2.146    0.119   0.084

                                                                             0.500       -0.002 0.028 0.000 0.000 0.000 0.026

     6.2200    10.784     10.792   1     0.84     0.69      2.089    0.170   0.117
                                   2     0.12     0.68      0.874    0.423   0.286
                                   3     0.88     0.62      2.061    0.158   0.098

                                                                             0.500        0.000 0.031 0.000 0.000 0.000 0.030

     6.2480    10.814     10.823   1     1.38     0.75      2.211    0.156   0.117
                                   2     0.12     0.60      0.872    0.468   0.279
                                   3     0.49     0.46      1.865    0.224   0.104

     Durchflussaenderung bei Station km   6.257 :  Q =    0.40 m**3/s

                                                                             0.400        0.003 0.009 0.000 0.000 0.000 0.012

     6.2570    10.827     10.832   1     0.48     0.38      1.629    0.164   0.062
                                   2     0.12     0.64      0.792    0.351   0.224
                                   3     0.54     0.67      2.394    0.170   0.115

                                                                             0.400        0.000 0.017 0.000 0.000 0.000 0.017

     6.2840    10.844     10.849   1     0.13     0.45      1.615    0.298   0.133
                                   2     0.13     0.43      0.632    0.272   0.117
                                   3     0.25     0.67      2.301    0.225   0.150

                                                                             0.400       -0.001 0.021 0.000 0.000 0.000 0.020

     6.3110    10.864     10.871   1     0.40     0.35      1.466    0.216   0.076
                                   2     0.13     0.54      0.743    0.392   0.212
                                   3     0.51     0.57      2.184    0.199   0.113

                                                                             0.400        0.000 0.023 0.000 0.000 0.000 0.023

     6.3380    10.887     10.894   1     0.21     0.55      1.773    0.290   0.159
                                   2     0.12     0.56      0.860    0.350   0.195
                                   3     0.70     0.34      1.495    0.136   0.046

                                                                             0.400        0.000 0.015 0.000 0.000 0.000 0.016

     6.3580    10.902     10.909   1     0.85     0.34      1.499    0.132   0.045
                                   2     0.11     0.69      1.131    0.420   0.289
                                   3     0.55     0.42      2.009    0.158   0.067

                                                                  Blatt   31

     Stat-km  Wsp-m+NN  hen-m+NN  IND  Lambd    Fl-qm   Umfg-m   v-m/s   Q-cbm/s

                                                                          Q-ges           hv-m  hr-m  h-bor h-ein h-ort h-m


                                                                             0.400        0.003 0.115 0.000 0.000 0.000 0.118

     6.5350    11.020     11.024   1     1.06     0.55      1.759    0.105   0.057
                                   2     0.11     0.80      1.210    0.339   0.270
                                   3     0.39     0.50      2.207    0.147   0.073

                                                                             0.400       -0.001 0.014 0.000 0.000 0.000 0.013

     6.5560    11.032     11.039   1     1.29     0.42      1.657    0.114   0.048
                                   3     0.81     0.50      2.112    0.139   0.070

                                                                             0.400        0.000 0.125 0.000 0.000 0.000 0.125

     6.7150    11.157     11.165   1     0.30     0.49      1.532    0.246   0.119
                                   2     0.13     0.49      0.685    0.326   0.159
                                   3     0.31     0.50      1.613    0.241   0.122

                                                                             0.400        0.000 0.002 0.000 0.000 0.000 0.002

     6.7175    11.159     11.166   1     0.25     0.49      1.534    0.257   0.125
                                   2     0.13     0.49      0.685    0.310   0.152
                                   3     0.29     0.52      1.627    0.238   0.123

                                                                             0.400       -0.003 0.002 0.000 0.000 0.000-0.001

     6.7200    11.158     11.171   1     0.28     0.61      1.840    0.310   0.188
                                   2     0.13     0.20      0.274    0.272   0.054
                                   3     0.26     0.50      1.578    0.316   0.158
