     Ergebnis der Wasserspiegellagenberechnung fuer HQ50                        
 
     04/21/05 11:53:34.95 Uhr    KALYPSO - 1D, VERSION 1.0.5 
 

                                                                  Blatt    1

     Stat-km  Wsp-m+NN  hen-m+NN  IND  Lambd    Fl-qm   Umfg-m   v-m/s   Q-cbm/s

                                                                          Q-ges           hv-m  hr-m  h-bor h-ein h-ort h-m


     Durchfluss bei Station km   3.393 :  Q =    8.21 m**3/s

         der Ausgangswasserspiegel wird als Grenztiefe angesetzt

         Stroemung schiessend. Weiter mit Grenztiefe                         8.211        0.000 1.671 0.000 0.000 0.000 1.671

     3.3930     9.201      9.589   1     0.11     0.36      1.966    1.460   0.531
                                   2     0.07     1.83      2.310    3.048   5.580
                                   3     0.13     0.99      2.323    2.117   2.100

                                                                             8.211        0.279 0.102 0.000 0.000 0.000 0.381

     3.4030     9.582      9.691   1     0.09     1.54      3.114    1.240   1.906
                                   2     0.07     2.02      1.640    1.394   2.822
                                   3     0.08     2.46      4.183    1.410   3.472

     Brueckenberechnung an Station km     3.407 : 


          Profil "3":

                                                                             8.211        0.013 0.003 0.000 0.000 0.000 0.017

     3.4040     9.599      9.694   2     0.09     6.02      8.257    1.365   8.209

         Profil "3": hr  m  a
              9.599     4.083     5.078

         ad  aue apl  apg 
              5.078     0.000     0.911     0.009

          Druckabfluss

         Profil "1": hr  m  a
              9.663     4.096     5.078

         ad  aue apl  apg 
              5.078     0.000     1.393     0.009

         Druckabfluss
         --> wsp im ow (profil "1") ermittelt aus Impulsbilanz

          Profil "1":

                                                                             8.211        0.027 0.000 0.000 0.000 0.000 0.027

     3.4070     9.663      9.745   2     0.08     6.50      8.386    1.264   8.211

                                                                             8.211       -0.007 0.008 0.000 0.000 0.000 0.000

     3.4100     9.663      9.760   1     0.09     2.00      3.452    1.243   2.484
                                   2     0.08     1.76      1.327    1.093   1.927
                                   3     0.08     2.89      4.564    1.318   3.810

                                                                  Blatt    2

     Stat-km  Wsp-m+NN  hen-m+NN  IND  Lambd    Fl-qm   Umfg-m   v-m/s   Q-cbm/s

                                                                          Q-ges           hv-m  hr-m  h-bor h-ein h-ort h-m


                                                                             8.211       -0.022 0.052 0.000 0.000 0.000 0.031

     3.4240     9.694      9.834   1     0.09     1.60      2.812    1.499   2.404
                                   2     0.07     2.33      1.598    1.668   3.879
                                   3     0.11     1.42      2.600    1.357   1.928

                                                                             8.211        0.078 0.263 0.000 0.000 0.000 0.341

     3.5060    10.035     10.096   1     0.15     2.31      3.906    0.737   1.702
                                   2     0.07     2.96      1.469    1.064   3.146
                                   3     0.08     3.50      6.865    0.960   3.363

                                                                             8.211       -0.003 0.110 0.000 0.000 0.000 0.106

     3.5760    10.141     10.209   1     0.10     1.58      5.647    0.533   0.841
                                   2     0.06     5.01      3.106    1.262   6.326
                                   3     0.10     1.52      3.731    0.689   1.051

                                                                             8.211        0.042 0.161 0.000 0.000 0.000 0.203

     3.7360    10.344     10.370   1     0.14     6.11      8.459    0.520   3.179
                                   2     0.07     3.18      1.583    0.674   2.139
                                   3     0.11     4.82      6.300    0.604   2.908

                                                                             8.211       -0.004 0.069 0.000 0.000 0.000 0.065

     3.8140    10.409     10.442   1     0.26     4.38      5.712    0.502   2.197
                                   2     0.07     3.03      1.485    0.845   2.559
                                   3     0.16     5.11      5.984    0.677   3.455

                                                                             8.211        0.015 0.087 0.000 0.000 0.000 0.102

     3.9110    10.511     10.529   1     0.58     7.35      7.445    0.305   2.242
                                   2     0.07     2.79      1.388    0.646   1.803
                                   3     0.13     6.96      8.300    0.599   4.166

                                                                             8.211        0.004 0.003 0.000 0.000 0.000 0.007

     3.9160    10.518     10.532   1     0.46    12.22     11.837    0.281   3.439
                                   2     0.07     2.75      1.387    0.516   1.415
                                   3     0.13     6.66      7.028    0.504   3.356

                                                                             8.211        0.008 0.001 0.000 0.000 0.000 0.010

     3.9210    10.528     10.534   1     0.20    21.15     16.760    0.270   5.705
                                   2     0.07     2.67      1.390    0.289   0.771
                                   3     0.16     6.67      6.958    0.260   1.735

                                                                             8.211        0.004 0.000 0.000 0.000 0.000 0.005

     3.9250    10.532     10.534   1     0.29    28.85     24.226    0.077   2.221
                                   2     0.04    24.23     13.151    0.219   5.295
                                   3     0.12     6.99      8.293    0.102   0.713

                                                                  Blatt    3

     Stat-km  Wsp-m+NN  hen-m+NN  IND  Lambd    Fl-qm   Umfg-m   v-m/s   Q-cbm/s

                                                                          Q-ges           hv-m  hr-m  h-bor h-ein h-ort h-m


                                                                             8.211       -0.003 0.000 0.001 0.000 0.000-0.002

     3.9310    10.531     10.535   1     0.52    17.08     14.784    0.148   2.529
                                   2     0.06     4.51      2.294    0.351   1.583
                                   3     0.11    14.39     15.860    0.285   4.099

                                                                             8.211       -0.015 0.002 0.005 0.000 0.000-0.008

     3.9370    10.522     10.542   1     0.27     4.96      4.778    0.373   1.848
                                   2     0.06     5.14      2.600    0.722   3.709
                                   3     0.13     5.75      7.468    0.462   2.654

                                                                             8.211       -0.008 0.036 0.000 0.000 0.000 0.028

     3.9980    10.551     10.586   1     0.06     3.38      6.228    0.726   2.454
                                   2     0.06     4.53      2.384    0.847   3.842
                                   3     0.06     2.93      6.077    0.660   1.931

     Brueckenberechnung an Station km     4.001 : 


          Profil "3":

                                                                             8.211        0.004 0.000 0.000 0.000 0.000 0.004

     3.9980    10.555     10.586   1     0.12     0.06      2.984    0.071   0.004
                                   2     0.06    10.41      9.041    0.786   8.188
                                   3     0.12     0.12      3.086    0.100   0.012

         Profil "3": hr  m  a
             10.555     8.358     8.014

         ad  aue apl  apg 
              7.684     0.330     2.400     0.046

          Druckabfluss

         Profil "1": hr  m  a
             10.578     8.381     8.252

         ad  aue apl  apg 
              7.684     0.568     2.400     0.046

         Druckabfluss
         --> wsp im ow (profil "1") ermittelt aus Impulsbilanz

          Profil "1":

                                                                             8.211        0.005 0.000 0.000 0.000 0.000 0.005

     4.0010    10.578     10.608   1     0.12     0.13      2.984    0.098   0.012
                                   2     0.05    10.58      9.041    0.773   8.175
                                   3     0.12     0.19      3.086    0.119   0.023

                                                                  Blatt    4

     Stat-km  Wsp-m+NN  hen-m+NN  IND  Lambd    Fl-qm   Umfg-m   v-m/s   Q-cbm/s

                                                                          Q-ges           hv-m  hr-m  h-bor h-ein h-ort h-m


                                                                             8.211        0.007 0.001 0.000 0.000 0.000 0.008

     4.0040    10.586     10.609   1     0.06     4.47      6.850    0.617   2.758
                                   2     0.06     3.93      1.888    0.589   2.316
                                   3     0.05     5.21      9.626    0.600   3.129

                                                                             8.211       -0.005 0.006 0.000 0.000 0.000 0.000

     4.0130    10.586     10.620   1     0.08     4.64      7.622    0.690   3.203
                                   2     0.06     4.26      2.185    0.880   3.743
                                   3     0.13     2.78      6.425    0.455   1.265

                                                                             8.211        0.018 0.065 0.000 0.000 0.000 0.083

     4.1130    10.669     10.685   1     0.09     6.33      8.279    0.555   3.508
                                   2     0.07     2.56      1.166    0.486   1.243
                                   3     0.17     8.75     12.442    0.396   3.463

                                                                             8.211       -0.007 0.128 0.000 0.000 0.000 0.121

     4.3080    10.790     10.821   1     0.10     5.07      5.750    0.766   3.885
                                   2     0.07     2.82      1.326    0.699   1.970
                                   3     0.17     4.45      5.933    0.537   2.388

                                                                             8.211        0.000 0.040 0.000 0.000 0.000 0.040

     4.3600    10.830     10.861   1     0.09     5.19      5.637    0.749   3.882
                                   2     0.07     3.07      1.549    0.687   2.111
                                   3     0.15     4.14      5.269    0.543   2.245

                                                                             8.211       -0.002 0.049 0.000 0.000 0.000 0.048

     4.4210    10.877     10.912   1     0.09     4.26      5.676    0.781   3.325
                                   2     0.06     3.52      1.576    0.799   2.810
                                   3     0.18     3.94      5.672    0.527   2.076

                                                                             8.211        0.010 0.037 0.000 0.000 0.000 0.048

     4.4660    10.925     10.949   1     0.11     4.64      5.491    0.681   3.160
                                   2     0.06     3.73      1.671    0.756   2.823
                                   3     0.18     4.57      6.295    0.495   2.264

                                                                             8.211       -0.007 0.053 0.000 0.000 0.000 0.046

     4.5250    10.971     11.010   1     0.14     4.37      5.688    0.672   2.939
                                   2     0.06     3.49      1.694    0.888   3.103
                                   3     0.25     4.30      5.491    0.514   2.208

                                                                             8.211       -0.005 0.041 0.000 0.000 0.000 0.036

     4.5600    11.007     11.056   1     0.17     3.04      4.211    0.655   1.995
                                   2     0.06     4.63      2.323    1.121   5.195
                                   3     0.54     2.80      3.873    0.365   1.022

     Brueckenberechnung an Station km     4.566 : 


          Profil "3":

                                                                  Blatt    5

     Stat-km  Wsp-m+NN  hen-m+NN  IND  Lambd    Fl-qm   Umfg-m   v-m/s   Q-cbm/s

                                                                          Q-ges           hv-m  hr-m  h-bor h-ein h-ort h-m


                                                                             8.211        0.032 0.002 0.000 0.000 0.000 0.035

     4.5630    11.042     11.058   2     0.09    14.41     12.643    0.569   8.207

         Profil "3": hr  m  a
             11.042    11.035    11.695

         ad  aue apl  apg 
             11.695     0.000     2.543     0.173

          Druckabfluss

         Profil "1": hr  m  a
             11.053    11.077    11.695

         ad  aue apl  apg 
             11.695     0.000     2.679     0.173

         Druckabfluss
         --> wsp im ow (profil "1") ermittelt aus Impulsbilanz

          Profil "1":

                                                                             8.211        0.032 0.000 0.000 0.000 0.000 0.032

     4.5660    11.053     11.070   2     0.07    14.55     12.667    0.564   8.211

                                                                             8.211       -0.015 0.002 0.002 0.000 0.000-0.011

     4.5700    11.042     11.074   1     0.75     3.30      4.354    0.209   0.691
                                   2     0.05     6.44      3.360    0.867   5.586
                                   3     0.08     3.29      4.660    0.598   1.967

                                                                             8.211       -0.003 0.007 0.000 0.000 0.000 0.004

     4.5800    11.046     11.084   1     0.21     4.03      4.760    0.518   2.086
                                   2     0.06     5.22      2.673    0.985   5.138
                                   3     0.27     2.53      4.047    0.390   0.989

                                                                             8.211        0.009 0.073 0.000 0.000 0.000 0.083

     4.6720    11.129     11.157   1     0.09     3.19      4.077    0.718   2.289
                                   2     0.06     3.83      1.841    0.784   3.001
                                   3     0.12     4.56      5.664    0.640   2.922

                                                                             8.211        0.004 0.030 0.000 0.000 0.000 0.034

     4.7240    11.163     11.186   1     0.27     3.54      4.533    0.295   1.045
                                   2     0.05     6.79      3.466    0.749   5.086
                                   3     0.09     3.93      4.849    0.533   2.092

                                                                  Blatt    6

     Stat-km  Wsp-m+NN  hen-m+NN  IND  Lambd    Fl-qm   Umfg-m   v-m/s   Q-cbm/s

                                                                          Q-ges           hv-m  hr-m  h-bor h-ein h-ort h-m


                                                                             8.211       -0.002 0.014 0.000 0.000 0.000 0.012

     4.7540    11.175     11.202   1     0.25     4.17      5.134    0.372   1.554
                                   2     0.07     3.27      1.567    0.606   1.985
                                   3     0.08     6.21      5.969    0.753   4.675

                                                                             8.211       -0.003 0.032 0.000 0.000 0.000 0.029

     4.7960    11.204     11.237   1     0.15     3.19      4.404    0.611   1.947
                                   2     0.06     3.70      1.788    0.874   3.237
                                   3     0.12     4.14      4.754    0.732   3.033

                                                                             8.211        0.014 0.081 0.000 0.000 0.000 0.094

     4.8880    11.298     11.318   1     0.12     5.73      7.354    0.626   3.587
                                   2     0.07     3.26      1.465    0.711   2.322
                                   3     0.29     5.39      6.312    0.427   2.303

                                                                             8.211        0.003 0.024 0.000 0.000 0.000 0.027

     4.9270    11.324     11.341   1     0.09     5.95      7.985    0.541   3.218
                                   2     0.06     4.16      1.983    0.617   2.570
                                   3     0.24     7.11      8.269    0.343   2.440

                                                                             8.211        0.002 0.006 0.000 0.000 0.000 0.008

     4.9410    11.332     11.348   1     0.14     6.78      7.299    0.496   3.361
                                   2     0.07     2.79      1.281    0.507   1.413
                                   3     0.20     8.31      9.117    0.414   3.442

                                                                             8.211        0.003 0.045 0.000 0.000 0.000 0.047

     5.0460    11.380     11.393   1     0.12     6.99      8.033    0.466   3.255
                                   2     0.06     3.90      1.854    0.560   2.181
                                   3     0.22     7.91      9.017    0.351   2.776

                                                                             8.211       -0.002 0.006 0.000 0.000 0.000 0.004

     5.0580    11.384     11.400   1     0.12     5.73      7.124    0.524   3.002
                                   2     0.06     4.04      1.932    0.674   2.726
                                   3     0.25     6.62      7.994    0.374   2.475

                                                                             8.211       -0.001 0.017 0.000 0.000 0.000 0.016

     5.0870    11.399     11.418   1     0.11     6.74      7.542    0.621   4.182
                                   2     0.07     3.08      1.462    0.639   1.971
                                   3     0.31     5.57      6.574    0.371   2.064

                                                                             8.211        0.000 0.009 0.000 0.000 0.000 0.009

     5.1020    11.408     11.427   1     0.12     5.25      5.971    0.567   2.978
                                   2     0.07     3.26      1.495    0.618   2.015
                                   3     0.14     6.20      7.529    0.518   3.217

                                                                  Blatt    7

     Stat-km  Wsp-m+NN  hen-m+NN  IND  Lambd    Fl-qm   Umfg-m   v-m/s   Q-cbm/s

                                                                          Q-ges           hv-m  hr-m  h-bor h-ein h-ort h-m


                                                                             8.211       -0.008 0.053 0.000 0.000 0.000 0.045

     5.1810    11.453     11.488   1     0.08     4.78      7.641    0.681   3.251
                                   2     0.07     2.69      1.199    0.632   1.699
                                   3     0.10     4.87      6.825    0.670   3.261

                                                                             8.211        0.015 0.041 0.000 0.000 0.000 0.056

     5.2530    11.510     11.529   1     0.06     7.07      8.016    0.647   4.575
                                   2     0.07     2.69      1.153    0.433   1.165
                                   3     0.18     5.99      5.698    0.413   2.472

                                                                             8.211        0.004 0.022 0.000 0.000 0.000 0.026

     5.3110    11.536     11.552   1     0.08     7.33      8.368    0.598   4.384
                                   2     0.07     2.83      1.271    0.470   1.329
                                   3     0.23     6.64      6.356    0.376   2.498

                                                                             8.211       -0.002 0.031 0.000 0.000 0.000 0.030

     5.3950    11.565     11.585   1     0.06     5.46      6.555    0.613   3.351
                                   2     0.07     3.21      1.722    0.486   1.562
                                   3     0.09     6.46      7.468    0.511   3.298

                                                                             8.211       -0.011 0.003 0.001 0.000 0.000-0.007

     5.4010    11.558     11.589   1     0.06     3.30      4.714    0.770   2.541
                                   2     0.08     3.13      1.907    0.603   1.890
                                   3     0.13     6.60      7.380    0.574   3.787

                                                                             8.211        0.011 0.008 0.000 0.000 0.000 0.019

     5.4150    11.577     11.596   1     0.06     5.63      8.279    0.610   3.433
                                   2     0.07     4.29      2.519    0.605   2.594
                                   3     0.19     5.43      5.970    0.406   2.201

                                                                             8.211        0.007 0.018 0.000 0.000 0.000 0.024

     5.4690    11.601     11.614   1     0.06     4.17      7.394    0.386   1.609
                                   2     0.07     9.47      5.583    0.533   5.050
                                   3     0.08     4.48      7.316    0.354   1.586

     Brueckenberechnung an Station km     5.472 : 


          Profil "3":

                                                                             8.211       -0.012 0.000 0.002 0.000 0.000-0.010

     5.4690    11.591     11.616   1     0.12     0.93      3.161    0.285   0.264
                                   2     0.07    10.79      8.773    0.715   7.708
                                   3     0.11     0.85      3.085    0.280   0.238

                                                                  Blatt    8

     Stat-km  Wsp-m+NN  hen-m+NN  IND  Lambd    Fl-qm   Umfg-m   v-m/s   Q-cbm/s

                                                                          Q-ges           hv-m  hr-m  h-bor h-ein h-ort h-m


         Profil "3": hr  m  a
             11.591     8.319     9.378

         ad  aue apl  apg 
              6.207     3.171     2.172     0.164

          Druckabfluss

         Profil "1": hr  m  a
             11.608     8.354     9.554

         ad  aue apl  apg 
              6.207     3.347     2.172     0.164

         Druckabfluss
         --> wsp im ow (profil "1") ermittelt aus Impulsbilanz

          Profil "1":

                                                                             8.211       -0.012 0.000 0.002 0.000 0.000-0.010

     5.4720    11.608     11.632   1     0.11     0.98      3.161    0.267   0.262
                                   2     0.06    10.91      8.773    0.707   7.709
                                   3     0.11     0.90      3.085    0.267   0.240

                                                                             8.211       -0.001 0.001 0.000 0.000 0.000 0.000

     5.4750    11.608     11.634   1     0.07     4.99      6.613    0.628   3.135
                                   2     0.07     2.87      1.470    0.546   1.570
                                   3     0.07     5.39      6.771    0.652   3.511

                                                                             8.211        0.003 0.004 0.000 0.000 0.000 0.007

     5.4810    11.615     11.638   1     0.17     5.84      7.547    0.523   3.053
                                   2     0.07     3.15      2.195    0.666   2.100
                                   3     0.13     5.17      6.403    0.591   3.058

                                                                             8.211       -0.024 0.052 0.000 0.000 0.000 0.028

     5.5090    11.643     11.713   1     0.13     1.84      4.831    0.826   1.524
                                   3     0.19     2.78      4.773    0.834   2.317

                                                                             8.211       -0.086 0.279 0.000 0.000 0.000 0.193

     5.5590    11.836     12.078   1     0.13     0.31      1.381    1.077   0.335
                                   2     0.07     3.26      5.129    2.268   7.399
                                   3     0.13     0.44      1.943    1.084   0.481

     Brueckenberechnung an Station km     5.609 : 


          Profil "3":

                                                                  Blatt    9

     Stat-km  Wsp-m+NN  hen-m+NN  IND  Lambd    Fl-qm   Umfg-m   v-m/s   Q-cbm/s

                                                                          Q-ges           hv-m  hr-m  h-bor h-ein h-ort h-m


                                                                             8.211       -0.046 0.095 0.000 0.001 0.000 0.050

     5.5690    11.886     12.220   2     0.07     3.21      6.139    2.561   8.211


          Druck- und Wehrabfluss
          ----------------------
          Q-Wehr   =      0.000
          Q-Druck  =      8.211
          Q-Gesamt =      8.211

          Profil "1":

                                                                             8.211        0.092 0.000 0.000 0.001 0.000 0.094

     5.6090    13.077     13.226   2     0.07     4.79      8.520    1.713   8.211

          Profil "b":

                                                                             8.211        0.125 0.011 0.000 0.007 0.000 0.143

     5.6140    13.219     13.245   1     0.04     5.31      4.655    0.751   3.987
                                   2     0.07     4.92      1.336    0.394   1.937
                                   3     0.04     3.67      4.215    0.622   2.287

                                                                             8.211        0.020 0.002 0.000 0.000 0.000 0.022

     5.6310    13.242     13.247   1     0.23     8.73      7.251    0.134   1.170
                                   3     0.20     5.18      7.061    0.113   0.583

                                                                             8.211        0.002 0.001 0.000 0.000 0.000 0.002

     5.6400    13.244     13.248   1     0.27    12.00      7.783    0.211   2.533
                                   3     0.34    14.70     10.370    0.181   2.656

     Durchflussaenderung bei Station km   5.670 :  Q =    6.27 m**3/s

                                                                             6.270        0.001 0.002 0.000 0.000 0.000 0.003

     5.6700    13.247     13.249   1     0.07    16.17      7.178    0.195   3.155
                                   2     0.07     5.99      1.833    0.110   0.659
                                   3     0.07    15.14     10.517    0.162   2.452

                                                                             6.270       -0.004 0.000 0.001 0.000 0.000-0.003

     5.6850    13.244     13.251   1     0.15    16.86      7.141    0.232   3.920
                                   2     0.10     2.63      0.744    0.105   0.277
                                   3     0.25    12.72      6.744    0.163   2.070

                                                                             6.270        0.004 0.001 0.000 0.000 0.000 0.006

     5.7300    13.250     13.252   1     0.10    12.65      5.958    0.155   1.966
                                   2     0.04    18.39      6.520    0.207   3.811
                                   3     0.40     6.79      3.762    0.073   0.493

     Brueckenberechnung an Station km     5.733 : 


          Profil "3":

                                                                  Blatt   10

     Stat-km  Wsp-m+NN  hen-m+NN  IND  Lambd    Fl-qm   Umfg-m   v-m/s   Q-cbm/s

                                                                          Q-ges           hv-m  hr-m  h-bor h-ein h-ort h-m


                                                                             6.270        0.000 0.000 0.000 0.000 0.000 0.000

     5.7300    13.250     13.252   1     0.04     6.38      3.291    0.216   1.379
                                   2     0.06    24.96      9.623    0.170   4.233
                                   3     0.16     6.28      3.433    0.105   0.658

         Profil "3": hr  m  a
             13.250    38.264    28.792

         ad  aue apl  apg 
              6.168    22.625     2.305     0.151

          Druckabfluss

         Profil "1": hr  m  a
             13.248    38.173    28.759

         ad  aue apl  apg 
              6.168    22.591     2.305     0.151

         Druckabfluss
         --> wsp im ow (profil "1") ermittelt aus Impulsbilanz

          Profil "1":

                                                                             6.270        0.000 0.000 0.000 0.000 0.000 0.000

     5.7330    13.248     13.249   1     0.06     6.37      3.291    0.174   1.107
                                   2     0.06    24.94      9.623    0.180   4.499
                                   3     0.15     6.27      3.433    0.109   0.683

                                                                             6.270        0.000 0.000 0.000 0.000 0.000 0.000

     5.7360    13.248     13.249   1     0.34    14.12      6.227    0.159   2.247
                                   3     0.46    14.22      6.460    0.135   1.925

                                                                             6.270       -0.001 0.003 0.000 0.000 0.000 0.002

     5.7930    13.250     13.254   1     0.22    11.74      5.425    0.235   2.762
                                   2     0.08     6.66      2.247    0.230   1.529
                                   3     0.62    16.03      7.917    0.134   2.155

                                                                             6.270       -0.001 0.004 0.000 0.000 0.000 0.003

     5.8480    13.253     13.259   1     0.17    12.97      6.479    0.270   3.498
                                   2     0.09     3.83      1.357    0.183   0.700
                                   3     0.52    13.00      6.152    0.159   2.072

                                                                  Blatt   11

     Stat-km  Wsp-m+NN  hen-m+NN  IND  Lambd    Fl-qm   Umfg-m   v-m/s   Q-cbm/s

                                                                          Q-ges           hv-m  hr-m  h-bor h-ein h-ort h-m


                                                                             6.270        0.003 0.007 0.000 0.000 0.000 0.009

     5.9180    13.263     13.265   1     0.28    11.36      7.345    0.219   2.494
                                   3     0.42    11.79      6.113    0.198   2.338

                                                                             6.270        0.000 0.007 0.000 0.000 0.000 0.007

     5.9950    13.270     13.273   1     0.29    10.80      6.207    0.195   2.102
                                   2     0.07     6.93      2.233    0.277   1.920
                                   3     0.26    11.50      7.287    0.196   2.248

                                                                             6.270        0.002 0.001 0.000 0.000 0.000 0.002

     6.0060    13.272     13.273   1     0.08    11.25      6.911    0.129   1.453
                                   2     0.04    17.53      5.170    0.165   2.899
                                   3     0.08    13.57      7.340    0.141   1.911

     Brueckenberechnung an Station km     6.020 : 


          Profil "3":

                                                                             6.270       -0.001 0.000 0.000 0.000 0.000-0.001

     6.0140    13.272     13.274   1     0.07     7.83      6.060    0.199   1.562
                                   2     0.08    14.65      8.582    0.186   2.721
                                   3     0.06     9.64      7.412    0.206   1.987

         Profil "3": hr  m  a
             13.272    19.735    17.182

         ad  aue apl  apg 
              3.737    13.445     4.012     1.287

          Druckabfluss

         Profil "1": hr  m  a
             13.271    19.686    17.177

         ad  aue apl  apg 
              3.737    13.441     4.012     1.287

         Druckabfluss
         --> wsp im ow (profil "1") ermittelt aus Impulsbilanz

          Profil "1":

                                                                             6.270       -0.001 0.000 0.000 0.000 0.000-0.001

     6.0200    13.271     13.274   1     0.07     7.83      6.060    0.176   1.376
                                   2     0.05    14.65      8.582    0.215   3.145
                                   3     0.06     9.63      7.412    0.182   1.749

          Profil "b":

                                                                  Blatt   11

     Stat-km  Wsp-m+NN  hen-m+NN  IND  Lambd    Fl-qm   Umfg-m   v-m/s   Q-cbm/s

                                                                          Q-ges           hv-m  hr-m  h-bor h-ein h-ort h-m


                                                                             6.270        0.001 0.000 0.000 0.000 0.000 0.001

     6.0250    13.272     13.274   1     0.08    10.65      6.403    0.136   1.446
                                   2     0.04    17.26      5.170    0.168   2.896
                                   3     0.07    13.23      7.340    0.146   1.928

                                                                             6.270       -0.003 0.000 0.001 0.000 0.000-0.002

     6.0330    13.271     13.275   1     1.31    16.84     10.403    0.086   1.455
                                   2     0.05     8.72      2.562    0.328   2.856
                                   3     0.18     9.01      6.344    0.218   1.965

                                                                             6.270       -0.002 0.001 0.000 0.000 0.000-0.001

     6.0380    13.270     13.276   1     1.90     9.91      7.157    0.133   1.317
                                   2     0.08     4.21      1.225    0.390   1.643
                                   3     0.73    14.24      8.950    0.231   3.289

                                                                             6.270        0.000 0.015 0.000 0.000 0.000 0.014

     6.0890    13.284     13.291   1     2.90    13.86      8.859    0.106   1.464
                                   2     0.09     3.98      1.148    0.346   1.378
                                   3     0.57    13.13      7.096    0.260   3.420

     Durchflussaenderung bei Station km   6.172 :  Q =    3.53 m**3/s

                                                                             3.527        0.006 0.013 0.000 0.000 0.000 0.019

     6.1720    13.303     13.304   1     1.15    16.76      7.986    0.082   1.378
                                   2     0.09     3.66      1.073    0.140   0.512
                                   3     0.66    15.10      7.180    0.108   1.638

     Brueckenberechnung an Station km     6.174 : 


          Profil "3":

                                                                             3.527        0.001 0.000 0.000 0.000 0.000 0.001

     6.1735    13.304     13.304   1     0.24     8.02      4.409    0.052   0.416
                                   2     0.05    22.07      8.866    0.114   2.511
                                   3     0.06     6.04      3.332    0.099   0.601

         Profil "3": hr  m  a
             13.304    34.882    27.765

         ad  aue apl  apg 
              5.642    22.123     2.300     0.000

                                                                  Blatt   12

     Stat-km  Wsp-m+NN  hen-m+NN  IND  Lambd    Fl-qm   Umfg-m   v-m/s   Q-cbm/s

                                                                          Q-ges           hv-m  hr-m  h-bor h-ein h-ort h-m


          Druckabfluss

         Profil "1": hr  m  a
             13.301    34.801    27.730

         ad  aue apl  apg 
              5.642    22.088     2.300     0.000

         Druckabfluss
         --> wsp im ow (profil "1") ermittelt aus Impulsbilanz

          Profil "1":

                                                                             3.527        0.001 0.000 0.000 0.000 0.000 0.001

     6.1745    13.301     13.301   1     0.24     8.00      4.409    0.059   0.473
                                   2     0.07    22.05      8.866    0.108   2.374
                                   3     0.06     6.03      3.332    0.114   0.689

                                                                             3.527       -0.001 0.000 0.000 0.000 0.000-0.001

     6.1770    13.300     13.302   1     0.37     9.49      4.299    0.166   1.575
                                   2     0.08     4.03      1.173    0.166   0.667
                                   3     0.68    10.38      4.567    0.124   1.285

                                                                             3.527        0.000 0.002 0.000 0.000 0.000 0.002

     6.2200    13.302     13.303   1     0.14    14.41      6.936    0.113   1.631
                                   2     0.10     2.74      0.874    0.057   0.157
                                   3     0.13    14.28      6.533    0.122   1.740

                                                                             3.527        0.000 0.001 0.000 0.000 0.000 0.001

     6.2480    13.303     13.304   1     0.40    14.92      7.060    0.118   1.753
                                   2     0.10     2.50      0.872    0.093   0.234
                                   3     0.44    13.42      6.046    0.115   1.541

                                                                             3.527        0.000 0.000 0.000 0.000 0.000 0.000

     6.2570    13.303     13.304   1     0.30    11.87      5.800    0.135   1.598
                                   2     0.10     2.60      0.792    0.096   0.248
                                   3     0.47    15.17      6.910    0.111   1.680

                                                                             3.527        0.000 0.001 0.000 0.000 0.000 0.001

     6.2840    13.304     13.305   1     0.23    12.32      5.891    0.144   1.769
                                   2     0.12     1.83      0.632    0.070   0.129
                                   3     0.41    14.55      6.448    0.112   1.633

                                                                             3.527        0.000 0.001 0.000 0.000 0.000 0.001

     6.3110    13.304     13.306   1     0.16    11.95      5.838    0.164   1.959
                                   2     0.11     2.36      0.743    0.082   0.194
                                   3     0.46    13.45      5.974    0.103   1.379

                                                                  Blatt   13

     Stat-km  Wsp-m+NN  hen-m+NN  IND  Lambd    Fl-qm   Umfg-m   v-m/s   Q-cbm/s

                                                                          Q-ges           hv-m  hr-m  h-bor h-ein h-ort h-m


                                                                             3.527        0.000 0.001 0.000 0.000 0.000 0.001

     6.3380    13.305     13.307   1     0.15    14.46      7.226    0.161   2.324
                                   2     0.10     2.62      0.860    0.085   0.224
                                   3     0.50    10.56      4.644    0.093   0.981

                                                                             3.527        0.001 0.001 0.000 0.000 0.000 0.001

     6.3580    13.306     13.307   1     0.31    12.28      6.383    0.132   1.619
                                   2     0.09     3.35      1.131    0.123   0.412
                                   3     0.45    12.42      5.304    0.120   1.494

                                                                             3.527        0.000 0.009 0.000 0.000 0.000 0.009

     6.5350    13.315     13.316   1     0.82    12.00      5.758    0.112   1.349
                                   2     0.08     3.50      1.210    0.171   0.596
                                   3     0.68    12.32      5.460    0.128   1.583

                                                                             3.527        0.000 0.001 0.000 0.000 0.000 0.001

     6.5560    13.316     13.318   1     0.79    11.59      5.921    0.123   1.420
                                   2     0.09     2.97      1.022    0.170   0.503
                                   3     0.75    12.09      5.448    0.134   1.614

                                                                             3.527       -0.001 0.013 0.000 0.000 0.000 0.012

     6.7150    13.329     13.332   1     0.47    10.64      6.360    0.157   1.675
                                   2     0.11     1.97      0.685    0.139   0.275
                                   3     0.54    10.79      6.531    0.146   1.576

                                                                             3.527        0.000 0.000 0.000 0.000 0.000 0.000

     6.7175    13.329     13.332   1     0.43    10.64      6.360    0.159   1.688
                                   2     0.11     1.97      0.685    0.134   0.264
                                   3     0.51    10.81      6.531    0.145   1.572

                                                                             3.527       -0.001 0.000 0.000 0.000 0.000-0.001

     6.7200    13.328     13.332   1     0.45    10.92      6.068    0.169   1.842
                                   2     0.13     0.79      0.274    0.087   0.068
                                   3     0.44     9.72      5.661    0.166   1.617
