     Ergebnis der Wasserspiegellagenberechnung fuer HQ                          
 
     05/02/05 16:13:34.75 Uhr    KALYPSO - 1D, VERSION 1.0.6 
 

                                                                  Blatt    1

     Stat-km  Wsp-m+NN  hen-m+NN  IND  Lambd    Fl-qm   Umfg-m   v-m/s   Q-cbm/s

                                                                          Q-ges           hv-m  hr-m  h-bor h-ein h-ort h-m


     Durchfluss bei Station km   0.000 :  Q =    2.40 m**3/s

         der Anfangswasserspiegel wird unter Annahme
          stationaer gleichfoermigen Abflusses berechnet. 
         Sohlgefaelle = -.00710

                                                                             2.400        0.000 0.000 0.000 0.000 0.000 0.000

     0.0000     4.174      4.249   2     0.13     1.97      5.648    1.215   2.392
                                   3     0.13     0.02      0.255    0.530   0.008

                                                                             2.400        0.001 0.093 0.000 0.000 0.000 0.094

     0.0130     4.268      4.342   1     0.13     0.03      0.387    0.728   0.018
                                   2     0.13     1.95      5.295    1.212   2.359
                                   3     0.11     0.03      0.402    0.651   0.023

                                                                             2.400       -0.002 0.088 0.000 0.000 0.000 0.086

     0.0250     4.355      4.433   1     0.13     0.04      0.419    0.736   0.029
                                   2     0.13     1.88      5.026    1.247   2.350
                                   3     0.00     0.03      0.416    0.649   0.021

     Brueckenberechnung an Station km     0.058 : 


          Profil "a": 

                                                                             2.400       -0.003 0.160 0.000 0.000 0.004 0.161

     0.0456     4.516      4.600   1     0.06     0.10      0.727    0.850   0.088
                                   2     0.12     1.72      4.434    1.304   2.249
                                   3     0.10     0.06      0.505    0.882   0.057

          Profil "3":

                                                                             2.400       -0.031 0.090 0.000 0.000 0.007 0.066

     0.0540     4.583      4.730   2     0.13     1.41      4.173    1.700   2.403

         Profil "3": hr  m  a
              4.583     0.783     1.393

         ad  aue apl  apg 
              1.393     0.000     0.000     0.020

                                                                  Blatt    2

     Stat-km  Wsp-m+NN  hen-m+NN  IND  Lambd    Fl-qm   Umfg-m   v-m/s   Q-cbm/s

                                                                          Q-ges           hv-m  hr-m  h-bor h-ein h-ort h-m


         Profil "2": hr  m  a
              4.684     0.789     1.731

         ad  aue apl  apg 
              1.731     0.000     0.000     0.026

         Profil "1": hr  m  a
              4.697     0.794     1.776

         ad  aue apl  apg 
              1.776     0.000     0.000     0.027

         wsp im ow (Profil "1") ermittelt aus Impulsbilanz

          Profil "1":

                                                                             2.400       -0.006 0.000 0.000 0.000 0.004-0.002

     0.0580     4.697      4.788   2     0.11     1.80      4.402    1.331   2.400

          Profil "b":

                                                                             2.400        0.038 0.024 0.000 0.000 0.003 0.064

     0.0630     4.762      4.815   1     0.05     0.19      0.982    0.661   0.128
                                   2     0.11     2.08      3.911    1.040   2.165
                                   3     0.11     0.14      0.732    0.696   0.094

                                                                             2.400       -0.006 0.366 0.000 0.000 0.000 0.360

     0.1600     5.125      5.189   1     0.13     0.33      1.291    0.809   0.270
                                   2     0.10     1.67      2.704    1.186   1.979
                                   3     0.13     0.21      1.098    0.742   0.151

     Durchflussaenderung bei Station km   0.170 :  Q =    2.30 m**3/s

                                                                             2.300        0.016 0.036 0.000 0.000 0.000 0.052

     0.1700     5.176      5.225   1     0.10     0.52      1.587    0.890   0.462
                                   2     0.11     1.45      1.987    1.008   1.466
                                   3     0.10     0.45      1.513    0.832   0.373

                                                                             2.300        0.007 0.099 0.000 0.000 0.000 0.107

     0.2060     5.283      5.324   1     0.10     0.48      1.489    0.768   0.371
                                   2     0.10     1.71      1.959    0.941   1.609
                                   3     0.10     0.44      1.455    0.745   0.327

                                                                             2.300        0.004 0.136 0.000 0.000 0.000 0.140

     0.2685     5.423      5.461   1     0.10     0.39      1.322    0.663   0.259
                                   2     0.10     1.98      2.476    0.882   1.749
                                   3     0.09     0.40      1.322    0.721   0.291

     Brueckenberechnung an Station km     0.367 : 


          Profil "a": 

                                                                             2.300        0.000 0.115 0.000 0.000 0.003 0.118

     0.3250     5.541      5.578   1     0.10     0.43      1.434    0.698   0.300
                                   2     0.10     2.06      2.974    0.881   1.815
                                   3     0.10     0.28      1.040    0.664   0.187

          Profil "3":

                                                                  Blatt    3

     Stat-km  Wsp-m+NN  hen-m+NN  IND  Lambd    Fl-qm   Umfg-m   v-m/s   Q-cbm/s

                                                                          Q-ges           hv-m  hr-m  h-bor h-ein h-ort h-m


                                                                             2.300       -0.015 0.023 0.000 0.000 0.005 0.013

     0.3320     5.555      5.622   2     0.13     2.00      4.294    1.153   2.301

         Profil "3": hr  m  a
              5.555     1.273     1.983

         ad  aue apl  apg 
              1.983     0.000     0.000     0.013

         Profil "2": hr  m  a
              5.724     1.280     2.467

         ad  aue apl  apg 
              2.467     0.000     0.000     0.019

         Profil "1": hr  m  a
              5.729     1.287     2.480

         ad  aue apl  apg 
              2.480     0.000     0.000     0.020

         wsp im ow (Profil "1") ermittelt aus Impulsbilanz

          Profil "1":

                                                                             2.300       -0.006 0.000 0.000 0.000 0.003-0.003

     0.3670     5.729      5.772   2     0.09     2.50      4.641    0.920   2.300

          Profil "b":

                                                                             2.300        0.019 0.008 0.000 0.000 0.002 0.028

     0.3720     5.757      5.781   1     0.10     0.64      1.745    0.573   0.364
                                   2     0.10     2.40      2.851    0.718   1.721
                                   3     0.10     0.40      1.240    0.539   0.215

                                                                             2.300       -0.014 0.227 0.000 0.000 0.000 0.212

     0.4760     5.971      6.024   1     0.11     0.43      1.404    0.853   0.369
                                   2     0.10     1.58      2.036    1.053   1.660
                                   3     0.15     0.38      1.194    0.738   0.283

     Brueckenberechnung an Station km     0.633 : 


          Profil "a": 

                                                                             2.300        0.011 0.405 0.000 0.000 0.000 0.416

     0.6270     6.387      6.429   1     0.11     0.23      1.180    0.561   0.131
                                   2     0.10     2.16      2.723    0.954   2.061
                                   3     2.29     0.56      1.587    0.164   0.112

          Profil "3":

                                                                  Blatt    4

     Stat-km  Wsp-m+NN  hen-m+NN  IND  Lambd    Fl-qm   Umfg-m   v-m/s   Q-cbm/s

                                                                          Q-ges           hv-m  hr-m  h-bor h-ein h-ort h-m


                                                                             2.300        0.013 0.009 0.000 0.000 0.000 0.022

     0.6320     6.408      6.438   2     0.09     3.02      5.571    0.765   2.308

         Profil "3": hr  m  a
              6.408     1.277     3.018

         ad  aue apl  apg 
              3.018     0.000     0.000     0.000

         Profil "2": hr  m  a
              6.415     1.290     3.050

         ad  aue apl  apg 
              3.050     0.000     0.000     0.000

         Profil "1": hr  m  a
              6.419     1.304     3.074

         ad  aue apl  apg 
              3.074     0.000     0.000     0.000

         wsp im ow (Profil "1") ermittelt aus Impulsbilanz

          Profil "1":

                                                                             2.300        0.014 0.000 0.000 0.000 0.000 0.014

     0.6330     6.419      6.448   2     0.11     3.07      5.622    0.748   2.300

          Profil "b":

                                                                             2.300       -0.007 0.010 0.000 0.000 0.000 0.003

     0.6380     6.422      6.466   1     0.11     0.21      1.109    0.602   0.125
                                   2     0.11     2.10      2.756    0.959   2.017
                                   3     2.24     0.53      1.543    0.178   0.147

     Durchflussaenderung bei Station km   0.652 :  Q =    2.00 m**3/s

                                                                             2.000        0.025 0.024 0.000 0.000 0.000 0.049

     0.6520     6.471      6.490   1     0.11     0.23      1.150    0.338   0.079
                                   2     0.10     2.92      3.295    0.623   1.817
                                   3     0.63     0.55      1.585    0.191   0.103

                                                                             2.000        0.009 0.040 0.000 0.000 0.000 0.049

     0.7220     6.520      6.530   1     0.10     0.72      1.847    0.338   0.242
                                   2     0.09     3.33      3.227    0.473   1.578
                                   3     0.22     0.78      1.989    0.232   0.180

     Brueckenberechnung an Station km     0.737 : 


          Profil "3":

                                                                  Blatt    5

     Stat-km  Wsp-m+NN  hen-m+NN  IND  Lambd    Fl-qm   Umfg-m   v-m/s   Q-cbm/s

                                                                          Q-ges           hv-m  hr-m  h-bor h-ein h-ort h-m


                                                                             2.000       -0.006 0.001 0.001 0.000 0.000-0.004

     0.7245     6.516      6.532   2     0.11     3.57      5.311    0.560   2.000

         Profil "3": hr  m  a
              6.516     1.804     3.554

         ad  aue apl  apg 
              3.554     0.000     0.000     0.016

         Profil "2": hr  m  a
              6.529     1.817     3.604

         ad  aue apl  apg 
              3.604     0.000     0.000     0.017

         Profil "1": hr  m  a
              6.533     1.831     3.620

         ad  aue apl  apg 
              3.620     0.000     0.000     0.017

         wsp im ow (Profil "1") ermittelt aus Impulsbilanz

          Profil "1":

                                                                             2.000       -0.005 0.000 0.001 0.000 0.000-0.005

     0.7370     6.533      6.548   2     0.09     3.64      5.345    0.550   2.000

          Profil "b":

                                                                             2.000        0.000 0.003 0.000 0.000 0.000 0.003

     0.7420     6.536      6.551   1     0.11     0.58      1.763    0.389   0.226
                                   2     0.08     2.29      2.287    0.577   1.320
                                   3     0.10     0.99      2.379    0.459   0.453

                                                                             2.000       -0.004 0.006 0.000 0.000 0.000 0.003

     0.7500     6.539      6.561   1     0.10     0.91      1.971    0.608   0.552
                                   2     0.10     1.25      0.996    0.523   0.653
                                   3     0.08     1.17      2.539    0.679   0.795

                                                                             2.000        0.007 0.101 0.000 0.000 0.000 0.108

     0.8630     6.646      6.662   1     0.10     0.98      2.411    0.508   0.499
                                   2     0.09     1.50      1.260    0.529   0.793
                                   3     0.12     1.36      2.598    0.520   0.709

                                                                  Blatt    6

     Stat-km  Wsp-m+NN  hen-m+NN  IND  Lambd    Fl-qm   Umfg-m   v-m/s   Q-cbm/s

                                                                          Q-ges           hv-m  hr-m  h-bor h-ein h-ort h-m


                                                                             2.000        0.001 0.085 0.000 0.000 0.000 0.085

     0.9830     6.732      6.747   1     0.11     0.97      2.336    0.434   0.422
                                   2     0.09     1.52      1.230    0.456   0.692
                                   3     0.09     1.58      2.778    0.560   0.888

     Durchflussaenderung bei Station km   1.032 :  Q =    1.95 m**3/s

                                                                             1.950        0.000 0.032 0.000 0.000 0.000 0.032

     1.0320     6.764      6.779   1     0.11     0.93      2.264    0.459   0.427
                                   2     0.09     1.48      1.251    0.491   0.728
                                   3     0.11     1.48      2.697    0.536   0.795

                                                                             1.950       -0.002 0.105 0.000 0.000 0.000 0.104

     1.1740     6.868      6.886   1     0.11     0.85      2.141    0.501   0.421
                                   2     0.08     1.39      1.334    0.577   0.803
                                   3     0.09     1.22      2.449    0.596   0.727

                                                                             1.950       -0.001 0.030 0.000 0.000 0.000 0.029

     1.2100     6.897      6.917   1     0.11     0.76      1.904    0.511   0.385
                                   2     0.07     1.65      1.704    0.659   1.089
                                   3     0.10     0.90      2.095    0.532   0.478

     Brueckenberechnung an Station km     1.221 : 


          Profil "3":

                                                                             1.950       -0.018 0.013 0.000 0.001 0.004-0.001

     1.2195     6.896      6.952   2     0.07     1.86      3.568    1.047   1.948

         Profil "3": hr  m  a
              6.896     0.945     1.404

         ad  aue apl  apg 
              1.404     0.000     0.439     0.018

          Druckabfluss

                                                                  Blatt    7

     Stat-km  Wsp-m+NN  hen-m+NN  IND  Lambd    Fl-qm   Umfg-m   v-m/s   Q-cbm/s

                                                                          Q-ges           hv-m  hr-m  h-bor h-ein h-ort h-m


         Profil "1": hr  m  a
              6.949     0.951     1.404

         ad  aue apl  apg 
              1.404     0.000     0.558     0.018

         Druckabfluss
         --> wsp im ow (profil "1") ermittelt aus Impulsbilanz

          Profil "1":

                                                                             1.950       -0.030 0.000 0.006 0.001 0.003-0.019

     1.2210     6.949      6.999   2     0.09     1.98      3.675    0.984   1.950

          Profil "b":

                                                                             1.950        0.017 0.009 0.000 0.000 0.002 0.029

     1.2260     6.978      7.010   1     0.10     0.64      1.764    0.658   0.424
                                   2     0.07     1.48      1.636    0.858   1.266
                                   3     0.12     0.48      1.621    0.557   0.264

                                                                             1.950        0.013 0.022 0.000 0.000 0.000 0.035

     1.2440     7.013      7.032   1     0.11     0.95      2.098    0.559   0.531
                                   2     0.07     1.47      1.389    0.646   0.948
                                   3     0.11     0.89      2.056    0.530   0.471

                                                                             1.950       -0.002 0.081 0.000 0.000 0.000 0.079

     1.3250     7.092      7.116   1     0.08     0.92      2.507    0.631   0.578
                                   2     0.07     1.39      1.451    0.695   0.966
                                   3     0.11     0.78      2.322    0.523   0.406

     Brueckenberechnung an Station km     1.364 : 


          Profil "a": 

                                                                             1.950        0.004 0.033 0.000 0.000 0.000 0.037

     1.3583     7.130      7.149   1     0.11     0.73      2.053    0.489   0.355
                                   2     0.07     1.60      2.065    0.684   1.093
                                   3     0.10     1.13      3.994    0.445   0.504

          Profil "3":

                                                                             1.950        0.004 0.005 0.000 0.000 0.000 0.009

     1.3633     7.139      7.154   2     0.13     3.61      8.587    0.540   1.950

         Profil "3": hr  m  a
              7.139     1.188     3.613

         ad  aue apl  apg 
              3.613     0.000     0.000     0.000

                                                                  Blatt    8

     Stat-km  Wsp-m+NN  hen-m+NN  IND  Lambd    Fl-qm   Umfg-m   v-m/s   Q-cbm/s

                                                                          Q-ges           hv-m  hr-m  h-bor h-ein h-ort h-m


         Profil "2": hr  m  a
              7.143     1.197     3.643

         ad  aue apl  apg 
              3.643     0.000     0.000     0.000

         Profil "1": hr  m  a
              7.145     1.207     3.666

         ad  aue apl  apg 
              3.666     0.000     0.000     0.000

         wsp im ow (Profil "1") ermittelt aus Impulsbilanz

          Profil "1":

                                                                             1.950        0.005 0.000 0.000 0.000 0.000 0.005

     1.3640     7.145      7.160   2     0.12     3.67      8.658    0.532   1.950

          Profil "b":

                                                                             1.950       -0.003 0.005 0.000 0.000 0.000 0.002

     1.3690     7.147      7.168   1     0.11     0.67      2.043    0.495   0.331
                                   2     0.07     1.61      2.235    0.724   1.163
                                   3     0.10     0.99      3.840    0.458   0.455

                                                                             1.950        0.011 0.071 0.000 0.000 0.000 0.082

     1.4580     7.229      7.239   1     0.10     2.66     11.067    0.322   0.856
                                   2     0.08     1.85      1.434    0.497   0.917
                                   3     0.19     0.66      1.824    0.285   0.188

                                                                             1.950       -0.004 0.096 0.000 0.000 0.000 0.092

     1.6090     7.321      7.338   1     0.07     1.32     10.257    0.335   0.441
                                   2     0.07     1.97      2.036    0.637   1.252
                                   3     0.09     0.58      1.793    0.443   0.257

                                                                             1.950        0.003 0.047 0.000 0.000 0.000 0.051

     1.6790     7.372      7.386   1     0.05     1.04      8.111    0.362   0.376
                                   2     0.07     1.79      1.786    0.572   1.026
                                   3     0.13     1.26      2.604    0.435   0.548

                                                                             1.950       -0.005 0.023 0.000 0.000 0.000 0.018

     1.7040     7.390      7.413   1     0.12     0.61      1.576    0.552   0.339
                                   2     0.08     1.36      1.339    0.709   0.967
                                   3     0.12     1.09      2.408    0.588   0.644

                                                                             1.950        0.005 0.017 0.000 0.000 0.000 0.022

     1.7200     7.412      7.430   1     0.06     0.98      7.251    0.413   0.405
                                   2     0.08     1.40      1.371    0.638   0.895
                                   3     0.11     1.18      2.526    0.551   0.650

                                                                  Blatt    9

     Stat-km  Wsp-m+NN  hen-m+NN  IND  Lambd    Fl-qm   Umfg-m   v-m/s   Q-cbm/s

                                                                          Q-ges           hv-m  hr-m  h-bor h-ein h-ort h-m


                                                                             1.950       -0.001 0.078 0.000 0.000 0.000 0.077

     1.8030     7.489      7.510   1     0.11     0.69      1.740    0.519   0.358
                                   2     0.07     1.77      1.852    0.705   1.247
                                   3     0.13     0.76      2.121    0.452   0.345

                                                                             1.950       -0.003 0.100 0.000 0.000 0.000 0.097

     1.8920     7.586      7.614   1     0.04     0.54     10.178    0.346   0.186
                                   2     0.07     1.67      2.033    0.813   1.358
                                   3     0.12     0.74      1.979    0.556   0.413

     Brueckenberechnung an Station km     1.905 : 


          Profil "3":

                                                                             1.950        0.002 0.018 0.000 0.000 0.000 0.020

     1.9040     7.606      7.632   2     0.13     2.72      5.963    0.716   1.950

         Profil "3": hr  m  a
              7.606     0.973     2.722

         ad  aue apl  apg 
              2.722     0.000     0.000     0.000

         Profil "2": hr  m  a
              7.611     0.980     2.751

         ad  aue apl  apg 
              2.751     0.000     0.000     0.000

         Profil "1": hr  m  a
              7.615     0.988     2.770

         ad  aue apl  apg 
              2.770     0.000     0.000     0.000

         wsp im ow (Profil "1") ermittelt aus Impulsbilanz

          Profil "1":

                                                                             1.950        0.003 0.000 0.000 0.000 0.000 0.003

     1.9050     7.615      7.640   2     0.12     2.77      6.011    0.704   1.950

          Profil "b":

                                                                             1.950       -0.004 0.010 0.000 0.000 0.000 0.006

     1.9100     7.620      7.653   1     0.12     0.65      1.881    0.723   0.468
                                   2     0.09     0.75      1.007    0.768   0.576
                                   3     0.11     1.12      2.870    0.806   0.905

     Brueckenberechnung an Station km     1.933 : 


          Profil "a": 

                                                                  Blatt   10

     Stat-km  Wsp-m+NN  hen-m+NN  IND  Lambd    Fl-qm   Umfg-m   v-m/s   Q-cbm/s

                                                                          Q-ges           hv-m  hr-m  h-bor h-ein h-ort h-m


                                                                             1.950        0.027 0.010 0.000 0.006 0.001 0.045

     1.9187     7.665      7.672   1     0.11     0.70      1.783    0.209   0.146
                                   2     0.06     4.50      4.632    0.374   1.680
                                   3     0.11     0.62      1.640    0.201   0.125

          Profil "3":

                                                                             1.950       -0.009 0.009 0.000 0.003 0.005 0.009

     1.9315     7.674      7.699   2     0.13     2.83      4.766    0.689   1.951

         Profil "3": hr  m  a
              7.674     1.680     2.471

         ad  aue apl  apg 
              2.471     0.000     0.000     0.362

         Profil "2": hr  m  a
              7.672     1.688     2.465

         ad  aue apl  apg 
              2.465     0.000     0.000     0.361

         Profil "1": hr  m  a
              7.691     1.696     2.502

         ad  aue apl  apg 
              2.502     0.000     0.000     0.368

          WSP im ow (Profil "1") ermittelt aus der YARNELL-Gleichung
          --> Pfeilerstau aus YARNELL:   0.131

          Profil "1":

                                                                             1.950       -0.013 0.000 0.004 0.002 0.004-0.003

     1.9330     7.805      7.825   2     0.08     3.13      5.027    0.622   1.950

          Profil "b":

                                                                             1.950        0.014 0.002 0.000 0.003 0.001 0.020

     1.9380     7.825      7.831   1     0.11     1.25      2.385    0.229   0.286
                                   2     0.06     3.79      2.894    0.365   1.384
                                   3     0.11     1.20      2.287    0.234   0.281

                                                                  Blatt   11

     Stat-km  Wsp-m+NN  hen-m+NN  IND  Lambd    Fl-qm   Umfg-m   v-m/s   Q-cbm/s

                                                                          Q-ges           hv-m  hr-m  h-bor h-ein h-ort h-m


                                                                             1.950        0.000 0.007 0.000 0.000 0.000 0.007

     1.9760     7.831      7.838   1     0.11     2.55     10.776    0.198   0.505
                                   2     0.06     3.09      3.157    0.411   1.270
                                   3     0.10     0.72      2.201    0.245   0.177

                                                                             1.950       -0.002 0.021 0.000 0.000 0.000 0.019

     2.0480     7.850      7.861   1     0.08     2.16     10.281    0.266   0.576
                                   2     0.06     2.51      2.328    0.505   1.268
                                   3     0.10     0.50      2.687    0.229   0.114

                                                                             1.950       -0.001 0.044 0.000 0.000 0.000 0.043

     2.1470     7.893      7.907   1     0.08     1.05      1.923    0.522   0.549
                                   2     0.09     1.00      0.956    0.403   0.402
                                   3     0.09     2.00      3.656    0.501   1.000

                                                                             1.950        0.000 0.011 0.000 0.000 0.000 0.012

     2.1690     7.905      7.918   1     0.08     1.32      7.037    0.310   0.407
                                   2     0.07     2.32      2.997    0.559   1.294
                                   3     0.10     0.69      2.218    0.359   0.249

     Durchflussaenderung bei Station km   2.181 :  Q =    1.80 m**3/s

     Brueckenberechnung an Station km     2.181 : 


          Profil "a": 

                                                                             1.800        0.002 0.003 0.000 0.000 0.000 0.006

     2.1750     7.910      7.921   1     0.14     1.09      5.438    0.260   0.283
                                   2     0.10     2.57      4.051    0.496   1.274
                                   3     0.11     0.64      1.915    0.383   0.243

          Profil "3":

                                                                             1.800        0.003 0.003 0.000 0.000 0.000 0.007

     2.1800     7.917      7.924   2     0.13     4.72     13.193    0.382   1.800

         Profil "3": hr  m  a
              7.917     1.320     4.715

         ad  aue apl  apg 
              4.715     0.000     0.000     0.000

                                                                  Blatt   12

     Stat-km  Wsp-m+NN  hen-m+NN  IND  Lambd    Fl-qm   Umfg-m   v-m/s   Q-cbm/s

                                                                          Q-ges           hv-m  hr-m  h-bor h-ein h-ort h-m


         Profil "2": hr  m  a
              7.922     1.340     4.780

         ad  aue apl  apg 
              4.780     0.000     0.000     0.000

         Profil "1": hr  m  a
              7.926     1.359     4.836

         ad  aue apl  apg 
              4.836     0.000     0.000     0.000

         wsp im ow (Profil "1") ermittelt aus Impulsbilanz

          Profil "1":

                                                                             1.800        0.004 0.000 0.000 0.000 0.000 0.004

     2.1810     7.926      7.933   2     0.12     4.84     13.337    0.372   1.800

          Profil "b":

                                                                             1.800       -0.002 0.003 0.000 0.000 0.000 0.001

     2.1860     7.928      7.939   1     0.13     0.84      5.647    0.237   0.199
                                   2     0.10     2.77      4.901    0.494   1.367
                                   3     0.10     0.61      2.031    0.382   0.235

                                                                             1.800       -0.006 0.014 0.000 0.000 0.000 0.008

     2.2070     7.936      7.958   1     0.10     0.20      0.921    0.337   0.068
                                   2     0.07     2.40      2.670    0.687   1.647
                                   3     0.12     0.25      1.008    0.337   0.085

                                                                             1.800       -0.004 0.031 0.000 0.000 0.000 0.027

     2.2390     7.963      7.994   1     0.10     0.14      0.763    0.432   0.062
                                   2     0.07     2.03      3.194    0.808   1.635
                                   3     0.12     0.23      1.050    0.435   0.102

          Kein Einfluss vom Unterwasser!

          Annahme stationaer-gleichfoermiger Abfluss

         Berechnung der Spiegellinie mit Energieliniengefaelle 
         i =   -0.00032

           n p                                                               1.800        0.000 0.000 0.000 0.000 0.000 0.000

     2.3500     8.298      8.304   1     0.13     1.02      2.429    0.281   0.286
                                   2     0.07     1.85      1.681    0.410   0.758
                                   3     0.14     2.92      8.040    0.259   0.756

                                                                             1.800       -0.008 0.001 0.002 0.000 0.000-0.005

     2.3530     8.293      8.306   1     0.13     0.02      0.363    0.108   0.002
                                   2     0.06     2.41      3.928    0.571   1.375
                                   3     0.12     1.62      6.884    0.258   0.418

                                                                             1.800        0.009 0.033 0.000 0.000 0.000 0.042

     2.4530     8.335      8.339   1     0.11     1.60      5.944    0.198   0.317
                                   2     0.07     2.02      1.929    0.356   0.718
                                   3     0.11     3.23      8.912    0.237   0.766

                                                                  Blatt   13

     Stat-km  Wsp-m+NN  hen-m+NN  IND  Lambd    Fl-qm   Umfg-m   v-m/s   Q-cbm/s

                                                                          Q-ges           hv-m  hr-m  h-bor h-ein h-ort h-m


                                                                             1.800        0.000 0.009 0.000 0.000 0.000 0.009

     2.4950     8.343      8.348   1     0.11     1.77      8.055    0.189   0.334
                                   2     0.07     1.49      1.713    0.326   0.485
                                   3     0.09     3.36      7.408    0.292   0.982

                                                                             1.800       -0.003 0.018 0.000 0.000 0.000 0.015

     2.5550     8.358      8.369   1     0.11     1.29      7.204    0.213   0.275
                                   2     0.07     2.29      2.235    0.497   1.139
                                   3     0.05     1.20      6.080    0.326   0.392

                                                                             1.800       -0.004 0.039 0.000 0.000 0.000 0.036

     2.6270     8.394      8.412   1     0.10     0.38      1.402    0.390   0.149
                                   2     0.07     2.01      2.585    0.636   1.276
                                   3     0.10     0.85      2.434    0.444   0.379

     Brueckenberechnung an Station km     2.648 : 


          Profil "3":

                                                                             1.800       -0.017 0.002 0.003 0.000 0.000-0.012

     2.6285     8.382      8.417   2     0.13     2.17      4.200    0.829   1.800

         Profil "3": hr  m  a
              8.382     0.989     2.170

         ad  aue apl  apg 
              2.170     0.000     0.000     0.000

         Profil "2": hr  m  a
              8.430     0.996     2.339

         ad  aue apl  apg 
              2.339     0.000     0.000     0.000

         Profil "1": hr  m  a
              8.433     1.003     2.350

         ad  aue apl  apg 
              2.350     0.000     0.000     0.000

                                                                  Blatt   14

     Stat-km  Wsp-m+NN  hen-m+NN  IND  Lambd    Fl-qm   Umfg-m   v-m/s   Q-cbm/s

                                                                          Q-ges           hv-m  hr-m  h-bor h-ein h-ort h-m


         wsp im ow (Profil "1") ermittelt aus Impulsbilanz

          Profil "1":

                                                                             1.800       -0.012 0.000 0.002 0.000 0.000-0.011

     2.6480     8.433      8.463   2     0.10     2.35      4.309    0.766   1.800

                                                                             1.800        0.000 0.003 0.000 0.000 0.000 0.003

     2.6500     8.436      8.465   1     0.11     0.28      1.061    0.482   0.137
                                   2     0.07     1.88      2.363    0.799   1.505
                                   3     0.12     0.32      1.230    0.492   0.156

                                                                             1.800        0.012 0.109 0.000 0.000 0.000 0.120

     2.7560     8.557      8.575   1     0.11     0.92      2.054    0.534   0.489
                                   2     0.07     1.49      1.822    0.634   0.943
                                   3     0.11     0.73      1.859    0.505   0.369

     Brueckenberechnung an Station km     2.825 : 


          Profil "a": 

                                                                             1.800        0.008 0.032 0.000 0.001 0.002 0.043

     2.8118     8.599      8.609   1     0.11     0.54      1.544    0.258   0.140
                                   2     0.06     3.26      3.605    0.457   1.490
                                   3     0.12     0.64      1.679    0.268   0.172

          Profil "3":

                                                                             1.800       -0.012 0.008 0.000 0.003 0.006 0.005

     2.8235     8.605      8.638   2     0.07     2.22      4.212    0.812   1.800

         Profil "3": hr  m  a
              8.605     1.073     1.977

         ad  aue apl  apg 
              1.977     0.000     0.000     0.240

         Profil "2": hr  m  a
              8.599     1.078     1.966

         ad  aue apl  apg 
              1.966     0.000     0.000     0.238

                                                                  Blatt   15

     Stat-km  Wsp-m+NN  hen-m+NN  IND  Lambd    Fl-qm   Umfg-m   v-m/s   Q-cbm/s

                                                                          Q-ges           hv-m  hr-m  h-bor h-ein h-ort h-m


         Profil "1": hr  m  a
              8.623     1.088     2.016

         ad  aue apl  apg 
              2.016     0.000     0.000     0.246

          WSP im ow (Profil "1") ermittelt aus der YARNELL-Gleichung
          --> Pfeilerstau aus YARNELL:   0.146

          Profil "1":

                                                                             1.800       -0.016 0.000 0.004 0.002 0.005-0.006

     2.8250     8.750      8.775   2     0.07     2.57      4.503    0.701   1.800

          Profil "b":

                                                                             1.800        0.017 0.002 0.000 0.002 0.002 0.023

     2.8300     8.773      8.781   1     0.11     0.73      1.788    0.259   0.188
                                   2     0.06     3.22      3.107    0.432   1.388
                                   3     0.11     0.84      1.919    0.266   0.224

     Durchflussaenderung bei Station km   2.866 :  Q =    1.75 m**3/s

                                                                             1.750       -0.005 0.017 0.000 0.000 0.000 0.012

     2.8660     8.785      8.804   1     0.13     0.04      0.453    0.211   0.009
                                   2     0.08     2.49      3.620    0.624   1.557
                                   3     0.09     0.54      3.153    0.340   0.184

                                                                             1.750        0.001 0.008 0.000 0.000 0.000 0.009

     2.8760     8.794      8.812   1     0.10     0.65      1.752    0.504   0.328
                                   2     0.09     0.84      0.932    0.487   0.409
                                   3     0.08     2.04      6.998    0.497   1.014

                                                                             1.750        0.008 0.026 0.000 0.000 0.000 0.034

     2.9200     8.828      8.838   1     0.12     0.21      1.657    0.152   0.032
                                   2     0.07     3.64      5.084    0.446   1.625
                                   3     0.11     0.49      2.719    0.189   0.094

                                                                             1.750        0.003 0.014 0.000 0.000 0.000 0.017

     2.9760     8.845      8.851   1     0.12     0.36      2.637    0.135   0.049
                                   2     0.07     4.50      6.992    0.368   1.658
                                   3     0.09     0.36      3.874    0.135   0.049

                                                                             1.750       -0.003 0.024 0.000 0.000 0.000 0.021

     3.0485     8.866      8.878   1     0.07     0.59      3.003    0.314   0.186
                                   2     0.08     2.89      4.444    0.510   1.474
                                   3     0.10     0.46      3.976    0.204   0.093

                                                                             1.750       -0.007 0.051 0.000 0.000 0.000 0.044

     3.1210     8.911      8.937   1     0.04     0.90      3.742    0.692   0.622
                                   2     0.08     1.40      2.167    0.654   0.918
                                   3     0.11     0.65      4.272    0.323   0.210

                                                                  Blatt   16

     Stat-km  Wsp-m+NN  hen-m+NN  IND  Lambd    Fl-qm   Umfg-m   v-m/s   Q-cbm/s

                                                                          Q-ges           hv-m  hr-m  h-bor h-ein h-ort h-m


                                                                             1.750        0.005 0.037 0.000 0.000 0.000 0.042

     3.1620     8.953      8.974   1     0.13     0.38      1.238    0.405   0.155
                                   2     0.07     2.04      2.591    0.681   1.388
                                   3     0.13     0.51      1.623    0.408   0.209

     Durchflussaenderung bei Station km   3.180 :  Q =    1.14 m**3/s

     Brueckenberechnung an Station km     3.180 : 


          Profil "3":

                                                                             1.140        0.013 0.000 0.000 0.000 0.000 0.013

     3.1620     8.966      8.974   2     0.07     2.99      5.489    0.381   1.140

         Profil "3": hr  m  a
              8.966     1.127     2.988

         ad  aue apl  apg 
              2.988     0.000     0.000     0.000

         Profil "2": hr  m  a
              8.974     1.136     3.024

         ad  aue apl  apg 
              3.024     0.000     0.000     0.000

         Profil "1": hr  m  a
              8.977     1.145     3.040

         ad  aue apl  apg 
              3.040     0.000     0.000     0.000

         wsp im ow (Profil "1") ermittelt aus Impulsbilanz

          Profil "1":

                                                                             1.140        0.013 0.000 0.000 0.000 0.000 0.013

     3.1800     8.977      8.984   2     0.07     3.04      5.528    0.375   1.140

          Profil "b":

                                                                             1.140       -0.001 0.002 0.000 0.000 0.000 0.001

     3.1850     8.978      8.986   2     0.07     2.80      5.345    0.407   1.140

                                                                             1.140        0.004 0.003 0.000 0.000 0.000 0.007

     3.2000     8.985      8.990   1     0.13     0.77      1.972    0.200   0.154
                                   2     0.06     2.46      2.541    0.340   0.834
                                   3     0.13     0.78      2.088    0.196   0.153

                                                                  Blatt   17

     Stat-km  Wsp-m+NN  hen-m+NN  IND  Lambd    Fl-qm   Umfg-m   v-m/s   Q-cbm/s

                                                                          Q-ges           hv-m  hr-m  h-bor h-ein h-ort h-m


                                                                             1.140       -0.001 0.009 0.000 0.000 0.000 0.008

     3.2470     8.993      9.000   2     0.08     3.05      4.868    0.362   1.105
                                   3     0.13     0.25      1.742    0.147   0.036

                                                                             1.140       -0.003 0.009 0.000 0.000 0.000 0.006

     3.2740     8.999      9.011   1     0.13     0.05      0.833    0.122   0.006
                                   2     0.07     2.19      3.559    0.500   1.093
                                   3     0.13     0.23      1.757    0.184   0.042

                                                                             1.140        0.000 0.061 0.000 0.000 0.000 0.060

     3.3930     9.059      9.072   1     0.13     0.12      1.402    0.181   0.022
                                   2     0.08     1.56      2.310    0.548   0.853
                                   3     0.13     0.71      1.970    0.371   0.265

                                                                             1.140        0.002 0.006 0.000 0.000 0.000 0.008

     3.4030     9.067      9.079   1     0.10     0.41      1.579    0.356   0.146
                                   2     0.08     1.25      1.640    0.514   0.644
                                   3     0.10     0.85      2.410    0.413   0.351

     Brueckenberechnung an Station km     3.407 : 


          Profil "3":

                                                                             1.140        0.001 0.001 0.000 0.000 0.000 0.001

     3.4040     9.069      9.079   2     0.12     2.51      5.562    0.454   1.140

         Profil "3": hr  m  a
              9.069     0.854     2.512

         ad  aue apl  apg 
              2.512     0.000     0.000     0.000

         Profil "2": hr  m  a
              9.076     0.866     2.549

         ad  aue apl  apg 
              2.549     0.000     0.000     0.000

                                                                  Blatt   18

     Stat-km  Wsp-m+NN  hen-m+NN  IND  Lambd    Fl-qm   Umfg-m   v-m/s   Q-cbm/s

                                                                          Q-ges           hv-m  hr-m  h-bor h-ein h-ort h-m


         Profil "1": hr  m  a
              9.081     0.879     2.575

         ad  aue apl  apg 
              2.575     0.000     0.000     0.000

         wsp im ow (Profil "1") ermittelt aus Impulsbilanz

          Profil "1":

                                                                             1.140        0.001 0.000 0.000 0.000 0.000 0.001

     3.4070     9.081      9.091   2     0.11     2.58      5.637    0.443   1.140

                                                                             1.140        0.000 0.002 0.000 0.000 0.000 0.002

     3.4100     9.083      9.093   1     0.10     0.61      1.843    0.414   0.252
                                   2     0.09     1.03      1.327    0.460   0.476
                                   3     0.11     0.94      2.477    0.439   0.412

                                                                             1.140       -0.002 0.010 0.000 0.000 0.000 0.008

     3.4240     9.090      9.105   1     0.09     0.48      1.543    0.440   0.210
                                   2     0.08     1.36      1.598    0.560   0.763
                                   3     0.11     0.43      1.450    0.392   0.167

                                                                             1.140        0.004 0.050 0.000 0.000 0.000 0.054

     3.5060     9.144      9.155   1     0.11     0.41      1.750    0.286   0.117
                                   2     0.07     1.66      1.469    0.492   0.815
                                   3     0.11     0.63      2.130    0.330   0.207

                                                                             1.140       -0.002 0.033 0.000 0.000 0.000 0.032

     3.5760     9.176      9.190   1     0.13     0.04      0.453    0.158   0.006
                                   2     0.07     2.15      3.106    0.526   1.130
                                   3     0.13     0.04      0.678    0.143   0.006

                                                                             1.140        0.003 0.080 0.000 0.000 0.000 0.084

     3.7360     9.260      9.270   1     0.11     0.65      1.964    0.361   0.235
                                   2     0.07     1.46      1.583    0.502   0.734
                                   3     0.11     0.53      1.983    0.325   0.171

                                                                             1.140        0.000 0.045 0.000 0.000 0.000 0.045

     3.8140     9.305      9.316   1     0.16     0.71      1.836    0.342   0.245
                                   2     0.08     1.40      1.485    0.517   0.722
                                   3     0.12     0.54      2.028    0.323   0.173

                                                                             1.140        0.005 0.057 0.000 0.000 0.000 0.062

     3.9110     9.367      9.373   1     0.33     1.66      3.376    0.257   0.427
                                   2     0.11     1.22      1.388    0.406   0.497
                                   3     0.11     0.66      2.558    0.329   0.217

                                                                             1.140        0.000 0.002 0.000 0.000 0.000 0.002

     3.9160     9.369      9.376   1     0.23     1.79      4.065    0.246   0.442
                                   2     0.08     1.17      1.387    0.395   0.464
                                   3     0.11     0.74      2.075    0.319   0.235

                                                                  Blatt   19

     Stat-km  Wsp-m+NN  hen-m+NN  IND  Lambd    Fl-qm   Umfg-m   v-m/s   Q-cbm/s

                                                                          Q-ges           hv-m  hr-m  h-bor h-ein h-ort h-m


                                                                             1.140        0.002 0.002 0.000 0.000 0.000 0.004

     3.9210     9.373      9.378   1     0.18     2.08      6.205    0.238   0.495
                                   2     0.09     1.11      1.390    0.349   0.388
                                   3     0.14     0.98      2.179    0.316   0.311

                                                                             1.140        0.004 0.001 0.000 0.000 0.000 0.005

     3.9250     9.378      9.379   1     0.17     2.33     12.746    0.036   0.085
                                   2     0.06     9.06     13.151    0.114   1.034
                                   3     0.10     0.45      1.875    0.053   0.024

                                                                             1.140       -0.002 0.000 0.001 0.000 0.000-0.001

     3.9310     9.377      9.380   1     0.23     2.96      9.679    0.118   0.349
                                   2     0.07     1.87      2.294    0.270   0.506
                                   3     0.11     1.86      7.900    0.153   0.285

                                                                             1.140       -0.005 0.001 0.002 0.000 0.000-0.003

     3.9370     9.375      9.382   1     0.12     0.69      2.712    0.213   0.147
                                   2     0.07     2.18      2.600    0.416   0.906
                                   3     0.09     0.44      2.714    0.200   0.087

                                                                             1.140       -0.001 0.022 0.000 0.000 0.000 0.021

     3.9980     9.395      9.405   1     0.11     0.60      1.682    0.337   0.201
                                   2     0.07     1.79      2.384    0.471   0.844
                                   3     0.11     0.33      1.239    0.292   0.097

     Brueckenberechnung an Station km     4.001 : 


          Profil "3":

                                                                             1.140        0.001 0.000 0.000 0.000 0.000 0.001

     3.9980     9.396      9.405   2     0.08     2.72      5.287    0.419   1.140

         Profil "3": hr  m  a
              9.396     0.961     2.718

         ad  aue apl  apg 
              2.718     0.000     0.000     0.000

                                                                  Blatt   20

     Stat-km  Wsp-m+NN  hen-m+NN  IND  Lambd    Fl-qm   Umfg-m   v-m/s   Q-cbm/s

                                                                          Q-ges           hv-m  hr-m  h-bor h-ein h-ort h-m


         Profil "2": hr  m  a
              9.397     0.960     2.720

         ad  aue apl  apg 
              2.720     0.000     0.000     0.000

         Profil "1": hr  m  a
              9.401     0.971     2.741

         ad  aue apl  apg 
              2.741     0.000     0.000     0.000

         wsp im ow (Profil "1") ermittelt aus Impulsbilanz

          Profil "1":

                                                                             1.140        0.001 0.000 0.000 0.000 0.000 0.001

     4.0010     9.401      9.410   2     0.08     2.74      5.306    0.416   1.140

                                                                             1.140        0.002 0.001 0.000 0.000 0.000 0.003

     4.0040     9.404      9.411   1     0.13     0.77      1.928    0.284   0.219
                                   2     0.07     1.71      1.888    0.407   0.697
                                   3     0.13     0.81      2.114    0.277   0.224

                                                                             1.140       -0.003 0.004 0.000 0.000 0.000 0.001

     4.0130     9.405      9.418   1     0.10     0.47      1.693    0.344   0.163
                                   2     0.07     1.75      2.185    0.534   0.932
                                   3     0.11     0.16      0.890    0.256   0.040

                                                                             1.140        0.005 0.052 0.000 0.000 0.000 0.056

     4.1130     9.461      9.470   1     0.12     1.21      2.633    0.390   0.474
                                   2     0.08     1.16      1.166    0.422   0.488
                                   3     0.10     0.60      2.744    0.296   0.178

                                                                             1.140       -0.003 0.121 0.000 0.000 0.000 0.119

     4.3080     9.580      9.594   1     0.09     0.77      2.252    0.458   0.351
                                   2     0.08     1.25      1.326    0.547   0.681
                                   3     0.11     0.36      1.929    0.304   0.109

                                                                             1.140        0.002 0.036 0.000 0.000 0.000 0.037

     4.3600     9.617      9.629   1     0.11     0.92      2.235    0.442   0.408
                                   2     0.08     1.24      1.549    0.517   0.643
                                   3     0.10     0.30      1.596    0.311   0.092

                                                                             1.140        0.001 0.035 0.000 0.000 0.000 0.036

     4.4210     9.653      9.665   1     0.09     0.67      1.705    0.425   0.283
                                   2     0.07     1.61      1.576    0.494   0.793
                                   3     0.11     0.27      1.551    0.254   0.069

                                                                  Blatt   21

     Stat-km  Wsp-m+NN  hen-m+NN  IND  Lambd    Fl-qm   Umfg-m   v-m/s   Q-cbm/s

                                                                          Q-ges           hv-m  hr-m  h-bor h-ein h-ort h-m


                                                                             1.140        0.000 0.023 0.000 0.000 0.000 0.023

     4.4660     9.676      9.688   1     0.10     0.61      2.058    0.342   0.208
                                   2     0.07     1.68      1.671    0.511   0.856
                                   3     0.12     0.30      1.596    0.257   0.078

     Durchflussaenderung bei Station km   4.525 :  Q =    1.00 m**3/s

                                                                             1.000        0.000 0.035 0.000 0.000 0.000 0.034

     4.5250     9.711      9.723   1     0.10     0.38      1.528    0.352   0.132
                                   2     0.08     1.36      1.694    0.532   0.725
                                   3     0.11     0.41      1.522    0.354   0.146

                                                                             1.000       -0.001 0.022 0.000 0.000 0.000 0.021

     4.5600     9.732      9.746   1     0.11     0.17      1.011    0.267   0.046
                                   2     0.07     1.70      2.323    0.543   0.921
                                   3     0.14     0.16      1.187    0.212   0.034

     Brueckenberechnung an Station km     4.566 : 


          Profil "3":

                                                                             1.000        0.007 0.002 0.000 0.000 0.000 0.008

     4.5630     9.740      9.747   2     0.13     2.61      5.508    0.381   0.995

         Profil "3": hr  m  a
              9.740     0.838     2.613

         ad  aue apl  apg 
              2.613     0.000     0.000     0.000

         Profil "2": hr  m  a
              9.745     0.849     2.642

         ad  aue apl  apg 
              2.642     0.000     0.000     0.000

                                                                  Blatt   22

     Stat-km  Wsp-m+NN  hen-m+NN  IND  Lambd    Fl-qm   Umfg-m   v-m/s   Q-cbm/s

                                                                          Q-ges           hv-m  hr-m  h-bor h-ein h-ort h-m


         Profil "1": hr  m  a
              9.749     0.859     2.662

         ad  aue apl  apg 
              2.662     0.000     0.000     0.000

         wsp im ow (Profil "1") ermittelt aus Impulsbilanz

          Profil "1":

                                                                             1.000        0.007 0.000 0.000 0.000 0.000 0.007

     4.5660     9.749      9.757   2     0.10     2.66      5.550    0.376   1.000

                                                                             1.000       -0.001 0.001 0.000 0.000 0.000 0.001

     4.5700     9.750      9.759   1     0.30     0.26      1.118    0.136   0.038
                                   2     0.07     2.19      3.360    0.423   0.927
                                   3     0.13     0.18      0.920    0.195   0.035

                                                                             1.000       -0.002 0.004 0.000 0.000 0.000 0.002

     4.5800     9.752      9.765   1     0.10     0.25      1.519    0.248   0.061
                                   2     0.07     1.82      2.673    0.515   0.936
                                   3     0.12     0.04      0.625    0.148   0.006

                                                                             1.000       -0.001 0.053 0.000 0.000 0.000 0.053

     4.6720     9.805      9.819   1     0.11     0.25      1.163    0.314   0.078
                                   2     0.07     1.47      1.841    0.566   0.833
                                   3     0.12     0.31      1.659    0.286   0.090

                                                                             1.000        0.007 0.024 0.000 0.000 0.000 0.031

     4.7240     9.836      9.844   1     0.10     0.16      1.103    0.174   0.028
                                   2     0.07     2.30      3.466    0.405   0.931
                                   3     0.13     0.22      1.144    0.183   0.041

                                                                             1.000       -0.002 0.014 0.000 0.000 0.000 0.012

     4.7540     9.848      9.859   1     0.11     0.28      1.424    0.306   0.086
                                   2     0.08     1.22      1.567    0.511   0.626
                                   3     0.10     0.77      2.792    0.374   0.288

                                                                             1.000       -0.002 0.030 0.000 0.000 0.000 0.028

     4.7960     9.876      9.891   1     0.12     0.15      1.039    0.263   0.038
                                   2     0.08     1.35      1.788    0.579   0.784
                                   3     0.12     0.46      1.631    0.396   0.179

                                                                             1.000        0.003 0.069 0.000 0.000 0.000 0.072

     4.8880     9.948      9.960   1     0.14     0.52      1.796    0.343   0.178
                                   2     0.08     1.30      1.465    0.541   0.706
                                   3     0.15     0.43      2.280    0.273   0.116

                                                                             1.000        0.001 0.024 0.000 0.000 0.000 0.025

     4.9270     9.973      9.984   1     0.13     0.42      1.399    0.312   0.129
                                   2     0.07     1.53      1.983    0.506   0.773
                                   3     0.11     0.40      2.351    0.247   0.098

                                                                  Blatt   23

     Stat-km  Wsp-m+NN  hen-m+NN  IND  Lambd    Fl-qm   Umfg-m   v-m/s   Q-cbm/s

                                                                          Q-ges           hv-m  hr-m  h-bor h-ein h-ort h-m


                                                                             1.000       -0.002 0.011 0.000 0.000 0.000 0.009

     4.9410     9.983      9.997   1     0.14     0.51      2.130    0.375   0.190
                                   2     0.08     1.06      1.281    0.593   0.631
                                   3     0.10     0.46      2.402    0.391   0.179

                                                                             1.000        0.005 0.080 0.000 0.000 0.000 0.084

     5.0460    10.067     10.077   1     0.12     0.51      2.248    0.271   0.137
                                   2     0.07     1.53      1.854    0.480   0.732
                                   3     0.12     0.51      2.564    0.257   0.131

                                                                             1.000       -0.002 0.007 0.000 0.000 0.000 0.005

     5.0580    10.072     10.085   1     0.13     0.27      1.689    0.242   0.065
                                   2     0.07     1.55      1.932    0.538   0.835
                                   3     0.14     0.39      2.109    0.257   0.100

                                                                             1.000        0.001 0.019 0.000 0.000 0.000 0.020

     5.0870    10.092     10.104   1     0.13     0.69      2.110    0.374   0.256
                                   2     0.08     1.20      1.462    0.538   0.646
                                   3     0.15     0.35      1.579    0.285   0.098

                                                                             1.000        0.002 0.009 0.000 0.000 0.000 0.012

     5.1020    10.104     10.114   1     0.13     0.47      1.778    0.295   0.138
                                   2     0.08     1.32      1.495    0.481   0.634
                                   3     0.13     0.70      2.126    0.328   0.228

                                                                             1.000       -0.001 0.053 0.000 0.000 0.000 0.052

     5.1810    10.156     10.168   1     0.11     0.47      1.978    0.366   0.170
                                   2     0.08     1.13      1.199    0.532   0.603
                                   3     0.11     0.58      2.025    0.394   0.227

                                                                             1.000        0.004 0.047 0.000 0.000 0.000 0.051

     5.2530    10.206     10.214   1     0.10     0.91      2.634    0.365   0.331
                                   2     0.08     1.19      1.153    0.423   0.503
                                   3     0.13     0.56      1.966    0.297   0.166

                                                                             1.000        0.000 0.031 0.000 0.000 0.000 0.031

     5.3110    10.237     10.246   1     0.12     0.80      2.618    0.333   0.266
                                   2     0.08     1.19      1.271    0.470   0.559
                                   3     0.12     0.54      2.033    0.322   0.175

                                                                             1.000       -0.001 0.049 0.000 0.000 0.000 0.048

     5.3950    10.285     10.296   1     0.11     0.59      1.961    0.359   0.212
                                   2     0.08     1.29      1.722    0.503   0.648
                                   3     0.10     0.41      1.651    0.343   0.140

                                                                  Blatt   24

     Stat-km  Wsp-m+NN  hen-m+NN  IND  Lambd    Fl-qm   Umfg-m   v-m/s   Q-cbm/s

                                                                          Q-ges           hv-m  hr-m  h-bor h-ein h-ort h-m


                                                                             1.000       -0.001 0.004 0.000 0.000 0.000 0.003

     5.4010    10.288     10.301   1     0.11     0.32      1.280    0.380   0.123
                                   2     0.09     1.24      1.907    0.538   0.666
                                   3     0.10     0.51      1.867    0.411   0.210

                                                                             1.000        0.001 0.010 0.000 0.000 0.000 0.011

     5.4150    10.299     10.311   1     0.12     0.40      1.669    0.317   0.127
                                   2     0.08     1.56      2.519    0.518   0.809
                                   3     0.11     0.23      1.299    0.279   0.064

                                                                             1.000        0.005 0.028 0.000 0.000 0.000 0.033

     5.4690    10.332     10.339   1     0.13     0.16      0.952    0.210   0.033
                                   2     0.11     2.59      5.457    0.375   0.968

     Brueckenberechnung an Station km     5.472 : 


          Profil "3":

                                                                             1.000       -0.002 0.000 0.000 0.000 0.000-0.002

     5.4690    10.330     10.340   2     0.12     2.33      4.934    0.429   1.000

         Profil "3": hr  m  a
             10.330     0.836     2.330

         ad  aue apl  apg 
              2.330     0.000     0.000     0.000

         Profil "2": hr  m  a
             10.336     0.846     2.357

         ad  aue apl  apg 
              2.357     0.000     0.000     0.000

         Profil "1": hr  m  a
             10.340     0.855     2.375

         ad  aue apl  apg 
              2.375     0.000     0.000     0.000

         wsp im ow (Profil "1") ermittelt aus Impulsbilanz

          Profil "1":

                                                                             1.000       -0.002 0.000 0.000 0.000 0.000-0.002

     5.4720    10.340     10.349   2     0.09     2.38      4.983    0.422   1.003

                                                                  Blatt   25

     Stat-km  Wsp-m+NN  hen-m+NN  IND  Lambd    Fl-qm   Umfg-m   v-m/s   Q-cbm/s

                                                                          Q-ges           hv-m  hr-m  h-bor h-ein h-ort h-m


                                                                             1.000       -0.001 0.002 0.000 0.000 0.000 0.000

     5.4750    10.340     10.352   1     0.11     0.36      1.498    0.356   0.127
                                   2     0.08     1.14      1.470    0.535   0.613
                                   3     0.12     0.66      2.006    0.394   0.260

                                                                             1.000       -0.003 0.005 0.000 0.000 0.000 0.003

     5.4810    10.343     10.360   1     0.14     0.26      1.428    0.322   0.087
                                   2     0.09     1.25      2.195    0.620   0.772
                                   3     0.12     0.35      1.485    0.401   0.140

                                                                             1.000       -0.005 0.032 0.000 0.000 0.000 0.027

     5.5090    10.370     10.397   2     0.08     1.37      3.313    0.730   1.000

                                                                             1.000       -0.001 0.067 0.000 0.000 0.000 0.066

     5.5590    10.436     10.466   2     0.08     1.31      3.279    0.766   1.003

     Brueckenberechnung an Station km     5.609 : 


          Profil "a": 

                                                                             1.000        0.016 0.006 0.000 0.000 0.000 0.022

     5.5640    10.458     10.472   1     0.09     0.36      1.208    0.447   0.160
                                   2     0.08     1.31      1.336    0.560   0.734
                                   3     0.10     0.27      1.153    0.379   0.104

          Profil "3":

                                                                             1.000       -0.008 0.006 0.000 0.000 0.000-0.002

     5.5690    10.456     10.486   2     0.08     1.30      3.278    0.770   1.000

         Profil "3": hr  m  a
             10.456     0.783     1.283

         ad  aue apl  apg 
              1.283     0.000     0.000     0.016

         Profil "2": hr  m  a
             10.522     0.791     1.369

         ad  aue apl  apg 
              1.369     0.000     0.000     0.018

                                                                  Blatt   26

     Stat-km  Wsp-m+NN  hen-m+NN  IND  Lambd    Fl-qm   Umfg-m   v-m/s   Q-cbm/s

                                                                          Q-ges           hv-m  hr-m  h-bor h-ein h-ort h-m


         Profil "1": hr  m  a
             10.530     0.798     1.378

         ad  aue apl  apg 
              1.378     0.000     0.000     0.019

         wsp im ow (Profil "1") ermittelt aus Impulsbilanz

          Profil "1":

                                                                             1.000       -0.012 0.000 0.002 0.000 0.000-0.010

     5.6090    10.530     10.556   2     0.08     1.40      3.426    0.716   1.000

          Profil "b":

                                                                             1.000        0.013 0.005 0.000 0.000 0.000 0.018

     5.6140    10.548     10.561   1     0.09     0.38      1.251    0.435   0.166
                                   2     0.08     1.36      1.336    0.536   0.726
                                   3     0.10     0.29      1.191    0.368   0.108

                                                                             1.000        0.009 0.007 0.000 0.000 0.000 0.016

     5.6310    10.564     10.568   2     0.06     3.46      5.980    0.289   1.000

                                                                             1.000       -0.002 0.002 0.000 0.000 0.000 0.000

     5.6400    10.564     10.572   1     0.15     0.17      0.965    0.179   0.031
                                   2     0.08     2.03      2.833    0.433   0.880
                                   3     0.17     0.45      1.639    0.208   0.094

     Durchflussaenderung bei Station km   5.670 :  Q =    0.50 m**3/s

                                                                             0.500        0.007 0.007 0.000 0.000 0.000 0.014

     5.6700    10.577     10.579   1     0.13     0.93      2.348    0.161   0.150
                                   2     0.09     1.48      1.833    0.203   0.299
                                   3     0.13     0.38      1.405    0.133   0.050

                                                                             0.500       -0.001 0.002 0.000 0.000 0.000 0.001

     5.6850    10.578     10.582   1     0.07     1.00      2.448    0.253   0.252
                                   2     0.12     0.65      0.744    0.153   0.099
                                   3     0.09     0.67      1.751    0.223   0.149

                                                                             0.500        0.002 0.004 0.000 0.000 0.000 0.006

     5.7300    10.584     10.586   1     0.13     0.24      1.215    0.081   0.019
                                   2     0.07     2.67      4.673    0.180   0.481

     Brueckenberechnung an Station km     5.733 : 


          Profil "3":

                                                                             0.500        0.000 0.000 0.000 0.000 0.000 0.000

     5.7300    10.584     10.586   2     0.13     2.81      5.941    0.178   0.500

                                                                  Blatt   27

     Stat-km  Wsp-m+NN  hen-m+NN  IND  Lambd    Fl-qm   Umfg-m   v-m/s   Q-cbm/s

                                                                          Q-ges           hv-m  hr-m  h-bor h-ein h-ort h-m


         Profil "3": hr  m  a
             10.584     0.918     2.811

         ad  aue apl  apg 
              2.811     0.000     0.000     0.000

         Profil "2": hr  m  a
             10.588     0.927     2.829

         ad  aue apl  apg 
              2.829     0.000     0.000     0.000

         Profil "1": hr  m  a
             10.590     0.935     2.846

         ad  aue apl  apg 
              2.846     0.000     0.000     0.000

         wsp im ow (Profil "1") ermittelt aus Impulsbilanz

          Profil "1":

                                                                             0.500        0.000 0.000 0.000 0.000 0.000 0.000

     5.7330    10.590     10.592   2     0.11     2.85      5.985    0.176   0.500

                                                                             0.500        0.000 0.000 0.000 0.000 0.000 0.000

     5.7360    10.591     10.592   1     0.16     0.50      1.736    0.108   0.055
                                   2     0.09     2.02      2.678    0.193   0.392
                                   3     0.18     0.50      1.774    0.102   0.053

                                                                             0.500       -0.001 0.007 0.000 0.000 0.000 0.006

     5.7930    10.597     10.600   1     0.11     0.41      1.411    0.184   0.075
                                   2     0.09     1.55      2.247    0.258   0.400
                                   3     0.16     0.19      0.943    0.129   0.025

                                                                             0.500        0.000 0.011 0.000 0.000 0.000 0.011

     5.8480    10.608     10.611   1     0.10     0.67      1.761    0.249   0.168
                                   2     0.11     1.04      1.357    0.236   0.246
                                   3     0.19     0.54      1.532    0.178   0.095

                                                                             0.500        0.000 0.014 0.000 0.000 0.000 0.014

     5.9180    10.622     10.625   1     0.16     0.43      1.377    0.165   0.071
                                   2     0.09     1.40      1.656    0.259   0.362
                                   3     0.18     0.51      1.531    0.160   0.081

                                                                             0.500        0.000 0.013 0.000 0.000 0.000 0.013

     5.9950    10.635     10.638   1     0.16     0.25      1.099    0.133   0.034
                                   2     0.08     1.64      2.233    0.266   0.437
                                   3     0.11     0.22      1.004    0.152   0.033

                                                                  Blatt   28

     Stat-km  Wsp-m+NN  hen-m+NN  IND  Lambd    Fl-qm   Umfg-m   v-m/s   Q-cbm/s

                                                                          Q-ges           hv-m  hr-m  h-bor h-ein h-ort h-m


                                                                             0.500        0.003 0.001 0.000 0.000 0.000 0.004

     6.0060    10.638     10.639   1     0.13     0.45      1.407    0.058   0.026
                                   2     0.06     3.93      5.170    0.110   0.431
                                   3     0.13     0.68      1.850    0.063   0.043

     Brueckenberechnung an Station km     6.020 : 


          Profil "3":

                                                                             0.500        0.000 0.000 0.000 0.000 0.000 0.000

     6.0140    10.638     10.640   2     0.13     3.26      5.911    0.153   0.500

         Profil "3": hr  m  a
             10.638     1.154     2.908

         ad  aue apl  apg 
              2.908     0.000     0.000     0.350

         Profil "2": hr  m  a
             10.643     1.167     2.921

         ad  aue apl  apg 
              2.921     0.000     0.000     0.355

         Profil "1": hr  m  a
             10.647     1.178     2.935

         ad  aue apl  apg 
              2.935     0.000     0.000     0.360

         wsp im ow (Profil "1") ermittelt aus Impulsbilanz

          Profil "1":

                                                                             0.500       -0.001 0.000 0.000 0.000 0.000 0.000

     6.0200    10.647     10.648   2     0.07     3.30      5.928    0.152   0.500

          Profil "b":

                                                                             0.500        0.001 0.000 0.000 0.000 0.000 0.001

     6.0250    10.648     10.649   1     0.10     0.59      1.598    0.079   0.047
                                   2     0.07     3.08      4.333    0.117   0.362
                                   3     0.10     1.05      2.331    0.088   0.092

                                                                             0.500       -0.001 0.001 0.000 0.000 0.000 0.000

     6.0330    10.647     10.650   1     4.34     0.24      1.357    0.018   0.010
                                   2     0.09     2.19      3.352    0.223   0.488
                                   3     3.09     0.06      0.497    0.018   0.002

                                                                  Blatt   29

     Stat-km  Wsp-m+NN  hen-m+NN  IND  Lambd    Fl-qm   Umfg-m   v-m/s   Q-cbm/s

                                                                          Q-ges           hv-m  hr-m  h-bor h-ein h-ort h-m


                                                                             0.500       -0.001 0.001 0.000 0.000 0.000 0.000

     6.0380    10.648     10.653   1     3.91     0.14      0.805    0.041   0.012
                                   2     0.16     1.39      2.023    0.329   0.457
                                   3     6.15     0.35      1.249    0.042   0.031

                                                                             0.500        0.001 0.020 0.000 0.000 0.000 0.020

     6.0890    10.668     10.672   1     4.05     0.17      0.986    0.031   0.012
                                   2     0.12     1.61      2.577    0.298   0.479
                                   3     3.75     0.15      0.919    0.031   0.010

                                                                             0.500       -0.001 0.052 0.000 0.000 0.000 0.051

     6.1720    10.720     10.725   1     7.17     0.67      2.042    0.060   0.088
                                   2     0.19     0.98      1.367    0.378   0.369
                                   3     7.64     0.77      2.146    0.060   0.046

     Brueckenberechnung an Station km     6.174 : 


          Profil "3":

                                                                             0.500        0.004 0.001 0.000 0.000 0.000 0.005

     6.1735    10.724     10.726   2     0.09     2.66      5.718    0.188   0.500

         Profil "3": hr  m  a
             10.724     0.865     2.656

         ad  aue apl  apg 
              2.656     0.000     0.000     0.000

         Profil "2": hr  m  a
             10.727     0.873     2.671

         ad  aue apl  apg 
              2.671     0.000     0.000     0.000

         Profil "1": hr  m  a
             10.730     0.880     2.686

         ad  aue apl  apg 
              2.686     0.000     0.000     0.000

                                                                  Blatt   30

     Stat-km  Wsp-m+NN  hen-m+NN  IND  Lambd    Fl-qm   Umfg-m   v-m/s   Q-cbm/s

                                                                          Q-ges           hv-m  hr-m  h-bor h-ein h-ort h-m


         wsp im ow (Profil "1") ermittelt aus Impulsbilanz

          Profil "1":

                                                                             0.500        0.004 0.000 0.000 0.000 0.000 0.004

     6.1745    10.730     10.732   2     0.12     2.69      5.750    0.186   0.500

                                                                             0.500       -0.001 0.001 0.000 0.000 0.000-0.001

     6.1770    10.729     10.733   1     0.50     0.59      1.957    0.136   0.080
                                   2     0.10     1.03      1.173    0.331   0.339
                                   3     0.64     0.65      2.065    0.124   0.081

                                                                             0.500       -0.002 0.039 0.000 0.000 0.000 0.037

     6.2200    10.766     10.775   1     0.84     0.65      2.037    0.206   0.134
                                   2     0.32     0.66      0.874    0.312   0.206
                                   3     0.91     0.58      2.002    0.189   0.160

                                                                             0.500        0.000 0.034 0.000 0.000 0.000 0.034

     6.2480    10.810     10.819   1     1.33     0.74      2.197    0.142   0.111
                                   2     0.08     0.59      0.872    0.499   0.296
                                   3     0.47     0.45      1.849    0.204   0.093

     Durchflussaenderung bei Station km   6.257 :  Q =    0.40 m**3/s

                                                                             0.400        0.005 0.009 0.000 0.000 0.000 0.014

     6.2570    10.824     10.828   1     0.47     0.37      1.620    0.186   0.099
                                   2     0.25     0.63      0.792    0.271   0.172
                                   3     0.52     0.67      2.383    0.194   0.129

                                                                             0.400       -0.001 0.021 0.000 0.000 0.000 0.020

     6.2840    10.843     10.850   1     0.13     0.45      1.613    0.323   0.144
                                   2     0.62     0.43      0.632    0.132   0.057
                                   3     0.24     0.67      2.299    0.248   0.200

                                                                             0.400        0.000 0.022 0.000 0.000 0.000 0.021

     6.3110    10.865     10.872   1     0.39     0.35      1.469    0.216   0.076
                                   2     0.13     0.54      0.743    0.388   0.210
                                   3     0.49     0.57      2.188    0.201   0.114

                                                                             0.400        0.000 0.024 0.000 0.000 0.000 0.024

     6.3380    10.889     10.896   1     0.21     0.55      1.780    0.311   0.172
                                   2     0.22     0.56      0.860    0.278   0.155
                                   3     0.66     0.34      1.502    0.150   0.073

                                                                             0.400        0.002 0.018 0.000 0.000 0.000 0.020

     6.3580    10.908     10.913   1     0.79     0.35      1.519    0.152   0.079
                                   2     0.20     0.69      1.131    0.345   0.240
                                   3     0.51     0.44      2.039    0.183   0.083

                                                                  Blatt   31

     Stat-km  Wsp-m+NN  hen-m+NN  IND  Lambd    Fl-qm   Umfg-m   v-m/s   Q-cbm/s

                                                                          Q-ges           hv-m  hr-m  h-bor h-ein h-ort h-m


                                                                             0.400        0.001 0.124 0.000 0.000 0.000 0.125

     6.5350    11.033     11.038   1     0.97     0.57      1.795    0.101   0.059
                                   2     0.09     0.81      1.210    0.328   0.267
                                   3     0.36     0.52      2.273    0.140   0.075

                                                                             0.400        0.000 0.013 0.000 0.000 0.000 0.013

     6.5560    11.047     11.052   1     1.15     0.45      1.704    0.125   0.086
                                   2     0.18     0.69      1.022    0.338   0.234
                                   3     0.73     0.53      2.179    0.152   0.080

                                                                             0.400       -0.001 0.123 0.000 0.000 0.000 0.122

     6.7150    11.169     11.176   1     0.29     0.50      1.558    0.241   0.121
                                   2     0.13     0.50      0.685    0.314   0.156
                                   3     0.30     0.52      1.640    0.237   0.124

                                                                             0.400        0.000 0.002 0.000 0.000 0.000 0.001

     6.7175    11.171     11.178   1     0.25     0.50      1.559    0.252   0.126
                                   2     0.13     0.50      0.685    0.300   0.149
                                   3     0.29     0.53      1.654    0.233   0.125

                                                                             0.400       -0.002 0.002 0.000 0.000 0.000-0.001

     6.7200    11.170     11.182   1     0.27     0.63      1.870    0.301   0.189
                                   2     0.13     0.20      0.274    0.261   0.052
                                   3     0.25     0.52      1.604    0.307   0.159
