     Ergebnis der Wasserspiegellagenberechnung fuer HQ                          
 
     04/21/05 11:24:50.84 Uhr    KALYPSO - 1D, VERSION 1.0.4 
 

                                                                  Blatt    1

     Stat-km  Wsp-m+NN  hen-m+NN  IND  Lambd    Fl-qm   Umfg-m   v-m/s   Q-cbm/s

                                                                          Q-ges           hv-m  hr-m  h-bor h-ein h-ort h-m


     Durchfluss bei Station km   0.000 :  Q =    2.40 m**3/s

         der Anfangswasserspiegel wird unter Annahme
          stationaer gleichfoermigen Abflusses berechnet. 
         Sohlgefaelle = -.00710

                                                                             2.400        0.000 0.000 0.000 0.000 0.000 0.000

     0.0000     4.174      4.249   2     0.13     1.97      5.648    1.215   2.392
                                   3     0.13     0.02      0.255    0.530   0.008

                                                                             2.400        0.001 0.093 0.000 0.000 0.000 0.094

     0.0130     4.268      4.342   1     0.13     0.03      0.387    0.728   0.018
                                   2     0.13     1.95      5.295    1.212   2.359
                                   3     0.11     0.03      0.402    0.651   0.023

                                                                             2.400       -0.002 0.088 0.000 0.000 0.000 0.086

     0.0250     4.355      4.433   1     0.13     0.04      0.419    0.735   0.029
                                   2     0.13     1.88      5.026    1.247   2.350
                                   3     0.00     0.03      0.416    0.649   0.021

     Brueckenberechnung an Station km     0.058 : 


          Profil "a": 

                                                                             2.400       -0.003 0.160 0.000 0.000 0.004 0.161

     0.0456     4.516      4.600   1     0.06     0.10      0.727    0.850   0.088
                                   2     0.12     1.72      4.434    1.304   2.249
                                   3     0.10     0.06      0.505    0.882   0.057

          Profil "3":

                                                                             2.400       -0.031 0.090 0.000 0.000 0.007 0.066

     0.0540     4.583      4.730   2     0.13     1.41      4.173    1.700   2.403

         Profil "3": hr  m  a
              4.583     0.783     1.393

         ad  aue apl  apg 
              1.393     0.000     0.000     0.020

                                                                  Blatt    2

     Stat-km  Wsp-m+NN  hen-m+NN  IND  Lambd    Fl-qm   Umfg-m   v-m/s   Q-cbm/s

                                                                          Q-ges           hv-m  hr-m  h-bor h-ein h-ort h-m


         Profil "2": hr  m  a
              4.684     0.789     1.732

         ad  aue apl  apg 
              1.732     0.000     0.000     0.026

         Profil "1": hr  m  a
              4.697     0.794     1.776

         ad  aue apl  apg 
              1.776     0.000     0.000     0.027

         wsp im ow (Profil "1") ermittelt aus Impulsbilanz

          Profil "1":

                                                                             2.400       -0.006 0.000 0.000 0.000 0.004-0.002

     0.0580     4.697      4.788   2     0.11     1.80      4.402    1.331   2.400

          Profil "b":

                                                                             2.400        0.038 0.024 0.000 0.000 0.003 0.064

     0.0630     4.762      4.815   1     0.05     0.19      0.982    0.661   0.128
                                   2     0.11     2.08      3.911    1.040   2.165
                                   3     0.11     0.14      0.732    0.696   0.094

                                                                             2.400       -0.006 0.366 0.000 0.000 0.000 0.360

     0.1600     5.125      5.189   1     0.13     0.33      1.291    0.809   0.270
                                   2     0.10     1.67      2.704    1.185   1.979
                                   3     0.13     0.21      1.098    0.742   0.151

     Durchflussaenderung bei Station km   0.170 :  Q =    2.30 m**3/s

                                                                             2.300        0.016 0.036 0.000 0.000 0.000 0.052

     0.1700     5.176      5.225   1     0.10     0.52      1.587    0.890   0.462
                                   2     0.11     1.45      1.987    1.008   1.467
                                   3     0.10     0.45      1.513    0.832   0.373

                                                                             2.300        0.007 0.099 0.000 0.000 0.000 0.107

     0.2060     5.283      5.324   1     0.10     0.48      1.489    0.768   0.371
                                   2     0.10     1.71      1.959    0.941   1.609
                                   3     0.10     0.44      1.455    0.744   0.327

                                                                             2.300        0.004 0.136 0.000 0.000 0.000 0.140

     0.2685     5.424      5.461   1     0.10     0.39      1.323    0.663   0.259
                                   2     0.10     1.98      2.476    0.882   1.750
                                   3     0.09     0.40      1.323    0.720   0.291

     Brueckenberechnung an Station km     0.367 : 


          Profil "a": 

                                                                             2.300        0.000 0.115 0.000 0.000 0.003 0.118

     0.3250     5.541      5.578   1     0.10     0.43      1.434    0.698   0.300
                                   2     0.10     2.06      2.974    0.881   1.815
                                   3     0.10     0.28      1.040    0.664   0.187

          Profil "3":

                                                                  Blatt    3

     Stat-km  Wsp-m+NN  hen-m+NN  IND  Lambd    Fl-qm   Umfg-m   v-m/s   Q-cbm/s

                                                                          Q-ges           hv-m  hr-m  h-bor h-ein h-ort h-m


                                                                             2.300       -0.015 0.023 0.000 0.000 0.005 0.013

     0.3320     5.555      5.622   2     0.13     2.00      4.294    1.153   2.301

         Profil "3": hr  m  a
              5.555     1.273     1.983

         ad  aue apl  apg 
              1.983     0.000     0.000     0.013

         Profil "2": hr  m  a
              5.724     1.280     2.467

         ad  aue apl  apg 
              2.467     0.000     0.000     0.019

         Profil "1": hr  m  a
              5.729     1.287     2.480

         ad  aue apl  apg 
              2.480     0.000     0.000     0.020

         wsp im ow (Profil "1") ermittelt aus Impulsbilanz

          Profil "1":

                                                                             2.300       -0.006 0.000 0.000 0.000 0.003-0.003

     0.3670     5.729      5.772   2     0.09     2.50      4.641    0.920   2.300

          Profil "b":

                                                                             2.300        0.019 0.008 0.000 0.000 0.002 0.028

     0.3720     5.757      5.781   1     0.10     0.64      1.745    0.573   0.364
                                   2     0.10     2.40      2.851    0.718   1.721
                                   3     0.10     0.40      1.240    0.539   0.215

                                                                             2.300       -0.014 0.227 0.000 0.000 0.000 0.212

     0.4760     5.971      6.024   1     0.11     0.43      1.404    0.851   0.368
                                   2     0.10     1.58      2.036    1.054   1.662
                                   3     0.15     0.38      1.194    0.735   0.282

     Brueckenberechnung an Station km     0.633 : 


          Profil "a": 

                                                                             2.300        0.015 0.416 0.000 0.000 0.000 0.430

     0.6270     6.401      6.440   1     0.11     0.25      1.218    0.582   0.144
                                   2     0.11     2.20      2.723    0.912   2.006
                                   3     2.65     0.58      1.615    0.158   0.151

          Profil "3":

                                                                  Blatt    4

     Stat-km  Wsp-m+NN  hen-m+NN  IND  Lambd    Fl-qm   Umfg-m   v-m/s   Q-cbm/s

                                                                          Q-ges           hv-m  hr-m  h-bor h-ein h-ort h-m


                                                                             2.300        0.010 0.009 0.000 0.000 0.000 0.019

     0.6320     6.420      6.449   2     0.09     3.08      5.626    0.746   2.298

         Profil "3": hr  m  a
              6.420     1.310     3.079

         ad  aue apl  apg 
              3.079     0.000     0.000     0.000

         Profil "2": hr  m  a
              6.426     1.323     3.110

         ad  aue apl  apg 
              3.110     0.000     0.000     0.000

         Profil "1": hr  m  a
              6.431     1.336     3.134

         ad  aue apl  apg 
              3.134     0.000     0.000     0.000

         wsp im ow (Profil "1") ermittelt aus Impulsbilanz

          Profil "1":

                                                                             2.300        0.011 0.000 0.000 0.000 0.000 0.011

     0.6330     6.431      6.458   2     0.11     3.13      5.674    0.734   2.300

          Profil "b":

                                                                             2.300       -0.007 0.010 0.000 0.000 0.000 0.003

     0.6380     6.434      6.476   1     0.11     0.22      1.139    0.598   0.130
                                   2     0.11     2.13      2.756    0.948   2.023
                                   3     2.58     0.54      1.564    0.164   0.146

     Durchflussaenderung bei Station km   0.652 :  Q =    2.00 m**3/s

                                                                             2.000        0.024 0.023 0.000 0.000 0.000 0.047

     0.6520     6.480      6.499   1     0.11     0.24      1.173    0.334   0.082
                                   2     0.10     2.95      3.295    0.616   1.816
                                   3     0.67     0.56      1.604    0.184   0.102

                                                                             2.000        0.008 0.039 0.000 0.000 0.000 0.048

     0.7220     6.528      6.538   1     0.10     0.73      1.865    0.336   0.245
                                   2     0.09     3.36      3.227    0.470   1.580
                                   3     0.23     0.79      2.006    0.222   0.176

     Brueckenberechnung an Station km     0.737 : 


          Profil "3":

                                                                  Blatt    5

     Stat-km  Wsp-m+NN  hen-m+NN  IND  Lambd    Fl-qm   Umfg-m   v-m/s   Q-cbm/s

                                                                          Q-ges           hv-m  hr-m  h-bor h-ein h-ort h-m


                                                                             2.000       -0.006 0.001 0.001 0.000 0.000-0.004

     0.7245     6.524      6.540   2     0.11     3.60      5.328    0.555   2.000

         Profil "3": hr  m  a
              6.524     1.832     3.587

         ad  aue apl  apg 
              3.587     0.000     0.000     0.016

         Profil "2": hr  m  a
              6.537     1.845     3.635

         ad  aue apl  apg 
              3.635     0.000     0.000     0.017

         Profil "1": hr  m  a
              6.541     1.858     3.651

         ad  aue apl  apg 
              3.651     0.000     0.000     0.017

         wsp im ow (Profil "1") ermittelt aus Impulsbilanz

          Profil "1":

                                                                             2.000       -0.005 0.000 0.001 0.000 0.000-0.004

     0.7370     6.541      6.556   2     0.09     3.67      5.361    0.545   2.000

          Profil "b":

                                                                             2.000        0.000 0.003 0.000 0.000 0.000 0.003

     0.7420     6.544      6.559   1     0.11     0.59      1.779    0.385   0.228
                                   2     0.08     2.31      2.287    0.570   1.315
                                   3     0.10     1.01      2.400    0.454   0.457

                                                                             2.000       -0.004 0.006 0.000 0.000 0.000 0.002

     0.7500     6.546      6.569   1     0.10     0.92      1.984    0.602   0.553
                                   2     0.10     1.26      0.996    0.516   0.649
                                   3     0.08     1.19      2.561    0.671   0.797

                                                                             2.000        0.007 0.099 0.000 0.000 0.000 0.105

     0.8630     6.652      6.667   1     0.10     0.99      2.428    0.505   0.502
                                   2     0.09     1.51      1.260    0.526   0.793
                                   3     0.13     1.37      2.610    0.513   0.706

                                                                  Blatt    6

     Stat-km  Wsp-m+NN  hen-m+NN  IND  Lambd    Fl-qm   Umfg-m   v-m/s   Q-cbm/s

                                                                          Q-ges           hv-m  hr-m  h-bor h-ein h-ort h-m


                                                                             2.000        0.000 0.084 0.000 0.000 0.000 0.084

     0.9830     6.736      6.751   1     0.11     0.98      2.347    0.430   0.422
                                   2     0.09     1.52      1.230    0.454   0.692
                                   3     0.09     1.60      2.787    0.557   0.889

     Durchflussaenderung bei Station km   1.032 :  Q =    1.95 m**3/s

                                                                             1.950        0.000 0.032 0.000 0.000 0.000 0.032

     1.0320     6.769      6.783   1     0.11     0.94      2.275    0.457   0.429
                                   2     0.09     1.49      1.251    0.491   0.731
                                   3     0.11     1.49      2.707    0.528   0.790

                                                                             1.950       -0.002 0.105 0.000 0.000 0.000 0.103

     1.1740     6.871      6.890   1     0.11     0.86      2.153    0.499   0.422
                                   2     0.08     1.40      1.334    0.574   0.801
                                   3     0.09     1.23      2.457    0.593   0.728

                                                                             1.950       -0.001 0.029 0.000 0.000 0.000 0.029

     1.2100     6.900      6.920   1     0.11     0.76      1.914    0.506   0.383
                                   2     0.07     1.66      1.704    0.658   1.092
                                   3     0.11     0.90      2.103    0.526   0.476

     Brueckenberechnung an Station km     1.221 : 


          Profil "3":

                                                                             1.950       -0.018 0.013 0.000 0.001 0.004-0.001

     1.2195     6.899      6.955   2     0.07     1.87      3.575    1.042   1.948

         Profil "3": hr  m  a
              6.899     0.949     1.404

         ad  aue apl  apg 
              1.404     0.000     0.447     0.018

          Druckabfluss

                                                                  Blatt    7

     Stat-km  Wsp-m+NN  hen-m+NN  IND  Lambd    Fl-qm   Umfg-m   v-m/s   Q-cbm/s

                                                                          Q-ges           hv-m  hr-m  h-bor h-ein h-ort h-m


         Profil "1": hr  m  a
              6.953     0.955     1.404

         ad  aue apl  apg 
              1.404     0.000     0.567     0.018

         Druckabfluss
         --> wsp im ow (profil "1") ermittelt aus Impulsbilanz

          Profil "1":

                                                                             1.950       -0.029 0.000 0.006 0.001 0.003-0.019

     1.2210     6.953      7.002   2     0.09     1.99      3.682    0.980   1.950

          Profil "b":

                                                                             1.950        0.017 0.009 0.000 0.000 0.002 0.028

     1.2260     6.981      7.013   1     0.10     0.65      1.772    0.655   0.425
                                   2     0.07     1.48      1.636    0.852   1.262
                                   3     0.12     0.49      1.629    0.554   0.265

                                                                             1.950        0.012 0.022 0.000 0.000 0.000 0.034

     1.2440     7.016      7.035   1     0.11     0.96      2.104    0.557   0.532
                                   2     0.07     1.47      1.389    0.643   0.946
                                   3     0.11     0.89      2.063    0.527   0.472

                                                                             1.950       -0.002 0.080 0.000 0.000 0.000 0.078

     1.3250     7.095      7.118   1     0.08     0.92      2.516    0.628   0.578
                                   2     0.07     1.39      1.451    0.692   0.964
                                   3     0.11     0.78      2.339    0.522   0.407

     Brueckenberechnung an Station km     1.364 : 


          Profil "a": 

                                                                             1.950        0.004 0.033 0.000 0.000 0.000 0.037

     1.3583     7.132      7.151   1     0.11     0.73      2.058    0.486   0.354
                                   2     0.07     1.60      2.066    0.682   1.092
                                   3     0.10     1.14      4.010    0.442   0.505

          Profil "3":

                                                                             1.950        0.004 0.005 0.000 0.000 0.000 0.009

     1.3633     7.141      7.156   2     0.13     3.63      8.608    0.537   1.950

         Profil "3": hr  m  a
              7.141     1.194     3.629

         ad  aue apl  apg 
              3.629     0.000     0.000     0.000

                                                                  Blatt    8

     Stat-km  Wsp-m+NN  hen-m+NN  IND  Lambd    Fl-qm   Umfg-m   v-m/s   Q-cbm/s

                                                                          Q-ges           hv-m  hr-m  h-bor h-ein h-ort h-m


         Profil "2": hr  m  a
              7.144     1.204     3.659

         ad  aue apl  apg 
              3.659     0.000     0.000     0.000

         Profil "1": hr  m  a
              7.147     1.213     3.681

         ad  aue apl  apg 
              3.681     0.000     0.000     0.000

         wsp im ow (Profil "1") ermittelt aus Impulsbilanz

          Profil "1":

                                                                             1.950        0.005 0.000 0.000 0.000 0.000 0.005

     1.3640     7.147      7.161   2     0.12     3.68      8.678    0.530   1.950

          Profil "b":

                                                                             1.950       -0.003 0.005 0.000 0.000 0.000 0.002

     1.3690     7.149      7.170   1     0.11     0.67      2.048    0.492   0.331
                                   2     0.07     1.61      2.235    0.722   1.162
                                   3     0.10     1.00      3.855    0.456   0.456

                                                                             1.950        0.011 0.070 0.000 0.000 0.000 0.082

     1.4580     7.230      7.240   1     0.10     2.67     11.067    0.321   0.856
                                   2     0.08     1.85      1.434    0.497   0.918
                                   3     0.20     0.66      1.828    0.275   0.182

                                                                             1.950       -0.004 0.096 0.000 0.000 0.000 0.092

     1.6090     7.322      7.340   1     0.07     1.33     10.261    0.333   0.443
                                   2     0.07     1.97      2.036    0.635   1.250
                                   3     0.09     0.58      1.797    0.441   0.257

                                                                             1.950        0.003 0.047 0.000 0.000 0.000 0.050

     1.6790     7.373      7.387   1     0.05     1.05      8.173    0.361   0.379
                                   2     0.07     1.79      1.786    0.573   1.028
                                   3     0.13     1.26      2.607    0.431   0.544

                                                                             1.950       -0.005 0.023 0.000 0.000 0.000 0.018

     1.7040     7.391      7.414   1     0.12     0.62      1.578    0.549   0.338
                                   2     0.08     1.37      1.339    0.711   0.971
                                   3     0.13     1.10      2.410    0.584   0.641

                                                                             1.950        0.005 0.017 0.000 0.000 0.000 0.022

     1.7200     7.413      7.432   1     0.06     0.99      7.332    0.412   0.407
                                   2     0.08     1.41      1.371    0.637   0.896
                                   3     0.11     1.18      2.529    0.547   0.647

                                                                  Blatt    9

     Stat-km  Wsp-m+NN  hen-m+NN  IND  Lambd    Fl-qm   Umfg-m   v-m/s   Q-cbm/s

                                                                          Q-ges           hv-m  hr-m  h-bor h-ein h-ort h-m


                                                                             1.950       -0.001 0.078 0.000 0.000 0.000 0.077

     1.8030     7.490      7.511   1     0.11     0.69      1.742    0.519   0.359
                                   2     0.07     1.77      1.852    0.705   1.249
                                   3     0.14     0.77      2.124    0.447   0.343

                                                                             1.950       -0.003 0.100 0.000 0.000 0.000 0.097

     1.8920     7.587      7.615   1     0.05     0.55     10.378    0.343   0.188
                                   2     0.07     1.67      2.033    0.812   1.358
                                   3     0.13     0.74      1.982    0.552   0.411

     Brueckenberechnung an Station km     1.905 : 


          Profil "3":

                                                                             1.950        0.002 0.018 0.000 0.000 0.000 0.020

     1.9040     7.607      7.633   2     0.13     2.73      5.968    0.715   1.950

         Profil "3": hr  m  a
              7.607     0.975     2.727

         ad  aue apl  apg 
              2.727     0.000     0.000     0.000

         Profil "2": hr  m  a
              7.612     0.983     2.756

         ad  aue apl  apg 
              2.756     0.000     0.000     0.000

         Profil "1": hr  m  a
              7.616     0.991     2.775

         ad  aue apl  apg 
              2.775     0.000     0.000     0.000

         wsp im ow (Profil "1") ermittelt aus Impulsbilanz

          Profil "1":

                                                                             1.950        0.003 0.000 0.000 0.000 0.000 0.003

     1.9050     7.616      7.641   2     0.12     2.78      6.016    0.703   1.950

          Profil "b":

                                                                             1.950       -0.004 0.010 0.000 0.000 0.000 0.006

     1.9100     7.621      7.654   1     0.12     0.65      1.883    0.721   0.469
                                   2     0.09     0.75      1.007    0.766   0.576
                                   3     0.11     1.13      2.873    0.805   0.906

     Brueckenberechnung an Station km     1.933 : 


          Profil "a": 

                                                                  Blatt   10

     Stat-km  Wsp-m+NN  hen-m+NN  IND  Lambd    Fl-qm   Umfg-m   v-m/s   Q-cbm/s

                                                                          Q-ges           hv-m  hr-m  h-bor h-ein h-ort h-m


                                                                             1.950        0.027 0.010 0.000 0.006 0.001 0.045

     1.9187     7.666      7.672   1     0.11     0.70      1.784    0.208   0.145
                                   2     0.06     4.50      4.637    0.373   1.680
                                   3     0.11     0.62      1.641    0.201   0.124

          Profil "3":

                                                                             1.950       -0.009 0.009 0.000 0.003 0.005 0.009

     1.9315     7.675      7.699   2     0.13     2.83      4.767    0.688   1.951

         Profil "3": hr  m  a
              7.675     1.681     2.472

         ad  aue apl  apg 
              2.472     0.000     0.000     0.362

         Profil "2": hr  m  a
              7.672     1.689     2.466

         ad  aue apl  apg 
              2.466     0.000     0.000     0.361

         Profil "1": hr  m  a
              7.691     1.697     2.503

         ad  aue apl  apg 
              2.503     0.000     0.000     0.368

          WSP im ow (Profil "1") ermittelt aus der YARNELL-Gleichung
          --> Pfeilerstau aus YARNELL:   0.131

          Profil "1":

                                                                             1.950       -0.013 0.000 0.004 0.002 0.004-0.003

     1.9330     7.806      7.825   2     0.08     3.14      5.028    0.622   1.950

          Profil "b":

                                                                             1.950        0.014 0.002 0.000 0.003 0.001 0.020

     1.9380     7.825      7.831   1     0.11     1.25      2.387    0.229   0.286
                                   2     0.06     3.79      2.894    0.365   1.383
                                   3     0.11     1.20      2.288    0.234   0.281

                                                                  Blatt   11

     Stat-km  Wsp-m+NN  hen-m+NN  IND  Lambd    Fl-qm   Umfg-m   v-m/s   Q-cbm/s

                                                                          Q-ges           hv-m  hr-m  h-bor h-ein h-ort h-m


                                                                             1.950        0.000 0.007 0.000 0.000 0.000 0.007

     1.9760     7.832      7.839   1     0.11     2.55     10.776    0.197   0.503
                                   2     0.06     3.09      3.157    0.411   1.270
                                   3     0.10     0.72      2.204    0.245   0.177

                                                                             1.950       -0.002 0.021 0.000 0.000 0.000 0.019

     2.0480     7.851      7.861   1     0.08     2.17     10.282    0.265   0.576
                                   2     0.06     2.51      2.328    0.505   1.269
                                   3     0.10     0.50      2.692    0.228   0.114

                                                                             1.950       -0.001 0.044 0.000 0.000 0.000 0.043

     2.1470     7.894      7.907   1     0.08     1.05      1.923    0.522   0.549
                                   2     0.09     1.00      0.956    0.403   0.402
                                   3     0.09     2.00      3.661    0.501   1.000

                                                                             1.950        0.000 0.011 0.000 0.000 0.000 0.012

     2.1690     7.905      7.919   1     0.08     1.32      7.046    0.309   0.407
                                   2     0.07     2.32      2.997    0.558   1.294
                                   3     0.10     0.69      2.220    0.359   0.249

     Durchflussaenderung bei Station km   2.181 :  Q =    1.80 m**3/s

     Brueckenberechnung an Station km     2.181 : 


          Profil "a": 

                                                                             1.800        0.002 0.003 0.000 0.000 0.000 0.006

     2.1750     7.911      7.922   1     0.14     1.09      5.444    0.256   0.280
                                   2     0.10     2.57      4.052    0.496   1.276
                                   3     0.11     0.64      1.917    0.383   0.244

          Profil "3":

                                                                             1.800        0.003 0.003 0.000 0.000 0.000 0.007

     2.1800     7.918      7.925   2     0.13     4.72     13.200    0.381   1.800

         Profil "3": hr  m  a
              7.918     1.322     4.722

         ad  aue apl  apg 
              4.722     0.000     0.000     0.000

                                                                  Blatt   12

     Stat-km  Wsp-m+NN  hen-m+NN  IND  Lambd    Fl-qm   Umfg-m   v-m/s   Q-cbm/s

                                                                          Q-ges           hv-m  hr-m  h-bor h-ein h-ort h-m


         Profil "2": hr  m  a
              7.923     1.342     4.786

         ad  aue apl  apg 
              4.786     0.000     0.000     0.000

         Profil "1": hr  m  a
              7.927     1.362     4.842

         ad  aue apl  apg 
              4.842     0.000     0.000     0.000

         wsp im ow (Profil "1") ermittelt aus Impulsbilanz

          Profil "1":

                                                                             1.800        0.004 0.000 0.000 0.000 0.000 0.004

     2.1810     7.927      7.934   2     0.12     4.84     13.344    0.372   1.800

          Profil "b":

                                                                             1.800       -0.002 0.003 0.000 0.000 0.000 0.001

     2.1860     7.928      7.939   1     0.14     0.84      5.653    0.234   0.197
                                   2     0.10     2.77      4.901    0.494   1.368
                                   3     0.10     0.61      2.033    0.382   0.235

                                                                             1.800       -0.006 0.014 0.000 0.000 0.000 0.008

     2.2070     7.936      7.959   1     0.10     0.20      0.922    0.337   0.068
                                   2     0.07     2.40      2.670    0.687   1.647
                                   3     0.12     0.25      1.009    0.337   0.085

                                                                             1.800       -0.004 0.031 0.000 0.000 0.000 0.027

     2.2390     7.963      7.994   1     0.10     0.14      0.763    0.432   0.063
                                   2     0.07     2.03      3.194    0.807   1.635
                                   3     0.12     0.24      1.051    0.435   0.102

                                                                             1.800        0.005 0.146 0.000 0.000 0.000 0.151

     2.3500     8.100      8.126   1     0.13     0.65      1.966    0.523   0.338
                                   2     0.07     1.52      1.681    0.790   1.198
                                   3     0.12     0.48      1.406    0.554   0.264

                                                                             1.800       -0.008 0.004 0.000 0.000 0.000-0.004

     2.3530     8.096      8.139   2     0.07     1.96      3.722    0.918   1.800

                                                                             1.800        0.035 0.090 0.000 0.000 0.000 0.125

     2.4530     8.221      8.229   1     0.10     0.97      5.648    0.244   0.236
                                   2     0.07     1.81      1.929    0.488   0.881
                                   3     0.10     2.29      8.638    0.299   0.683

                                                                             1.800        0.000 0.018 0.000 0.000 0.000 0.018

     2.4950     8.239      8.247   1     0.08     0.96      7.729    0.236   0.225
                                   2     0.07     1.31      1.713    0.440   0.577
                                   3     0.09     2.65      7.177    0.377   0.999

                                                                  Blatt   13

     Stat-km  Wsp-m+NN  hen-m+NN  IND  Lambd    Fl-qm   Umfg-m   v-m/s   Q-cbm/s

                                                                          Q-ges           hv-m  hr-m  h-bor h-ein h-ort h-m


                                                                             1.800       -0.004 0.032 0.000 0.000 0.000 0.027

     2.5550     8.266      8.283   1     0.09     0.67      6.905    0.236   0.157
                                   2     0.07     2.09      2.235    0.622   1.300
                                   3     0.03     0.70      4.419    0.496   0.346

                                                                             1.800       -0.003 0.059 0.000 0.000 0.000 0.056

     2.6270     8.322      8.346   1     0.10     0.30      1.233    0.444   0.134
                                   2     0.07     1.82      2.585    0.725   1.320
                                   3     0.10     0.70      2.198    0.501   0.349

     Brueckenberechnung an Station km     2.648 : 


          Profil "3":

                                                                             1.800       -0.022 0.003 0.003 0.000 0.000-0.016

     2.6285     8.307      8.352   2     0.13     1.91      4.034    0.939   1.792

         Profil "3": hr  m  a
              8.307     0.879     1.908

         ad  aue apl  apg 
              1.908     0.000     0.000     0.000

         Profil "2": hr  m  a
              8.375     0.886     2.146

         ad  aue apl  apg 
              2.146     0.000     0.000     0.000

         Profil "1": hr  m  a
              8.379     0.893     2.159

         ad  aue apl  apg 
              2.159     0.000     0.000     0.000

         wsp im ow (Profil "1") ermittelt aus Impulsbilanz

          Profil "1":

                                                                             1.800       -0.012 0.000 0.001 0.000 0.000-0.011

     2.6480     8.379      8.414   2     0.10     2.16      4.193    0.834   1.800

                                                                             1.800        0.000 0.003 0.000 0.000 0.000 0.004

     2.6500     8.382      8.417   1     0.11     0.25      0.984    0.521   0.128
                                   2     0.07     1.76      2.363    0.868   1.526
                                   3     0.11     0.28      1.073    0.521   0.144

                                                                  Blatt   14

     Stat-km  Wsp-m+NN  hen-m+NN  IND  Lambd    Fl-qm   Umfg-m   v-m/s   Q-cbm/s

                                                                          Q-ges           hv-m  hr-m  h-bor h-ein h-ort h-m


                                                                             1.800        0.015 0.131 0.000 0.000 0.000 0.146

     2.7560     8.529      8.549   1     0.11     0.87      2.019    0.555   0.480
                                   2     0.07     1.44      1.822    0.667   0.958
                                   3     0.11     0.68      1.809    0.528   0.362

     Brueckenberechnung an Station km     2.825 : 


          Profil "a": 

                                                                             1.800        0.010 0.036 0.000 0.001 0.002 0.048

     2.8120     8.578      8.588   1     0.11     0.51      1.503    0.267   0.137
                                   2     0.06     3.17      3.584    0.472   1.495
                                   3     0.12     0.61      1.639    0.277   0.170

          Profil "3":

                                                                             1.800       -0.013 0.008 0.000 0.003 0.007 0.006

     2.8235     8.583      8.618   2     0.07     2.17      4.169    0.831   1.800

         Profil "3": hr  m  a
              8.583     1.035     1.932

         ad  aue apl  apg 
              1.932     0.000     0.000     0.233

         Profil "2": hr  m  a
              8.578     1.040     1.921

         ad  aue apl  apg 
              1.921     0.000     0.000     0.231

         Profil "1": hr  m  a
              8.600     1.045     1.968

         ad  aue apl  apg 
              1.968     0.000     0.000     0.238

          WSP im ow (Profil "1") ermittelt aus der YARNELL-Gleichung
          --> Pfeilerstau aus YARNELL:   0.153

          Profil "1":

                                                                             1.800       -0.016 0.000 0.004 0.002 0.005-0.006

     2.8250     8.736      8.762   2     0.07     2.53      4.475    0.711   1.800

          Profil "b":

                                                                  Blatt   14

     Stat-km  Wsp-m+NN  hen-m+NN  IND  Lambd    Fl-qm   Umfg-m   v-m/s   Q-cbm/s

                                                                          Q-ges           hv-m  hr-m  h-bor h-ein h-ort h-m


                                                                             1.800        0.017 0.002 0.000 0.002 0.002 0.023

     2.8300     8.759      8.768   1     0.11     0.71      1.763    0.262   0.186
                                   2     0.06     3.17      3.107    0.439   1.392
                                   3     0.11     0.82      1.895    0.270   0.222

     Durchflussaenderung bei Station km   2.866 :  Q =    1.75 m**3/s

                                                                             1.750       -0.005 0.018 0.000 0.000 0.000 0.013

     2.8660     8.773      8.792   1     0.13     0.04      0.427    0.211   0.008
                                   2     0.08     2.45      3.620    0.639   1.567
                                   3     0.13     0.50      3.072    0.353   0.176

                                                                             1.750        0.001 0.009 0.000 0.000 0.000 0.009

     2.8760     8.782      8.801   1     0.11     0.63      1.726    0.518   0.327
                                   2     0.09     0.83      0.932    0.507   0.420
                                   3     0.08     1.96      6.839    0.513   1.004

                                                                             1.750        0.009 0.028 0.000 0.000 0.000 0.037

     2.9200     8.819      8.829   1     0.12     0.20      1.627    0.151   0.030
                                   2     0.07     3.60      5.084    0.454   1.632
                                   3     0.11     0.47      2.661    0.190   0.089

                                                                             1.750        0.003 0.014 0.000 0.000 0.000 0.017

     2.9760     8.836      8.843   1     0.12     0.34      2.556    0.137   0.047
                                   2     0.07     4.45      6.992    0.374   1.664
                                   3     0.08     0.33      3.733    0.137   0.045

                                                                             1.750       -0.003 0.025 0.000 0.000 0.000 0.022

     3.0485     8.859      8.871   1     0.07     0.57      2.888    0.321   0.184
                                   2     0.08     2.86      4.444    0.518   1.482
                                   3     0.10     0.43      3.921    0.205   0.087

                                                                             1.750       -0.007 0.053 0.000 0.000 0.000 0.046

     3.1210     8.905      8.932   1     0.04     0.88      3.719    0.705   0.621
                                   2     0.08     1.39      2.167    0.664   0.926
                                   3     0.11     0.63      4.231    0.324   0.203

                                                                             1.750        0.006 0.038 0.000 0.000 0.000 0.044

     3.1620     8.949      8.970   1     0.13     0.38      1.232    0.407   0.154
                                   2     0.07     2.03      2.591    0.686   1.389
                                   3     0.13     0.51      1.614    0.411   0.208

     Durchflussaenderung bei Station km   3.180 :  Q =    1.14 m**3/s

     Brueckenberechnung an Station km     3.180 : 


          Profil "3":

                                                                  Blatt   15

     Stat-km  Wsp-m+NN  hen-m+NN  IND  Lambd    Fl-qm   Umfg-m   v-m/s   Q-cbm/s

                                                                          Q-ges           hv-m  hr-m  h-bor h-ein h-ort h-m


                                                                             1.140        0.013 0.000 0.000 0.000 0.000 0.013

     3.1620     8.962      8.970   2     0.07     2.97      5.474    0.384   1.140

         Profil "3": hr  m  a
              8.962     1.115     2.968

         ad  aue apl  apg 
              2.968     0.000     0.000     0.000

         Profil "2": hr  m  a
              8.970     1.125     3.006

         ad  aue apl  apg 
              3.006     0.000     0.000     0.000

         Profil "1": hr  m  a
              8.973     1.134     3.022

         ad  aue apl  apg 
              3.022     0.000     0.000     0.000

         wsp im ow (Profil "1") ermittelt aus Impulsbilanz

          Profil "1":

                                                                             1.140        0.013 0.000 0.000 0.000 0.000 0.013

     3.1800     8.973      8.980   2     0.07     3.02      5.514    0.377   1.140

          Profil "b":

                                                                             1.140       -0.001 0.002 0.000 0.000 0.000 0.001

     3.1850     8.974      8.983   2     0.07     2.78      5.332    0.410   1.140

                                                                             1.140        0.004 0.003 0.000 0.000 0.000 0.007

     3.2000     8.981      8.986   1     0.13     0.76      1.964    0.201   0.153
                                   2     0.06     2.45      2.541    0.341   0.835
                                   3     0.13     0.77      2.079    0.197   0.152

                                                                             1.140       -0.001 0.009 0.000 0.000 0.000 0.008

     3.2470     8.990      8.996   2     0.08     3.04      4.861    0.364   1.106
                                   3     0.13     0.24      1.733    0.146   0.035

                                                                             1.140       -0.003 0.009 0.000 0.000 0.000 0.006

     3.2740     8.996      9.008   1     0.13     0.04      0.809    0.121   0.005
                                   2     0.07     2.18      3.559    0.502   1.094
                                   3     0.13     0.22      1.735    0.184   0.041

                                                                  Blatt   16

     Stat-km  Wsp-m+NN  hen-m+NN  IND  Lambd    Fl-qm   Umfg-m   v-m/s   Q-cbm/s

                                                                          Q-ges           hv-m  hr-m  h-bor h-ein h-ort h-m


                                                                             1.140        0.000 0.062 0.000 0.000 0.000 0.061

     3.3930     9.057      9.070   1     0.13     0.12      1.382    0.181   0.021
                                   2     0.08     1.55      2.310    0.551   0.855
                                   3     0.13     0.71      1.964    0.372   0.264

                                                                             1.140        0.002 0.006 0.000 0.000 0.000 0.008

     3.4030     9.065      9.076   1     0.10     0.41      1.572    0.357   0.146
                                   2     0.08     1.25      1.640    0.517   0.646
                                   3     0.10     0.85      2.401    0.415   0.350

     Brueckenberechnung an Station km     3.407 : 


          Profil "3":

                                                                             1.140        0.001 0.001 0.000 0.000 0.000 0.001

     3.4040     9.066      9.077   2     0.12     2.50      5.547    0.456   1.140

         Profil "3": hr  m  a
              9.066     0.848     2.496

         ad  aue apl  apg 
              2.496     0.000     0.000     0.000

         Profil "2": hr  m  a
              9.071     0.854     2.524

         ad  aue apl  apg 
              2.524     0.000     0.000     0.000

         Profil "1": hr  m  a
              9.076     0.867     2.550

         ad  aue apl  apg 
              2.550     0.000     0.000     0.000

         wsp im ow (Profil "1") ermittelt aus Impulsbilanz

          Profil "1":

                                                                             1.140        0.001 0.000 0.000 0.000 0.000 0.001

     3.4070     9.076      9.086   2     0.11     2.55      5.607    0.447   1.140

                                                                             1.140        0.000 0.002 0.000 0.000 0.000 0.002

     3.4100     9.078      9.088   1     0.10     0.60      1.830    0.418   0.251
                                   2     0.09     1.03      1.327    0.465   0.478
                                   3     0.11     0.93      2.460    0.443   0.411

                                                                  Blatt   17

     Stat-km  Wsp-m+NN  hen-m+NN  IND  Lambd    Fl-qm   Umfg-m   v-m/s   Q-cbm/s

                                                                          Q-ges           hv-m  hr-m  h-bor h-ein h-ort h-m


                                                                             1.140       -0.002 0.010 0.000 0.000 0.000 0.008

     3.4240     9.086      9.100   1     0.09     0.47      1.533    0.443   0.209
                                   2     0.08     1.36      1.598    0.564   0.765
                                   3     0.11     0.42      1.442    0.395   0.166

                                                                             1.140        0.004 0.051 0.000 0.000 0.000 0.055

     3.5060     9.141      9.151   1     0.11     0.41      1.741    0.286   0.116
                                   2     0.07     1.65      1.469    0.495   0.818
                                   3     0.11     0.62      2.120    0.331   0.206

                                                                             1.140       -0.002 0.034 0.000 0.000 0.000 0.032

     3.5760     9.173      9.187   1     0.13     0.04      0.450    0.159   0.006
                                   2     0.07     2.14      3.106    0.528   1.130
                                   3     0.13     0.04      0.669    0.143   0.006

                                                                             1.140        0.003 0.081 0.000 0.000 0.000 0.085

     3.7360     9.258      9.268   1     0.11     0.65      1.959    0.362   0.234
                                   2     0.07     1.46      1.583    0.504   0.736
                                   3     0.11     0.52      1.977    0.325   0.170

                                                                             1.140        0.000 0.046 0.000 0.000 0.000 0.045

     3.8140     9.303      9.315   1     0.16     0.71      1.833    0.339   0.241
                                   2     0.08     1.39      1.485    0.521   0.727
                                   3     0.12     0.53      2.023    0.322   0.172

                                                                             1.140        0.005 0.058 0.000 0.000 0.000 0.063

     3.9110     9.367      9.373   1     0.37     1.66      3.374    0.246   0.412
                                   2     0.10     1.22      1.388    0.416   0.509
                                   3     0.11     0.66      2.555    0.331   0.218

                                                                             1.140        0.000 0.002 0.000 0.000 0.000 0.002

     3.9160     9.369      9.376   1     0.25     1.79      4.063    0.241   0.432
                                   2     0.08     1.17      1.387    0.402   0.470
                                   3     0.11     0.74      2.074    0.322   0.237

                                                                             1.140        0.002 0.002 0.000 0.000 0.000 0.004

     3.9210     9.373      9.378   1     0.19     2.07      6.202    0.236   0.489
                                   2     0.09     1.11      1.390    0.354   0.394
                                   3     0.14     0.98      2.178    0.314   0.309

                                                                             1.140        0.004 0.001 0.000 0.000 0.000 0.005

     3.9250     9.378      9.378   1     0.19     2.33     12.740    0.035   0.082
                                   2     0.06     9.06     13.151    0.114   1.034
                                   3     0.10     0.45      1.874    0.054   0.024

                                                                  Blatt   18

     Stat-km  Wsp-m+NN  hen-m+NN  IND  Lambd    Fl-qm   Umfg-m   v-m/s   Q-cbm/s

                                                                          Q-ges           hv-m  hr-m  h-bor h-ein h-ort h-m


                                                                             1.140       -0.002 0.000 0.001 0.000 0.000-0.001

     3.9310     9.377      9.379   1     0.25     2.95      9.678    0.115   0.341
                                   2     0.07     1.87      2.294    0.274   0.512
                                   3     0.11     1.86      7.898    0.155   0.287

                                                                             1.140       -0.005 0.001 0.002 0.000 0.000-0.002

     3.9370     9.375      9.382   1     0.13     0.69      2.711    0.211   0.146
                                   2     0.07     2.18      2.600    0.416   0.907
                                   3     0.10     0.44      2.713    0.200   0.087

                                                                             1.140       -0.001 0.022 0.000 0.000 0.000 0.021

     3.9980     9.395      9.405   1     0.11     0.60      1.682    0.337   0.201
                                   2     0.07     1.79      2.384    0.471   0.844
                                   3     0.11     0.33      1.239    0.292   0.097

     Brueckenberechnung an Station km     4.001 : 


          Profil "3":

                                                                             1.140        0.001 0.000 0.000 0.000 0.000 0.001

     3.9980     9.396      9.405   2     0.08     2.72      5.286    0.420   1.140

         Profil "3": hr  m  a
              9.396     0.961     2.717

         ad  aue apl  apg 
              2.717     0.000     0.000     0.000

         Profil "2": hr  m  a
              9.397     0.959     2.720

         ad  aue apl  apg 
              2.720     0.000     0.000     0.000

         Profil "1": hr  m  a
              9.401     0.971     2.741

         ad  aue apl  apg 
              2.741     0.000     0.000     0.000

                                                                  Blatt   19

     Stat-km  Wsp-m+NN  hen-m+NN  IND  Lambd    Fl-qm   Umfg-m   v-m/s   Q-cbm/s

                                                                          Q-ges           hv-m  hr-m  h-bor h-ein h-ort h-m


         wsp im ow (Profil "1") ermittelt aus Impulsbilanz

          Profil "1":

                                                                             1.140        0.001 0.000 0.000 0.000 0.000 0.001

     4.0010     9.401      9.410   2     0.08     2.74      5.306    0.416   1.140

                                                                             1.140        0.002 0.001 0.000 0.000 0.000 0.003

     4.0040     9.404      9.411   1     0.13     0.77      1.927    0.284   0.219
                                   2     0.07     1.71      1.888    0.407   0.697
                                   3     0.13     0.81      2.113    0.277   0.224

                                                                             1.140       -0.003 0.004 0.000 0.000 0.000 0.001

     4.0130     9.405      9.418   1     0.10     0.47      1.693    0.344   0.163
                                   2     0.07     1.75      2.185    0.534   0.932
                                   3     0.11     0.15      0.889    0.256   0.040

                                                                             1.140        0.005 0.052 0.000 0.000 0.000 0.057

     4.1130     9.461      9.470   1     0.12     1.21      2.634    0.388   0.472
                                   2     0.08     1.16      1.166    0.424   0.490
                                   3     0.11     0.60      2.744    0.296   0.178

                                                                             1.140       -0.002 0.122 0.000 0.000 0.000 0.119

     4.3080     9.581      9.594   1     0.09     0.77      2.254    0.457   0.351
                                   2     0.08     1.25      1.326    0.547   0.681
                                   3     0.12     0.36      1.932    0.303   0.109

                                                                             1.140        0.002 0.036 0.000 0.000 0.000 0.037

     4.3600     9.618      9.630   1     0.11     0.93      2.236    0.441   0.408
                                   2     0.08     1.24      1.549    0.517   0.644
                                   3     0.10     0.30      1.599    0.310   0.092

                                                                             1.140        0.001 0.035 0.000 0.000 0.000 0.036

     4.4210     9.654      9.665   1     0.09     0.67      1.706    0.425   0.283
                                   2     0.07     1.61      1.576    0.493   0.793
                                   3     0.11     0.27      1.552    0.254   0.069

                                                                             1.140        0.000 0.023 0.000 0.000 0.000 0.023

     4.4660     9.677      9.688   1     0.10     0.61      2.059    0.341   0.208
                                   2     0.07     1.68      1.671    0.510   0.856
                                   3     0.12     0.30      1.598    0.256   0.078

     Durchflussaenderung bei Station km   4.525 :  Q =    1.00 m**3/s

                                                                             1.000       -0.001 0.035 0.000 0.000 0.000 0.034

     4.5250     9.711      9.723   1     0.10     0.38      1.529    0.352   0.132
                                   2     0.08     1.36      1.694    0.532   0.725
                                   3     0.11     0.41      1.523    0.353   0.146

                                                                  Blatt   20

     Stat-km  Wsp-m+NN  hen-m+NN  IND  Lambd    Fl-qm   Umfg-m   v-m/s   Q-cbm/s

                                                                          Q-ges           hv-m  hr-m  h-bor h-ein h-ort h-m


                                                                             1.000       -0.001 0.022 0.000 0.000 0.000 0.021

     4.5600     9.732      9.746   1     0.11     0.17      1.012    0.266   0.046
                                   2     0.07     1.70      2.323    0.543   0.921
                                   3     0.14     0.16      1.189    0.210   0.034

     Brueckenberechnung an Station km     4.566 : 


          Profil "3":

                                                                             1.000        0.007 0.002 0.000 0.000 0.000 0.008

     4.5630     9.740      9.748   2     0.13     2.62      5.510    0.381   0.995

         Profil "3": hr  m  a
              9.740     0.840     2.615

         ad  aue apl  apg 
              2.615     0.000     0.000     0.000

         Profil "2": hr  m  a
              9.746     0.850     2.644

         ad  aue apl  apg 
              2.644     0.000     0.000     0.000

         Profil "1": hr  m  a
              9.750     0.860     2.664

         ad  aue apl  apg 
              2.664     0.000     0.000     0.000

         wsp im ow (Profil "1") ermittelt aus Impulsbilanz

          Profil "1":

                                                                             1.000        0.007 0.000 0.000 0.000 0.000 0.007

     4.5660     9.750      9.757   2     0.10     2.66      5.552    0.375   1.000

                                                                             1.000       -0.001 0.001 0.000 0.000 0.000 0.001

     4.5700     9.750      9.759   1     0.33     0.26      1.119    0.130   0.040
                                   2     0.07     2.19      3.360    0.421   0.923
                                   3     0.13     0.18      0.921    0.195   0.035

                                                                             1.000       -0.002 0.004 0.000 0.000 0.000 0.002

     4.5800     9.752      9.765   1     0.10     0.25      1.521    0.247   0.061
                                   2     0.07     1.82      2.673    0.515   0.936
                                   3     0.12     0.04      0.626    0.148   0.006

                                                                  Blatt   21

     Stat-km  Wsp-m+NN  hen-m+NN  IND  Lambd    Fl-qm   Umfg-m   v-m/s   Q-cbm/s

                                                                          Q-ges           hv-m  hr-m  h-bor h-ein h-ort h-m


                                                                             1.000       -0.001 0.053 0.000 0.000 0.000 0.053

     4.6720     9.805      9.820   1     0.11     0.25      1.164    0.314   0.078
                                   2     0.07     1.47      1.841    0.566   0.833
                                   3     0.12     0.31      1.660    0.286   0.090

                                                                             1.000        0.007 0.024 0.000 0.000 0.000 0.031

     4.7240     9.836      9.844   1     0.10     0.16      1.105    0.174   0.028
                                   2     0.07     2.30      3.466    0.404   0.931
                                   3     0.13     0.22      1.145    0.183   0.041

                                                                             1.000       -0.002 0.014 0.000 0.000 0.000 0.012

     4.7540     9.848      9.859   1     0.11     0.28      1.425    0.305   0.086
                                   2     0.08     1.23      1.567    0.511   0.626
                                   3     0.10     0.77      2.795    0.374   0.288

                                                                             1.000       -0.002 0.030 0.000 0.000 0.000 0.028

     4.7960     9.876      9.891   1     0.12     0.15      1.039    0.262   0.038
                                   2     0.08     1.35      1.788    0.579   0.784
                                   3     0.12     0.46      1.632    0.394   0.179

                                                                             1.000        0.003 0.069 0.000 0.000 0.000 0.072

     4.8880     9.949      9.961   1     0.14     0.52      1.797    0.341   0.176
                                   2     0.08     1.31      1.465    0.543   0.708
                                   3     0.15     0.43      2.281    0.270   0.115

                                                                             1.000        0.001 0.024 0.000 0.000 0.000 0.025

     4.9270     9.974      9.985   1     0.13     0.42      1.400    0.312   0.130
                                   2     0.07     1.53      1.983    0.505   0.773
                                   3     0.12     0.40      2.353    0.245   0.098

                                                                             1.000       -0.002 0.011 0.000 0.000 0.000 0.009

     4.9410     9.983      9.997   1     0.14     0.51      2.132    0.372   0.189
                                   2     0.08     1.06      1.281    0.593   0.632
                                   3     0.10     0.46      2.406    0.391   0.179

                                                                             1.000        0.005 0.080 0.000 0.000 0.000 0.084

     5.0460    10.068     10.077   1     0.12     0.51      2.250    0.270   0.137
                                   2     0.07     1.53      1.854    0.480   0.733
                                   3     0.12     0.51      2.566    0.255   0.130

                                                                             1.000       -0.002 0.007 0.000 0.000 0.000 0.005

     5.0580    10.073     10.086   1     0.13     0.27      1.691    0.241   0.065
                                   2     0.07     1.55      1.932    0.538   0.836
                                   3     0.14     0.39      2.111    0.254   0.099

                                                                  Blatt   22

     Stat-km  Wsp-m+NN  hen-m+NN  IND  Lambd    Fl-qm   Umfg-m   v-m/s   Q-cbm/s

                                                                          Q-ges           hv-m  hr-m  h-bor h-ein h-ort h-m


                                                                             1.000        0.001 0.019 0.000 0.000 0.000 0.020

     5.0870    10.093     10.105   1     0.13     0.69      2.112    0.372   0.256
                                   2     0.08     1.20      1.462    0.539   0.648
                                   3     0.16     0.35      1.581    0.281   0.097

                                                                             1.000        0.002 0.009 0.000 0.000 0.000 0.012

     5.1020    10.105     10.114   1     0.13     0.47      1.780    0.294   0.138
                                   2     0.08     1.32      1.495    0.482   0.636
                                   3     0.13     0.70      2.128    0.325   0.227

                                                                             1.000       -0.001 0.053 0.000 0.000 0.000 0.052

     5.1810    10.156     10.169   1     0.11     0.47      1.980    0.366   0.170
                                   2     0.08     1.14      1.199    0.531   0.603
                                   3     0.12     0.58      2.027    0.392   0.226

                                                                             1.000        0.004 0.047 0.000 0.000 0.000 0.050

     5.2530    10.207     10.215   1     0.10     0.91      2.636    0.365   0.331
                                   2     0.08     1.19      1.153    0.423   0.503
                                   3     0.13     0.56      1.968    0.295   0.165

                                                                             1.000        0.000 0.031 0.000 0.000 0.000 0.031

     5.3110    10.238     10.247   1     0.12     0.80      2.620    0.333   0.266
                                   2     0.08     1.19      1.271    0.469   0.559
                                   3     0.12     0.54      2.036    0.320   0.174

                                                                             1.000       -0.001 0.049 0.000 0.000 0.000 0.048

     5.3950    10.286     10.297   1     0.11     0.59      1.963    0.359   0.212
                                   2     0.08     1.29      1.722    0.502   0.647
                                   3     0.10     0.41      1.654    0.342   0.140

                                                                             1.000       -0.001 0.004 0.000 0.000 0.000 0.003

     5.4010    10.289     10.302   1     0.11     0.33      1.281    0.380   0.123
                                   2     0.09     1.24      1.907    0.537   0.666
                                   3     0.10     0.51      1.870    0.410   0.210

                                                                             1.000        0.001 0.010 0.000 0.000 0.000 0.011

     5.4150    10.300     10.312   1     0.12     0.40      1.671    0.317   0.127
                                   2     0.08     1.56      2.519    0.518   0.809
                                   3     0.11     0.23      1.301    0.278   0.064

                                                                             1.000        0.005 0.028 0.000 0.000 0.000 0.033

     5.4690    10.333     10.340   1     0.13     0.16      0.953    0.209   0.033
                                   2     0.11     2.59      5.459    0.374   0.968

     Brueckenberechnung an Station km     5.472 : 


          Profil "3":

                                                                  Blatt   23

     Stat-km  Wsp-m+NN  hen-m+NN  IND  Lambd    Fl-qm   Umfg-m   v-m/s   Q-cbm/s

                                                                          Q-ges           hv-m  hr-m  h-bor h-ein h-ort h-m


                                                                             1.000       -0.002 0.000 0.000 0.000 0.000-0.002

     5.4690    10.331     10.340   2     0.12     2.33      4.936    0.429   1.000

         Profil "3": hr  m  a
             10.331     0.838     2.332

         ad  aue apl  apg 
              2.332     0.000     0.000     0.000

         Profil "2": hr  m  a
             10.337     0.847     2.359

         ad  aue apl  apg 
              2.359     0.000     0.000     0.000

         Profil "1": hr  m  a
             10.337     0.848     2.360

         ad  aue apl  apg 
              2.360     0.000     0.000     0.000

         wsp im ow (Profil "1") ermittelt aus Impulsbilanz

          Profil "1":

                                                                             1.000       -0.002 0.000 0.000 0.000 0.000-0.002

     5.4720    10.337     10.346   2     0.09     2.36      4.967    0.424   1.000

                                                                             1.000       -0.001 0.002 0.000 0.000 0.000 0.000

     5.4750    10.337     10.349   1     0.11     0.35      1.488    0.358   0.127
                                   2     0.08     1.14      1.470    0.539   0.614
                                   3     0.12     0.65      1.998    0.396   0.259

                                                                             1.000       -0.003 0.005 0.000 0.000 0.000 0.003

     5.4810    10.340     10.357   1     0.15     0.26      1.416    0.320   0.088
                                   2     0.09     1.24      2.195    0.624   0.774
                                   3     0.12     0.35      1.476    0.401   0.138

                                                                             1.000       -0.005 0.032 0.000 0.000 0.000 0.027

     5.5090    10.367     10.395   2     0.08     1.37      3.307    0.733   1.000

                                                                  Blatt   24

     Stat-km  Wsp-m+NN  hen-m+NN  IND  Lambd    Fl-qm   Umfg-m   v-m/s   Q-cbm/s

                                                                          Q-ges           hv-m  hr-m  h-bor h-ein h-ort h-m


                                                                             1.000       -0.001 0.068 0.000 0.000 0.000 0.066

     5.5590    10.434     10.464   2     0.08     1.30      3.274    0.768   1.003

     Brueckenberechnung an Station km     5.609 : 


          Profil "a": 

                                                                             1.000        0.016 0.006 0.000 0.000 0.000 0.022

     5.5640    10.455     10.470   1     0.09     0.36      1.205    0.448   0.159
                                   2     0.08     1.31      1.336    0.562   0.735
                                   3     0.10     0.27      1.151    0.380   0.104

          Profil "3":

                                                                             1.000       -0.008 0.006 0.000 0.000 0.000-0.002

     5.5690    10.453     10.484   2     0.08     1.30      3.274    0.772   1.000

         Profil "3": hr  m  a
             10.453     0.781     1.280

         ad  aue apl  apg 
              1.280     0.000     0.000     0.016

         Profil "2": hr  m  a
             10.520     0.788     1.367

         ad  aue apl  apg 
              1.367     0.000     0.000     0.018

         Profil "1": hr  m  a
             10.528     0.796     1.376

         ad  aue apl  apg 
              1.376     0.000     0.000     0.019

         wsp im ow (Profil "1") ermittelt aus Impulsbilanz

          Profil "1":

                                                                             1.000       -0.012 0.000 0.002 0.000 0.000-0.010

     5.6090    10.528     10.554   2     0.08     1.40      3.422    0.717   1.000

          Profil "b":

                                                                             1.000        0.013 0.005 0.000 0.000 0.000 0.018

     5.6140    10.546     10.559   1     0.09     0.38      1.249    0.436   0.166
                                   2     0.08     1.35      1.336    0.537   0.726
                                   3     0.10     0.29      1.189    0.368   0.108

                                                                  Blatt   25

     Stat-km  Wsp-m+NN  hen-m+NN  IND  Lambd    Fl-qm   Umfg-m   v-m/s   Q-cbm/s

                                                                          Q-ges           hv-m  hr-m  h-bor h-ein h-ort h-m


                                                                             1.000        0.009 0.007 0.000 0.000 0.000 0.016

     5.6310    10.562     10.566   2     0.06     3.46      5.977    0.289   1.000

                                                                             1.000       -0.002 0.002 0.000 0.000 0.000 0.000

     5.6400    10.562     10.570   1     0.15     0.17      0.961    0.177   0.032
                                   2     0.08     2.03      2.833    0.432   0.876
                                   3     0.18     0.45      1.635    0.204   0.096

     Durchflussaenderung bei Station km   5.670 :  Q =    0.50 m**3/s

                                                                             0.500        0.007 0.007 0.000 0.000 0.000 0.014

     5.6700    10.575     10.577   1     0.13     0.93      2.343    0.161   0.150
                                   2     0.09     1.47      1.833    0.203   0.300
                                   3     0.13     0.38      1.401    0.133   0.050

                                                                             0.500       -0.001 0.002 0.000 0.000 0.000 0.001

     5.6850    10.576     10.580   1     0.08     1.00      2.444    0.254   0.253
                                   2     0.12     0.64      0.744    0.154   0.099
                                   3     0.09     0.67      1.747    0.223   0.148

                                                                             0.500        0.002 0.004 0.000 0.000 0.000 0.006

     5.7300    10.583     10.584   1     0.13     0.24      1.210    0.081   0.019
                                   2     0.07     2.66      4.669    0.181   0.481

     Brueckenberechnung an Station km     5.733 : 


          Profil "3":

                                                                             0.500        0.000 0.000 0.000 0.000 0.000 0.000

     5.7300    10.583     10.584   2     0.13     2.80      5.930    0.178   0.500

         Profil "3": hr  m  a
             10.583     0.914     2.802

         ad  aue apl  apg 
              2.802     0.000     0.000     0.000

                                                                  Blatt   26

     Stat-km  Wsp-m+NN  hen-m+NN  IND  Lambd    Fl-qm   Umfg-m   v-m/s   Q-cbm/s

                                                                          Q-ges           hv-m  hr-m  h-bor h-ein h-ort h-m


         Profil "2": hr  m  a
             10.586     0.922     2.821

         ad  aue apl  apg 
              2.821     0.000     0.000     0.000

         Profil "1": hr  m  a
             10.589     0.930     2.837

         ad  aue apl  apg 
              2.837     0.000     0.000     0.000

         wsp im ow (Profil "1") ermittelt aus Impulsbilanz

          Profil "1":

                                                                             0.500        0.000 0.000 0.000 0.000 0.000 0.000

     5.7330    10.589     10.590   2     0.11     2.84      5.974    0.176   0.500

                                                                             0.500        0.000 0.000 0.000 0.000 0.000 0.000

     5.7360    10.589     10.591   1     0.17     0.50      1.731    0.107   0.053
                                   2     0.09     2.02      2.678    0.200   0.403
                                   3     0.18     0.49      1.770    0.101   0.050

                                                                             0.500       -0.001 0.007 0.000 0.000 0.000 0.007

     5.7930    10.596     10.599   1     0.11     0.41      1.408    0.184   0.075
                                   2     0.09     1.55      2.247    0.259   0.401
                                   3     0.17     0.19      0.941    0.127   0.025

                                                                             0.500        0.000 0.011 0.000 0.000 0.000 0.011

     5.8480    10.607     10.610   1     0.10     0.67      1.758    0.250   0.168
                                   2     0.11     1.04      1.357    0.238   0.248
                                   3     0.20     0.53      1.530    0.174   0.093

                                                                             0.500        0.000 0.014 0.000 0.000 0.000 0.014

     5.9180    10.621     10.624   1     0.17     0.43      1.375    0.162   0.070
                                   2     0.09     1.39      1.656    0.260   0.362
                                   3     0.19     0.51      1.529    0.156   0.079

                                                                             0.500        0.000 0.013 0.000 0.000 0.000 0.013

     5.9950    10.634     10.637   1     0.16     0.25      1.097    0.130   0.033
                                   2     0.08     1.64      2.233    0.266   0.436
                                   3     0.11     0.22      1.003    0.151   0.033

                                                                             0.500        0.003 0.001 0.000 0.000 0.000 0.004

     6.0060    10.637     10.638   1     0.13     0.45      1.405    0.058   0.026
                                   2     0.06     3.92      5.170    0.110   0.431
                                   3     0.13     0.68      1.848    0.063   0.043

     Brueckenberechnung an Station km     6.020 : 


          Profil "3":

                                                                  Blatt   27

     Stat-km  Wsp-m+NN  hen-m+NN  IND  Lambd    Fl-qm   Umfg-m   v-m/s   Q-cbm/s

                                                                          Q-ges           hv-m  hr-m  h-bor h-ein h-ort h-m


                                                                             0.500        0.000 0.000 0.000 0.000 0.000 0.000

     6.0140    10.637     10.639   2     0.13     3.25      5.909    0.154   0.500

         Profil "3": hr  m  a
             10.637     1.152     2.905

         ad  aue apl  apg 
              2.905     0.000     0.000     0.348

         Profil "2": hr  m  a
             10.642     1.164     2.918

         ad  aue apl  apg 
              2.918     0.000     0.000     0.354

         Profil "1": hr  m  a
             10.646     1.176     2.933

         ad  aue apl  apg 
              2.933     0.000     0.000     0.359

         wsp im ow (Profil "1") ermittelt aus Impulsbilanz

          Profil "1":

                                                                             0.500       -0.001 0.000 0.000 0.000 0.000 0.000

     6.0200    10.646     10.648   2     0.07     3.29      5.927    0.152   0.500

          Profil "b":

                                                                             0.500        0.001 0.000 0.000 0.000 0.000 0.001

     6.0250    10.647     10.648   1     0.13     0.40      1.330    0.063   0.025
                                   2     0.07     3.71      5.170    0.117   0.434
                                   3     0.13     0.61      1.758    0.067   0.041

                                                                             0.500       -0.001 0.000 0.000 0.000 0.000-0.001

     6.0330    10.647     10.649   1     2.33     0.27      1.654    0.023   0.006
                                   2     0.07     2.04      2.562    0.235   0.479
                                   3     0.19     0.18      0.985    0.085   0.015

                                                                             0.500       -0.001 0.006 0.000 0.000 0.000 0.005

     6.0380    10.647     10.652   1     4.66     0.23      1.196    0.057   0.020
                                   2     0.61     1.03      1.225    0.216   0.223
                                   3     8.70     0.61      1.653    0.058   0.081

                                                                  Blatt   28

     Stat-km  Wsp-m+NN  hen-m+NN  IND  Lambd    Fl-qm   Umfg-m   v-m/s   Q-cbm/s

                                                                          Q-ges           hv-m  hr-m  h-bor h-ein h-ort h-m


                                                                             0.500       -0.002 0.073 0.000 0.000 0.000 0.071

     6.0890    10.721     10.730   1     8.13     0.61      1.862    0.039   0.028
                                   2     0.07     1.04      1.148    0.435   0.452
                                   3     7.05     0.50      1.748    0.039   0.019

                                                                             0.500        0.001 0.048 0.000 0.000 0.000 0.049

     6.1720    10.770     10.777   1     4.70     0.81      2.324    0.066   0.053
                                   2     0.10     0.95      1.073    0.414   0.394
                                   3     5.88     0.91      2.447    0.058   0.053

     Brueckenberechnung an Station km     6.174 : 


          Profil "3":

                                                                             0.500        0.006 0.001 0.000 0.000 0.000 0.006

     6.1735    10.776     10.778   2     0.09     2.94      6.010    0.170   0.500

         Profil "3": hr  m  a
             10.776     1.011     2.944

         ad  aue apl  apg 
              2.944     0.000     0.000     0.000

         Profil "2": hr  m  a
             10.781     1.025     2.971

         ad  aue apl  apg 
              2.971     0.000     0.000     0.000

         Profil "1": hr  m  a
             10.786     1.038     2.997

         ad  aue apl  apg 
              2.997     0.000     0.000     0.000

         wsp im ow (Profil "1") ermittelt aus Impulsbilanz

          Profil "1":

                                                                             0.500        0.006 0.000 0.000 0.000 0.000 0.006

     6.1745    10.786     10.787   2     0.12     3.00      6.063    0.167   0.500

                                                                             0.500       -0.001 0.000 0.000 0.000 0.000-0.001

     6.1770    10.785     10.789   1     0.49     0.68      2.104    0.127   0.087
                                   2     0.10     1.09      1.173    0.298   0.325
                                   3     0.62     0.76      2.224    0.116   0.088

                                                                  Blatt   29

     Stat-km  Wsp-m+NN  hen-m+NN  IND  Lambd    Fl-qm   Umfg-m   v-m/s   Q-cbm/s

                                                                          Q-ges           hv-m  hr-m  h-bor h-ein h-ort h-m


                                                                             0.500       -0.002 0.030 0.000 0.000 0.000 0.028

     6.2200    10.814     10.822   1     0.79     0.74      2.175    0.193   0.143
                                   2     0.37     0.70      0.874    0.258   0.181
                                   3     0.80     0.68      2.157    0.183   0.176

                                                                             0.500        0.000 0.027 0.000 0.000 0.000 0.026

     6.2480    10.840     10.848   1     1.30     0.81      2.289    0.130   0.108
                                   2     0.07     0.62      0.872    0.482   0.297
                                   3     0.47     0.51      1.957    0.186   0.094

     Durchflussaenderung bei Station km   6.257 :  Q =    0.40 m**3/s

                                                                             0.400        0.005 0.007 0.000 0.000 0.000 0.012

     6.2570    10.852     10.856   1     0.46     0.41      1.702    0.180   0.105
                                   2     0.27     0.66      0.792    0.245   0.161
                                   3     0.53     0.73      2.489    0.184   0.134

                                                                             0.400       -0.001 0.018 0.000 0.000 0.000 0.017

     6.2840    10.869     10.875   1     0.14     0.48      1.685    0.304   0.147
                                   2     0.71     0.44      0.632    0.115   0.051
                                   3     0.25     0.73      2.393    0.232   0.203

                                                                             0.400        0.000 0.019 0.000 0.000 0.000 0.019

     6.3110    10.888     10.894   1     0.39     0.38      1.531    0.208   0.079
                                   2     0.13     0.56      0.743    0.365   0.204
                                   3     0.50     0.62      2.272    0.191   0.118

                                                                             0.400        0.000 0.022 0.000 0.000 0.000 0.021

     6.3380    10.909     10.916   1     0.21     0.59      1.833    0.299   0.176
                                   2     0.23     0.58      0.860    0.257   0.148
                                   3     0.65     0.37      1.565    0.145   0.077

                                                                             0.400        0.000 0.013 0.000 0.000 0.000 0.013

     6.3580    10.927     10.934   1     0.79     0.38      1.578    0.114   0.047
                                   2     0.08     0.72      1.131    0.402   0.287
                                   3     0.51     0.47      2.129    0.135   0.064

                                                                             0.400        0.001 0.081 0.000 0.000 0.000 0.082

     6.5350    11.009     11.014   1     1.09     0.53      1.731    0.091   0.050
                                   2     0.07     0.79      1.210    0.369   0.290
                                   3     0.39     0.47      2.155    0.128   0.060

                                                                  Blatt   30

     Stat-km  Wsp-m+NN  hen-m+NN  IND  Lambd    Fl-qm   Umfg-m   v-m/s   Q-cbm/s

                                                                          Q-ges           hv-m  hr-m  h-bor h-ein h-ort h-m


                                                                             0.400        0.001 0.016 0.000 0.000 0.000 0.017

     6.5560    11.019     11.024   1     1.34     0.40      1.614    0.129   0.052
                                   2     0.22     0.66      1.022    0.347   0.230
                                   3     0.84     0.47      2.050    0.158   0.118

                                                                             0.400       -0.001 0.147 0.000 0.000 0.000 0.146

     6.7150    11.165     11.172   1     0.30     0.50      1.548    0.242   0.120
                                   2     0.13     0.49      0.685    0.320   0.158
                                   3     0.31     0.52      1.630    0.238   0.123

                                                                             0.400        0.000 0.002 0.000 0.000 0.000 0.002

     6.7175    11.166     11.174   1     0.25     0.50      1.550    0.253   0.126
                                   2     0.13     0.49      0.685    0.305   0.151
                                   3     0.29     0.53      1.644    0.234   0.124

                                                                             0.400       -0.003 0.002 0.000 0.000 0.000-0.001

     6.7200    11.166     11.178   1     0.28     0.62      1.859    0.304   0.188
                                   2     0.13     0.20      0.274    0.266   0.053
                                   3     0.26     0.51      1.595    0.310   0.159
