     Ergebnis der Wasserspiegellagenberechnung fuer HQ50                        
 
     04/21/05 11:50:55.73 Uhr    KALYPSO - 1D, VERSION 1.0.4 
 

                                                                  Blatt    1

     Stat-km  Wsp-m+NN  hen-m+NN  IND  Lambd    Fl-qm   Umfg-m   v-m/s   Q-cbm/s

                                                                          Q-ges           hv-m  hr-m  h-bor h-ein h-ort h-m


     Durchfluss bei Station km   3.393 :  Q =    8.21 m**3/s

         der Ausgangswasserspiegel wird als Grenztiefe angesetzt

         Stroemung schiessend. Weiter mit Grenztiefe                         8.211        0.000 1.672 0.000 0.000 0.000 1.672

     3.3930     9.201      9.589   1     0.11     0.36      1.966    1.460   0.531
                                   2     0.07     1.83      2.310    3.049   5.581
                                   3     0.13     0.99      2.322    2.117   2.100

                                                                             8.211        0.280 0.102 0.000 0.000 0.000 0.381

     3.4030     9.582      9.691   1     0.09     1.54      3.114    1.240   1.906
                                   2     0.07     2.02      1.640    1.394   2.822
                                   3     0.08     2.46      4.183    1.410   3.472

     Brueckenberechnung an Station km     3.407 : 


          Profil "3":

                                                                             8.211        0.013 0.003 0.000 0.000 0.000 0.017

     3.4040     9.599      9.694   2     0.09     6.02      8.257    1.365   8.209

         Profil "3": hr  m  a
              9.599     4.083     5.078

         ad  aue apl  apg 
              5.078     0.000     0.911     0.009

          Druckabfluss

         Profil "1": hr  m  a
              9.663     4.096     5.078

         ad  aue apl  apg 
              5.078     0.000     1.394     0.009

         Druckabfluss
         --> wsp im ow (profil "1") ermittelt aus Impulsbilanz

          Profil "1":

                                                                             8.211        0.027 0.000 0.000 0.000 0.000 0.027

     3.4070     9.663      9.745   2     0.08     6.50      8.386    1.264   8.211

                                                                             8.211       -0.007 0.008 0.000 0.000 0.000 0.000

     3.4100     9.664      9.760   1     0.09     2.00      3.452    1.243   2.484
                                   2     0.08     1.76      1.327    1.093   1.926
                                   3     0.08     2.89      4.564    1.318   3.810

                                                                  Blatt    2

     Stat-km  Wsp-m+NN  hen-m+NN  IND  Lambd    Fl-qm   Umfg-m   v-m/s   Q-cbm/s

                                                                          Q-ges           hv-m  hr-m  h-bor h-ein h-ort h-m


                                                                             8.211       -0.022 0.052 0.000 0.000 0.000 0.031

     3.4240     9.694      9.834   1     0.09     1.60      2.812    1.499   2.404
                                   2     0.07     2.33      1.598    1.668   3.878
                                   3     0.11     1.42      2.601    1.357   1.928

                                                                             8.211        0.078 0.263 0.000 0.000 0.000 0.341

     3.5060    10.035     10.096   1     0.15     2.31      3.906    0.737   1.702
                                   2     0.07     2.96      1.469    1.064   3.146
                                   3     0.08     3.50      6.865    0.960   3.364

                                                                             8.211       -0.003 0.110 0.000 0.000 0.000 0.106

     3.5760    10.142     10.209   1     0.10     1.58      5.647    0.533   0.841
                                   2     0.06     5.01      3.106    1.262   6.326
                                   3     0.10     1.53      3.736    0.689   1.051

                                                                             8.211        0.042 0.161 0.000 0.000 0.000 0.203

     3.7360    10.344     10.370   1     0.14     6.11      8.459    0.520   3.179
                                   2     0.07     3.18      1.583    0.674   2.139
                                   3     0.11     4.82      6.300    0.604   2.908

                                                                             8.211       -0.004 0.069 0.000 0.000 0.000 0.065

     3.8140    10.409     10.442   1     0.26     4.38      5.712    0.502   2.197
                                   2     0.07     3.03      1.485    0.845   2.559
                                   3     0.16     5.11      5.984    0.677   3.456

                                                                             8.211        0.015 0.090 0.000 0.000 0.000 0.105

     3.9110    10.515     10.533   1     0.58     7.38      7.445    0.321   2.371
                                   2     0.12     2.80      1.388    0.520   1.455
                                   3     0.13     6.99      8.300    0.632   4.413

                                                                             8.211        0.004 0.003 0.000 0.000 0.000 0.007

     3.9160    10.522     10.536   1     0.46    12.27     11.837    0.280   3.439
                                   2     0.07     2.75      1.387    0.513   1.412
                                   3     0.13     6.68      7.028    0.503   3.360

                                                                             8.211        0.007 0.002 0.000 0.000 0.000 0.009

     3.9210    10.531     10.538   1     0.20    21.20     16.760    0.296   6.281
                                   2     0.17     2.67      1.390    0.205   0.549
                                   3     0.16     6.69      6.958    0.286   1.911

                                                                             8.211        0.005 0.000 0.000 0.000 0.000 0.006

     3.9250    10.536     10.538   1     0.29    28.95     24.226    0.078   2.271
                                   2     0.05    24.28     13.151    0.216   5.241
                                   3     0.12     7.02      8.293    0.103   0.725

                                                                  Blatt    3

     Stat-km  Wsp-m+NN  hen-m+NN  IND  Lambd    Fl-qm   Umfg-m   v-m/s   Q-cbm/s

                                                                          Q-ges           hv-m  hr-m  h-bor h-ein h-ort h-m


                                                                             8.211       -0.003 0.000 0.001 0.000 0.000-0.002

     3.9310    10.535     10.539   1     0.52    17.13     14.784    0.148   2.528
                                   2     0.06     4.52      2.294    0.350   1.580
                                   3     0.11    14.45     15.860    0.284   4.103

                                                                             8.211       -0.015 0.002 0.005 0.000 0.000-0.008

     3.9370    10.526     10.546   1     0.27     4.97      4.778    0.372   1.848
                                   2     0.06     5.15      2.600    0.719   3.703
                                   3     0.13     5.78      7.468    0.460   2.659

                                                                             8.211       -0.008 0.036 0.000 0.000 0.000 0.028

     3.9980    10.555     10.590   1     0.06     3.40      6.228    0.722   2.457
                                   2     0.06     4.54      2.384    0.844   3.835
                                   3     0.06     2.95      6.077    0.656   1.935

     Brueckenberechnung an Station km     4.001 : 


          Profil "3":

                                                                             8.211        0.004 0.000 0.000 0.000 0.000 0.004

     3.9980    10.559     10.590   1     0.12     0.07      2.984    0.076   0.005
                                   2     0.06    10.44      9.041    0.784   8.185
                                   3     0.13     0.14      3.086    0.104   0.014

         Profil "3": hr  m  a
             10.559     8.386     8.053

         ad  aue apl  apg 
              7.684     0.370     2.400     0.046

          Druckabfluss

         Profil "1": hr  m  a
             10.581     8.408     8.288

         ad  aue apl  apg 
              7.684     0.604     2.400     0.046

         Druckabfluss
         --> wsp im ow (profil "1") ermittelt aus Impulsbilanz

          Profil "1":

                                                                             8.211        0.005 0.000 0.000 0.000 0.000 0.005

     4.0010    10.581     10.611   1     0.12     0.14      2.984    0.101   0.014
                                   2     0.05    10.61      9.041    0.770   8.172
                                   3     0.13     0.21      3.086    0.122   0.025

                                                                  Blatt    4

     Stat-km  Wsp-m+NN  hen-m+NN  IND  Lambd    Fl-qm   Umfg-m   v-m/s   Q-cbm/s

                                                                          Q-ges           hv-m  hr-m  h-bor h-ein h-ort h-m


                                                                             8.211        0.007 0.001 0.000 0.000 0.000 0.008

     4.0040    10.589     10.612   1     0.06     4.49      6.850    0.615   2.760
                                   2     0.06     3.94      1.888    0.586   2.310
                                   3     0.05     5.24      9.626    0.597   3.132

                                                                             8.211       -0.005 0.005 0.000 0.000 0.000 0.000

     4.0130    10.589     10.623   1     0.08     4.67      7.622    0.688   3.208
                                   2     0.06     4.26      2.185    0.876   3.735
                                   3     0.13     2.80      6.425    0.453   1.268

                                                                             8.211        0.018 0.064 0.000 0.000 0.000 0.082

     4.1130    10.671     10.687   1     0.09     6.35      8.279    0.553   3.508
                                   2     0.07     2.56      1.166    0.484   1.240
                                   3     0.17     8.78     12.442    0.395   3.466

                                                                             8.211       -0.007 0.127 0.000 0.000 0.000 0.120

     4.3080    10.792     10.823   1     0.10     5.09      5.757    0.764   3.886
                                   2     0.07     2.82      1.326    0.697   1.968
                                   3     0.17     4.46      5.946    0.536   2.389

                                                                             8.211        0.000 0.040 0.000 0.000 0.000 0.040

     4.3600    10.832     10.863   1     0.09     5.20      5.643    0.747   3.883
                                   2     0.07     3.07      1.549    0.686   2.108
                                   3     0.15     4.14      5.277    0.542   2.247

                                                                             8.211       -0.002 0.049 0.000 0.000 0.000 0.047

     4.4210    10.879     10.914   1     0.09     4.27      5.683    0.779   3.326
                                   2     0.06     3.52      1.576    0.798   2.807
                                   3     0.18     3.95      5.677    0.526   2.077

                                                                             8.211        0.010 0.037 0.000 0.000 0.000 0.047

     4.4660    10.927     10.951   1     0.11     4.65      5.495    0.681   3.161
                                   2     0.06     3.74      1.671    0.755   2.820
                                   3     0.18     4.58      6.301    0.494   2.265

                                                                             8.211       -0.007 0.053 0.000 0.000 0.000 0.046

     4.5250    10.973     11.012   1     0.14     4.38      5.693    0.672   2.940
                                   2     0.06     3.50      1.694    0.887   3.101
                                   3     0.25     4.30      5.496    0.513   2.209

                                                                             8.211       -0.005 0.040 0.000 0.000 0.000 0.036

     4.5600    11.008     11.057   1     0.17     3.05      4.215    0.655   1.996
                                   2     0.06     4.64      2.323    1.120   5.193
                                   3     0.54     2.81      3.879    0.364   1.022

     Brueckenberechnung an Station km     4.566 : 


          Profil "3":

                                                                  Blatt    5

     Stat-km  Wsp-m+NN  hen-m+NN  IND  Lambd    Fl-qm   Umfg-m   v-m/s   Q-cbm/s

                                                                          Q-ges           hv-m  hr-m  h-bor h-ein h-ort h-m


                                                                             8.211        0.032 0.002 0.000 0.000 0.000 0.034

     4.5630    11.043     11.059   2     0.09    14.43     12.645    0.569   8.207

         Profil "3": hr  m  a
             11.043    11.049    11.695

         ad  aue apl  apg 
             11.695     0.000     2.557     0.173

          Druckabfluss

         Profil "1": hr  m  a
             11.055    11.093    11.695

         ad  aue apl  apg 
             11.695     0.000     2.697     0.173

         Druckabfluss
         --> wsp im ow (profil "1") ermittelt aus Impulsbilanz

          Profil "1":

                                                                             8.211        0.032 0.000 0.000 0.000 0.000 0.032

     4.5660    11.055     11.071   2     0.07    14.57     12.670    0.564   8.211

                                                                             8.211       -0.010 0.002 0.001 0.000 0.000-0.007

     4.5700    11.048     11.074   1     0.75     3.32      4.387    0.238   1.031
                                   2     0.09     6.46      3.360    0.761   4.915
                                   3     0.08     3.31      4.677    0.680   2.253

                                                                             8.211       -0.005 0.008 0.000 0.000 0.000 0.003

     4.5800    11.050     11.087   1     0.21     4.04      4.924    0.516   2.088
                                   2     0.06     5.23      2.673    0.982   5.131
                                   3     0.27     2.55      4.071    0.389   0.991

                                                                             8.211        0.009 0.073 0.000 0.000 0.000 0.082

     4.6720    11.132     11.160   1     0.09     3.20      4.084    0.717   2.291
                                   2     0.06     3.84      1.841    0.781   2.994
                                   3     0.12     4.58      5.674    0.639   2.926

                                                                             8.211        0.004 0.029 0.000 0.000 0.000 0.034

     4.7240    11.166     11.189   1     0.28     3.55      4.541    0.295   1.046
                                   2     0.05     6.80      3.466    0.747   5.082
                                   3     0.09     3.94      4.858    0.532   2.096

                                                                  Blatt    6

     Stat-km  Wsp-m+NN  hen-m+NN  IND  Lambd    Fl-qm   Umfg-m   v-m/s   Q-cbm/s

                                                                          Q-ges           hv-m  hr-m  h-bor h-ein h-ort h-m


                                                                             8.211       -0.002 0.014 0.000 0.000 0.000 0.012

     4.7540    11.178     11.205   1     0.25     4.19      5.142    0.371   1.555
                                   2     0.07     3.28      1.567    0.605   1.982
                                   3     0.08     6.22      5.976    0.752   4.678

                                                                             8.211       -0.003 0.031 0.000 0.000 0.000 0.029

     4.7960    11.206     11.240   1     0.15     3.20      4.411    0.610   1.950
                                   2     0.06     3.71      1.788    0.871   3.232
                                   3     0.12     4.15      4.760    0.730   3.035

                                                                             8.211        0.013 0.080 0.000 0.000 0.000 0.094

     4.8880    11.300     11.320   1     0.12     5.75      7.354    0.624   3.591
                                   2     0.07     3.27      1.465    0.710   2.319
                                   3     0.29     5.40      6.319    0.426   2.303

                                                                             8.211        0.003 0.024 0.000 0.000 0.000 0.026

     4.9270    11.327     11.343   1     0.09     5.96      7.985    0.540   3.221
                                   2     0.06     4.17      1.983    0.616   2.566
                                   3     0.24     7.13      8.278    0.342   2.440

                                                                             8.211        0.002 0.006 0.000 0.000 0.000 0.008

     4.9410    11.334     11.350   1     0.14     6.80      7.299    0.495   3.363
                                   2     0.07     2.79      1.281    0.506   1.411
                                   3     0.20     8.33      9.117    0.413   3.443

                                                                             8.211        0.003 0.045 0.000 0.000 0.000 0.047

     5.0460    11.382     11.394   1     0.12     7.00      8.033    0.465   3.257
                                   2     0.06     3.90      1.854    0.559   2.179
                                   3     0.22     7.93      9.017    0.350   2.776

                                                                             8.211       -0.002 0.006 0.000 0.000 0.000 0.004

     5.0580    11.385     11.402   1     0.12     5.74      7.124    0.523   3.004
                                   2     0.06     4.05      1.932    0.673   2.723
                                   3     0.25     6.63      7.994    0.373   2.476

                                                                             8.211       -0.001 0.017 0.000 0.000 0.000 0.016

     5.0870    11.401     11.420   1     0.12     6.75      7.542    0.620   4.184
                                   2     0.07     3.09      1.462    0.638   1.968
                                   3     0.31     5.58      6.574    0.370   2.065

                                                                             8.211        0.000 0.009 0.000 0.000 0.000 0.009

     5.1020    11.410     11.429   1     0.12     5.26      5.971    0.566   2.980
                                   2     0.07     3.26      1.495    0.617   2.013
                                   3     0.14     6.22      7.529    0.518   3.218

                                                                  Blatt    7

     Stat-km  Wsp-m+NN  hen-m+NN  IND  Lambd    Fl-qm   Umfg-m   v-m/s   Q-cbm/s

                                                                          Q-ges           hv-m  hr-m  h-bor h-ein h-ort h-m


                                                                             8.211       -0.008 0.053 0.000 0.000 0.000 0.045

     5.1810    11.455     11.490   1     0.08     4.79      7.672    0.679   3.252
                                   2     0.07     2.69      1.199    0.631   1.697
                                   3     0.10     4.87      6.825    0.669   3.262

                                                                             8.211        0.015 0.041 0.000 0.000 0.000 0.056

     5.2530    11.511     11.531   1     0.06     7.08      8.016    0.647   4.576
                                   2     0.07     2.69      1.153    0.432   1.163
                                   3     0.18     5.99      5.698    0.412   2.472

                                                                             8.211        0.004 0.022 0.000 0.000 0.000 0.026

     5.3110    11.537     11.553   1     0.08     7.34      8.368    0.597   4.386
                                   2     0.07     2.83      1.271    0.470   1.327
                                   3     0.23     6.65      6.356    0.376   2.497

                                                                             8.211       -0.002 0.031 0.000 0.000 0.000 0.029

     5.3950    11.566     11.586   1     0.06     5.47      6.560    0.613   3.352
                                   2     0.07     3.21      1.722    0.486   1.560
                                   3     0.09     6.46      7.468    0.510   3.299

                                                                             8.211       -0.011 0.003 0.001 0.000 0.000-0.007

     5.4010    11.560     11.590   1     0.06     3.31      4.720    0.769   2.542
                                   2     0.08     3.13      1.907    0.603   1.888
                                   3     0.13     6.61      7.380    0.573   3.787

                                                                             8.211        0.011 0.008 0.000 0.000 0.000 0.019

     5.4150    11.578     11.597   1     0.06     5.64      8.279    0.610   3.435
                                   2     0.07     4.29      2.519    0.605   2.593
                                   3     0.19     5.43      5.970    0.405   2.202

                                                                             8.211        0.007 0.018 0.000 0.000 0.000 0.024

     5.4690    11.602     11.615   1     0.06     4.18      7.394    0.386   1.610
                                   2     0.07     9.47      5.583    0.533   5.047
                                   3     0.08     4.49      7.316    0.354   1.588

     Brueckenberechnung an Station km     5.472 : 


          Profil "3":

                                                                             8.211       -0.012 0.000 0.002 0.000 0.000-0.010

     5.4690    11.592     11.617   1     0.12     0.93      3.161    0.285   0.265
                                   2     0.07    10.79      8.773    0.714   7.705
                                   3     0.11     0.85      3.085    0.281   0.239

                                                                  Blatt    8

     Stat-km  Wsp-m+NN  hen-m+NN  IND  Lambd    Fl-qm   Umfg-m   v-m/s   Q-cbm/s

                                                                          Q-ges           hv-m  hr-m  h-bor h-ein h-ort h-m


         Profil "3": hr  m  a
             11.592     8.329     9.390

         ad  aue apl  apg 
              6.207     3.183     2.172     0.164

          Druckabfluss

         Profil "1": hr  m  a
             11.609     8.363     9.565

         ad  aue apl  apg 
              6.207     3.358     2.172     0.164

         Druckabfluss
         --> wsp im ow (profil "1") ermittelt aus Impulsbilanz

          Profil "1":

                                                                             8.211       -0.012 0.000 0.002 0.000 0.000-0.010

     5.4720    11.609     11.633   1     0.11     0.98      3.161    0.267   0.263
                                   2     0.06    10.92      8.773    0.706   7.707
                                   3     0.11     0.90      3.085    0.267   0.241

                                                                             8.211       -0.001 0.001 0.000 0.000 0.000 0.000

     5.4750    11.609     11.635   1     0.07     5.00      6.613    0.627   3.136
                                   2     0.07     2.88      1.470    0.545   1.568
                                   3     0.07     5.39      6.771    0.651   3.512

                                                                             8.211        0.000 0.005 0.000 0.000 0.000 0.005

     5.4810    11.614     11.639   1     0.17     5.83      7.547    0.610   3.560
                                   2     0.17     3.15      2.195    0.516   1.626
                                   3     0.13     5.16      6.403    0.691   3.567

                                                                             8.211       -0.015 0.077 0.000 0.000 0.000 0.063

     5.5090    11.677     11.731   1     0.12     2.01      5.547    1.031   2.074
                                   2     0.16     3.23      3.558    1.096   3.544
                                   3     0.20     2.94      4.773    1.053   3.091

                                                                             8.211       -0.079 0.295 0.000 0.000 0.000 0.216

     5.5590    11.892     12.105   1     0.13     0.39      1.544    1.073   0.418
                                   2     0.07     3.34      5.129    2.147   7.177
                                   3     0.13     0.56      2.153    1.116   0.619

     Brueckenberechnung an Station km     5.609 : 


          Profil "3":

                                                                  Blatt    9

     Stat-km  Wsp-m+NN  hen-m+NN  IND  Lambd    Fl-qm   Umfg-m   v-m/s   Q-cbm/s

                                                                          Q-ges           hv-m  hr-m  h-bor h-ein h-ort h-m


                                                                             8.211       -0.055 0.089 0.000 0.002 0.000 0.035

     5.5690    11.928     12.251   2     0.07     3.26      6.222    2.518   8.211


          Druck- und Wehrabfluss
          ----------------------
          Q-Wehr   =      0.000
          Q-Druck  =      8.211
          Q-Gesamt =      8.211

          Profil "1":

                                                                             8.211        0.066 0.000 0.000 0.001 0.000 0.067

     5.6090    13.110     13.257   2     0.07     4.84      8.586    1.697   8.211

          Profil "b":

                                                                             8.211        0.122 0.011 0.000 0.007 0.000 0.141

     5.6140    13.250     13.275   1     0.04     5.40      4.694    0.741   4.000
                                   2     0.07     4.96      1.336    0.386   1.916
                                   3     0.02     3.78      7.218    0.607   2.295

                                                                             8.211        0.021 0.003 0.000 0.000 0.000 0.023

     5.6310    13.273     13.277   1     0.23     8.95      7.251    0.180   1.671
                                   2     0.11    18.30      6.337    0.304   5.560
                                   3     0.21     5.38      7.061    0.149   0.980

                                                                             8.211        0.001 0.001 0.000 0.000 0.000 0.002

     5.6400    13.276     13.278   1     0.27    12.24      7.783    0.277   3.384
                                   2     0.23     8.83      2.833    0.233   2.056
                                   3     0.34    15.01     10.370    0.236   3.547

     Durchflussaenderung bei Station km   5.670 :  Q =    6.27 m**3/s

                                                                             6.270        0.001 0.003 0.000 0.000 0.000 0.003

     5.6700    13.279     13.281   1     0.07    16.39      7.178    0.192   3.152
                                   2     0.07     6.05      1.833    0.108   0.651
                                   3     0.07    15.46     10.517    0.159   2.463

                                                                             6.270       -0.004 0.000 0.001 0.000 0.000-0.003

     5.6850    13.276     13.283   1     0.15    17.08      7.141    0.229   3.918
                                   2     0.10     2.65      0.744    0.104   0.274
                                   3     0.25    12.92      6.744    0.161   2.075

                                                                             6.270        0.004 0.001 0.000 0.000 0.000 0.006

     5.7300    13.282     13.284   1     0.10    12.83      5.958    0.163   2.091
                                   2     0.05    18.58      6.520    0.195   3.628
                                   3     0.36     6.91      3.762    0.080   0.569

     Brueckenberechnung an Station km     5.733 : 


          Profil "3":

                                                                  Blatt   10

     Stat-km  Wsp-m+NN  hen-m+NN  IND  Lambd    Fl-qm   Umfg-m   v-m/s   Q-cbm/s

                                                                          Q-ges           hv-m  hr-m  h-bor h-ein h-ort h-m


                                                                             6.270        0.000 0.000 0.000 0.000 0.000 0.000

     5.7300    13.282     13.284   1     0.04     6.48      3.291    0.215   1.391
                                   2     0.06    25.24      9.623    0.167   4.217
                                   3     0.16     6.39      3.433    0.104   0.663

         Profil "3": hr  m  a
             13.282    39.186    29.170

         ad  aue apl  apg 
              6.168    23.002     2.305     0.151

          Druckabfluss

         Profil "1": hr  m  a
             13.280    39.095    29.137

         ad  aue apl  apg 
              6.168    22.969     2.305     0.151

         Druckabfluss
         --> wsp im ow (profil "1") ermittelt aus Impulsbilanz

          Profil "1":

                                                                             6.270        0.000 0.000 0.000 0.000 0.000 0.000

     5.7330    13.280     13.281   1     0.06     6.47      3.291    0.173   1.119
                                   2     0.06    25.21      9.623    0.178   4.489
                                   3     0.16     6.38      3.433    0.104   0.662

                                                                             6.270        0.000 0.000 0.000 0.000 0.000 0.000

     5.7360    13.280     13.281   1     0.35    14.32      6.227    0.191   2.735
                                   2     0.17     9.02      2.678    0.178   1.608
                                   3     0.45    14.42      6.460    0.166   2.391

                                                                             6.270       -0.001 0.004 0.000 0.000 0.000 0.003

     5.7930    13.283     13.287   1     0.22    11.91      5.425    0.244   2.908
                                   2     0.14     6.72      2.247    0.185   1.243
                                   3     0.63    16.28      7.917    0.140   2.276

                                                                             6.270       -0.001 0.005 0.000 0.000 0.000 0.003

     5.8480    13.286     13.292   1     0.18    13.17      6.479    0.284   3.736
                                   2     0.16     3.86      1.357    0.143   0.554
                                   3     0.53    13.19      6.152    0.168   2.215

                                                                  Blatt   11

     Stat-km  Wsp-m+NN  hen-m+NN  IND  Lambd    Fl-qm   Umfg-m   v-m/s   Q-cbm/s

                                                                          Q-ges           hv-m  hr-m  h-bor h-ein h-ort h-m


                                                                             6.270        0.003 0.010 0.000 0.000 0.000 0.013

     5.9180    13.300     13.302   1     0.28    11.61      7.345    0.295   3.429
                                   2     0.33     5.41      1.656    0.171   0.923
                                   3     0.42    12.00      6.113    0.267   3.202

                                                                             6.270        0.000 0.012 0.000 0.000 0.000 0.011

     5.9950    13.311     13.314   1     0.30    11.04      6.207    0.219   2.416
                                   2     0.13     7.01      2.233    0.222   1.558
                                   3     0.27    11.78      7.287    0.220   2.593

                                                                             6.270        0.002 0.001 0.000 0.000 0.000 0.003

     6.0060    13.313     13.315   1     0.08    11.51      6.911    0.127   1.465
                                   2     0.04    17.74      5.170    0.162   2.874
                                   3     0.08    13.85      7.340    0.139   1.927

     Brueckenberechnung an Station km     6.020 : 


          Profil "3":

                                                                             6.270       -0.001 0.000 0.000 0.000 0.000-0.001

     6.0140    13.313     13.315   1     0.07     8.08      6.060    0.196   1.584
                                   2     0.08    14.83      8.582    0.180   2.668
                                   3     0.06     9.94      7.412    0.203   2.018

         Profil "3": hr  m  a
             13.313    20.448    17.609

         ad  aue apl  apg 
              3.737    13.873     4.012     1.287

          Druckabfluss

         Profil "1": hr  m  a
             13.312    20.397    17.603

         ad  aue apl  apg 
              3.737    13.867     4.012     1.287

         Druckabfluss
         --> wsp im ow (profil "1") ermittelt aus Impulsbilanz

          Profil "1":

                                                                             6.270       -0.001 0.000 0.000 0.000 0.000-0.001

     6.0200    13.312     13.314   1     0.07     8.08      6.060    0.173   1.399
                                   2     0.05    14.83      8.582    0.208   3.091
                                   3     0.06     9.94      7.412    0.179   1.782

          Profil "b":

                                                                  Blatt   11

     Stat-km  Wsp-m+NN  hen-m+NN  IND  Lambd    Fl-qm   Umfg-m   v-m/s   Q-cbm/s

                                                                          Q-ges           hv-m  hr-m  h-bor h-ein h-ort h-m


                                                                             6.270        0.001 0.000 0.000 0.000 0.000 0.001

     6.0250    13.313     13.315   1     0.08    10.88      6.403    0.134   1.457
                                   2     0.04    17.47      5.170    0.164   2.872
                                   3     0.07    13.51      7.340    0.144   1.941

                                                                             6.270       -0.003 0.000 0.001 0.000 0.000-0.002

     6.0330    13.312     13.316   1     1.32    17.25     10.403    0.084   1.456
                                   2     0.05     8.82      2.562    0.319   2.811
                                   3     0.18     9.24      6.344    0.215   1.986

                                                                             6.270       -0.009 0.001 0.003 0.000 0.000-0.006

     6.0380    13.306     13.320   1     1.89    10.14      7.157    0.155   2.139
                                   2    10.28     4.25      1.225    0.040   0.171
                                   3     0.71    14.55      8.950    0.270   3.931

                                                                             6.270        0.004 0.019 0.000 0.000 0.000 0.023

     6.0890    13.329     13.339   1     2.90    14.23      8.859    0.119   1.688
                                   2    26.07     4.03      1.148    0.022   0.088
                                   3     0.56    13.43      7.096    0.293   4.490

     Durchflussaenderung bei Station km   6.172 :  Q =    3.53 m**3/s

                                                                             3.527        0.008 0.015 0.000 0.000 0.000 0.023

     6.1720    13.353     13.354   1     1.16    17.14      7.986    0.080   1.378
                                   2     0.09     3.72      1.073    0.136   0.506
                                   3     0.65    15.44      7.180    0.107   1.655

     Brueckenberechnung an Station km     6.174 : 


          Profil "3":

                                                                             3.527        0.001 0.000 0.000 0.000 0.000 0.001

     6.1735    13.353     13.354   1     0.24     8.24      4.409    0.051   0.419
                                   2     0.05    22.46      8.866    0.111   2.497
                                   3     0.06     6.20      3.332    0.099   0.611

         Profil "3": hr  m  a
             13.353    36.281    28.370

         ad  aue apl  apg 
              5.642    22.728     2.300     0.000

                                                                  Blatt   12

     Stat-km  Wsp-m+NN  hen-m+NN  IND  Lambd    Fl-qm   Umfg-m   v-m/s   Q-cbm/s

                                                                          Q-ges           hv-m  hr-m  h-bor h-ein h-ort h-m


          Druckabfluss

         Profil "1": hr  m  a
             13.351    36.201    28.337

         ad  aue apl  apg 
              5.642    22.695     2.300     0.000

         Druckabfluss
         --> wsp im ow (profil "1") ermittelt aus Impulsbilanz

          Profil "1":

                                                                             3.527        0.001 0.000 0.000 0.000 0.000 0.001

     6.1745    13.351     13.351   1     0.24     8.23      4.409    0.058   0.477
                                   2     0.07    22.44      8.866    0.105   2.359
                                   3     0.06     6.20      3.332    0.113   0.700

                                                                             3.527       -0.001 0.000 0.000 0.000 0.000-0.001

     6.1770    13.350     13.351   1     0.37     9.69      4.299    0.163   1.580
                                   2     0.08     4.08      1.173    0.162   0.661
                                   3     0.69    10.58      4.567    0.122   1.286

                                                                             3.527        0.000 0.001 0.000 0.000 0.000 0.002

     6.2200    13.352     13.353   1     0.14    14.75      6.936    0.111   1.632
                                   2     0.10     2.78      0.874    0.055   0.154
                                   3     0.13    14.60      6.533    0.119   1.741

                                                                             3.527        0.000 0.001 0.000 0.000 0.000 0.001

     6.2480    13.353     13.353   1     0.40    15.26      7.060    0.114   1.749
                                   2     0.09     2.54      0.872    0.097   0.247
                                   3     0.44    13.71      6.046    0.112   1.534

                                                                             3.527        0.000 0.000 0.000 0.000 0.000 0.000

     6.2570    13.353     13.354   1     0.30    12.14      5.800    0.137   1.668
                                   2     0.17     2.64      0.792    0.075   0.198
                                   3     0.48    15.50      6.910    0.113   1.746

                                                                             3.527        0.000 0.001 0.000 0.000 0.000 0.001

     6.2840    13.354     13.355   1     0.23    12.60      5.891    0.141   1.771
                                   2     2.99     1.86      0.632    0.014   0.026
                                   3     0.41    14.86      6.448    0.110   1.726

                                                                             3.527        0.000 0.001 0.000 0.000 0.000 0.001

     6.3110    13.354     13.356   1     0.16    12.22      5.838    0.161   1.964
                                   2     0.11     2.39      0.743    0.080   0.191
                                   3     0.46    13.73      5.974    0.100   1.376

                                                                  Blatt   13

     Stat-km  Wsp-m+NN  hen-m+NN  IND  Lambd    Fl-qm   Umfg-m   v-m/s   Q-cbm/s

                                                                          Q-ges           hv-m  hr-m  h-bor h-ein h-ort h-m


                                                                             3.527        0.000 0.001 0.000 0.000 0.000 0.001

     6.3380    13.355     13.356   1     0.15    14.81      7.226    0.154   2.287
                                   2     0.10     2.66      0.860    0.081   0.216
                                   3     0.44    10.78      4.644    0.095   1.024

                                                                             3.527        0.000 0.001 0.000 0.000 0.000 0.001

     6.3580    13.356     13.357   1     0.31    12.59      6.383    0.143   1.802
                                   2     8.00     3.41      1.131    0.014   0.047
                                   3     0.51    12.67      5.304    0.123   1.681

                                                                             3.527        0.000 0.010 0.000 0.000 0.000 0.010

     6.5350    13.365     13.366   1     0.83    12.27      5.758    0.123   1.504
                                   2     5.11     3.55      1.210    0.024   0.085
                                   3     0.68    12.58      5.460    0.141   1.941

                                                                             3.527        0.000 0.002 0.000 0.000 0.000 0.002

     6.5560    13.366     13.367   1     0.80    11.87      5.921    0.120   1.433
                                   2     0.11     3.02      1.022    0.152   0.459
                                   3     0.76    12.35      5.448    0.131   1.626

                                                                             3.527       -0.001 0.013 0.000 0.000 0.000 0.012

     6.7150    13.378     13.381   1     0.48    10.94      6.360    0.153   1.674
                                   2     0.11     2.01      0.685    0.135   0.271
                                   3     0.55    11.10      6.531    0.143   1.582

                                                                             3.527        0.000 0.000 0.000 0.000 0.000 0.000

     6.7175    13.378     13.381   1     0.44    10.93      6.360    0.154   1.686
                                   2     0.11     2.01      0.685    0.130   0.261
                                   3     0.51    11.11      6.531    0.142   1.578

                                                                             3.527       -0.001 0.000 0.000 0.000 0.000-0.001

     6.7200    13.377     13.381   1     0.46    11.20      6.068    0.164   1.838
                                   2     0.13     0.81      0.274    0.084   0.067
                                   3     0.45     9.99      5.661    0.162   1.622
