
b a s i s a b f l u s z    in m**3/s 

 simulationszeitraum:   von  950831   0 uhr   bis  950915   0 uhr            0.250


    1800       1    1440

   0.003    0.003    0.003    0.003    0.003    0.003    0.003    0.003    0.003    0.003
   0.003    0.003    0.003    0.003    0.003    0.003    0.003    0.003    0.003    0.003
   0.003    0.003    0.003    0.003    0.003    0.003    0.003    0.003    0.003    0.003
   0.003    0.003    0.003    0.003    0.003    0.003    0.003    0.003    0.003    0.003
   0.003    0.003    0.003    0.003    0.003    0.003    0.003    0.003    0.003    0.003
   0.003    0.003    0.003    0.003    0.003    0.003    0.003    0.003    0.003    0.003
   0.003    0.003    0.003    0.003    0.003    0.003    0.003    0.003    0.003    0.003
   0.003    0.003    0.003    0.003    0.003    0.003    0.003    0.003    0.003    0.003
   0.003    0.003    0.003    0.003    0.003    0.003    0.003    0.003    0.003    0.003
   0.003    0.003    0.003    0.003    0.003    0.003    0.003    0.003    0.003    0.003
   0.003    0.003    0.003    0.003    0.003    0.003    0.003    0.003    0.003    0.003
   0.003    0.003    0.003    0.003    0.003    0.003    0.003    0.003    0.003    0.003
   0.003    0.003    0.003    0.003    0.003    0.003    0.003    0.003    0.003    0.003
   0.003    0.003    0.003    0.003    0.003    0.003    0.003    0.003    0.003    0.003
   0.003    0.003    0.003    0.003    0.003    0.003    0.003    0.003    0.003    0.003
   0.003    0.003    0.003    0.003    0.003    0.003    0.003    0.003    0.003    0.003
   0.003    0.003    0.003    0.003    0.003    0.003    0.003    0.003    0.003    0.003
   0.003    0.003    0.003    0.003    0.003    0.003    0.003    0.003    0.003    0.003
   0.003    0.003    0.003    0.003    0.003    0.003    0.003    0.003    0.003    0.003
   0.003    0.003    0.003    0.003    0.003    0.003    0.003    0.003    0.003    0.003
   0.003    0.003    0.003    0.003    0.003    0.003    0.003    0.003    0.003    0.003
   0.003    0.003    0.003    0.003    0.003    0.003    0.003    0.003    0.003    0.003
   0.003    0.003    0.003    0.003    0.003    0.003    0.003    0.003    0.003    0.003
   0.003    0.003    0.003    0.003    0.003    0.003    0.003    0.003    0.003    0.003
   0.003    0.003    0.003    0.003    0.003    0.003    0.003    0.003    0.003    0.003
   0.003    0.003    0.003    0.003    0.003    0.003    0.003    0.003    0.003    0.003
   0.003    0.003    0.003    0.003    0.003    0.003    0.003    0.003    0.003    0.003
   0.003    0.003    0.003    0.003    0.003    0.003    0.003    0.003    0.003    0.003
   0.003    0.003    0.003    0.003    0.003    0.003    0.003    0.003    0.003    0.003
   0.003    0.003    0.003    0.003    0.003    0.003    0.003    0.003    0.003    0.003
   0.003    0.003    0.003    0.003    0.003    0.003    0.003    0.003    0.003    0.003
   0.003    0.003    0.003    0.003    0.003    0.003    0.003    0.003    0.003    0.003
   0.003    0.003    0.003    0.003    0.003    0.003    0.003    0.003    0.003    0.003
   0.003    0.003    0.003    0.003    0.003    0.003    0.003    0.003    0.003    0.003
   0.003    0.003    0.003    0.003    0.003    0.003    0.003    0.003    0.003    0.003
   0.003    0.003    0.003    0.003    0.003    0.003    0.003    0.003    0.003    0.003
   0.003    0.003    0.003    0.003    0.003    0.003    0.003    0.003    0.003    0.003
   0.003    0.003    0.003    0.003    0.003    0.003    0.003    0.003    0.003    0.003
   0.003    0.003    0.003    0.003    0.003    0.003    0.003    0.003    0.003    0.003
   0.003    0.003    0.003    0.003    0.003    0.003    0.003    0.003    0.003    0.003
   0.003    0.003    0.003    0.003    0.003    0.003    0.003    0.003    0.003    0.003
   0.003    0.003    0.003    0.003    0.003    0.003    0.003    0.003    0.003    0.003
   0.003    0.003    0.003    0.003    0.003    0.003    0.003    0.003    0.003    0.003
   0.003    0.003    0.003    0.003    0.003    0.003    0.003    0.003    0.003    0.003
   0.003    0.003    0.003    0.003    0.003    0.003    0.003    0.003    0.003    0.003
   0.003    0.003    0.003    0.003    0.003    0.003    0.003    0.003    0.003    0.003
   0.003    0.003    0.003    0.003    0.003    0.003    0.003    0.003    0.003    0.003
   0.003    0.003    0.003    0.003    0.003    0.003    0.003    0.003    0.003    0.003
   0.003    0.003    0.003    0.003    0.003    0.003    0.003    0.003    0.003    0.003
   0.003    0.003    0.003    0.003    0.003    0.003    0.003    0.003    0.003    0.003
   0.003    0.003    0.003    0.003    0.003    0.003    0.003    0.003    0.003    0.003
   0.003    0.003    0.003    0.003    0.003    0.003    0.003    0.003    0.003    0.003
   0.003    0.003    0.003    0.003    0.003    0.003    0.003    0.003    0.003    0.003
   0.003    0.003    0.003    0.003    0.003    0.003    0.003    0.003    0.003    0.003
   0.003    0.003    0.003    0.003    0.003    0.003    0.003    0.003    0.003    0.003
   0.003    0.003    0.003    0.003    0.003    0.003    0.003    0.003    0.003    0.003
   0.003    0.003    0.003    0.003    0.003    0.003    0.003    0.003    0.003    0.003
   0.003    0.003    0.003    0.003    0.003    0.003    0.003    0.003    0.003    0.003
   0.003    0.003    0.003    0.003    0.003    0.003    0.003    0.003    0.003    0.003
   0.003    0.003    0.003    0.003    0.003    0.003    0.003    0.003    0.003    0.003
   0.003    0.003    0.003    0.003    0.003    0.003    0.003    0.003    0.003    0.003
   0.003    0.003    0.003    0.003    0.003    0.003    0.003    0.003    0.003    0.003
   0.003    0.003    0.003    0.003    0.003    0.003    0.003    0.003    0.003    0.003
   0.003    0.003    0.003    0.003    0.003    0.003    0.003    0.003    0.003    0.003
   0.003    0.003    0.003    0.003    0.003    0.003    0.003    0.003    0.003    0.003
   0.003    0.003    0.003    0.003    0.003    0.003    0.003    0.003    0.003    0.003
   0.003    0.003    0.003    0.003    0.003    0.003    0.003    0.003    0.003    0.003
   0.003    0.003    0.003    0.003    0.003    0.003    0.003    0.003    0.003    0.003
   0.003    0.003    0.003    0.003    0.003    0.003    0.003    0.003    0.003    0.003
   0.003    0.003    0.003    0.003    0.003    0.003    0.003    0.003    0.003    0.003
   0.003    0.003    0.003    0.003    0.003    0.003    0.003    0.003    0.003    0.003
   0.003    0.003    0.003    0.003    0.003    0.003    0.003    0.003    0.003    0.003
   0.003    0.003    0.003    0.003    0.003    0.003    0.003    0.003    0.003    0.003
   0.003    0.003    0.003    0.003    0.003    0.003    0.003    0.003    0.003    0.003
   0.003    0.003    0.003    0.003    0.003    0.003    0.003    0.003    0.003    0.003
   0.003    0.003    0.003    0.003    0.003    0.003    0.003    0.003    0.003    0.003
   0.003    0.003    0.003    0.003    0.003    0.003    0.003    0.003    0.003    0.003
   0.003    0.003    0.003    0.003    0.003    0.003    0.003    0.003    0.003    0.003
   0.003    0.003    0.003    0.003    0.003    0.003    0.003    0.003    0.003    0.003
   0.003    0.003    0.003    0.003    0.003    0.003    0.003    0.003    0.003    0.003
   0.003    0.003    0.003    0.003    0.003    0.003    0.003    0.003    0.003    0.003
   0.003    0.003    0.003    0.003    0.003    0.003    0.003    0.003    0.003    0.003
   0.003    0.003    0.003    0.003    0.003    0.003    0.003    0.003    0.003    0.003
   0.003    0.003    0.003    0.003    0.003    0.003    0.003    0.003    0.003    0.003
   0.003    0.003    0.003    0.003    0.003    0.003    0.003    0.003    0.003    0.003
   0.003    0.003    0.003    0.003    0.003    0.003    0.003    0.003    0.003    0.003
   0.003    0.003    0.003    0.003    0.003    0.003    0.003    0.003    0.003    0.003
   0.003    0.003    0.003    0.003    0.003    0.003    0.003    0.003    0.003    0.003
   0.003    0.003    0.003    0.003    0.003    0.003    0.003    0.003    0.003    0.003
   0.003    0.003    0.003    0.003    0.003    0.003    0.003    0.003    0.003    0.003
   0.003    0.003    0.003    0.003    0.003    0.003    0.003    0.003    0.003    0.003
   0.003    0.003    0.003    0.003    0.003    0.003    0.003    0.003    0.003    0.003
   0.003    0.003    0.003    0.003    0.003    0.003    0.003    0.003    0.003    0.003
   0.003    0.003    0.003    0.003    0.003    0.003    0.003    0.003    0.003    0.003
   0.003    0.003    0.003    0.003    0.003    0.003    0.003    0.003    0.003    0.003
   0.003    0.003    0.003    0.003    0.003    0.003    0.003    0.003    0.003    0.003
   0.003    0.003    0.003    0.003    0.003    0.003    0.003    0.003    0.003    0.003
   0.003    0.003    0.003    0.003    0.003    0.003    0.003    0.003    0.003    0.003
   0.003    0.003    0.003    0.003    0.003    0.003    0.003    0.003    0.003    0.003
   0.003    0.003    0.003    0.003    0.003    0.003    0.003    0.003    0.003    0.003
   0.003    0.003    0.003    0.003    0.003    0.003    0.003    0.003    0.003    0.003
   0.003    0.003    0.003    0.003    0.003    0.003    0.003    0.003    0.003    0.003
   0.003    0.003    0.003    0.003    0.003    0.003    0.003    0.003    0.003    0.003
   0.003    0.003    0.003    0.003    0.003    0.003    0.003    0.003    0.003    0.003
   0.003    0.003    0.003    0.003    0.003    0.003    0.003    0.003    0.003    0.003
   0.003    0.003    0.003    0.003    0.003    0.003    0.003    0.003    0.003    0.003
   0.003    0.003    0.003    0.003    0.003    0.003    0.003    0.003    0.003    0.003
   0.003    0.003    0.003    0.003    0.003    0.003    0.003    0.003    0.003    0.003
   0.003    0.003    0.003    0.003    0.003    0.003    0.003    0.003    0.003    0.003
   0.003    0.003    0.003    0.003    0.003    0.003    0.003    0.003    0.003    0.003
   0.003    0.003    0.003    0.003    0.003    0.003    0.003    0.003    0.003    0.003
   0.003    0.003    0.003    0.003    0.003    0.003    0.003    0.003    0.003    0.003
   0.003    0.003    0.003    0.003    0.003    0.003    0.003    0.003    0.003    0.003
   0.003    0.003    0.003    0.003    0.003    0.003    0.003    0.003    0.003    0.003
   0.003    0.003    0.003    0.003    0.003    0.003    0.003    0.003    0.003    0.003
   0.003    0.003    0.003    0.003    0.003    0.003    0.003    0.003    0.003    0.003
   0.003    0.003    0.003    0.003    0.003    0.003    0.003    0.003    0.003    0.003
   0.003    0.003    0.003    0.003    0.003    0.003    0.003    0.003    0.003    0.003
   0.003    0.003    0.003    0.003    0.003    0.003    0.003    0.003    0.003    0.003
   0.003    0.003    0.003    0.003    0.003    0.003    0.003    0.003    0.003    0.003
   0.003    0.003    0.003    0.003    0.003    0.003    0.003    0.003    0.003    0.003
   0.003    0.003    0.003    0.003    0.003    0.003    0.003    0.003    0.003    0.003
   0.003    0.003    0.003    0.003    0.003    0.003    0.003    0.003    0.003    0.003
   0.003    0.003    0.003    0.003    0.003    0.003    0.003    0.003    0.003    0.003
   0.003    0.003    0.003    0.003    0.003    0.003    0.003    0.003    0.003    0.003
   0.003    0.003    0.003    0.003    0.003    0.003    0.003    0.003    0.003    0.003
   0.003    0.003    0.003    0.003    0.003    0.003    0.003    0.003    0.003    0.003
   0.003    0.003    0.003    0.003    0.003    0.003    0.003    0.003    0.003    0.003
   0.003    0.003    0.003    0.003    0.003    0.003    0.003    0.003    0.003    0.003
   0.003    0.003    0.003    0.003    0.003    0.003    0.003    0.003    0.003    0.003
   0.003    0.003    0.003    0.003    0.003    0.003    0.003    0.003    0.003    0.003
   0.003    0.003    0.003    0.003    0.003    0.003    0.003    0.003    0.003    0.003
   0.003    0.003    0.003    0.003    0.003    0.003    0.003    0.003    0.003    0.003
   0.003    0.003    0.003    0.003    0.003    0.003    0.003    0.003    0.003    0.003
   0.003    0.003    0.003    0.003    0.003    0.003    0.003    0.003    0.003    0.003
   0.003    0.003    0.003    0.003    0.003    0.003    0.003    0.003    0.003    0.003
   0.003    0.003    0.003    0.003    0.003    0.003    0.003    0.003    0.003    0.003
   0.003    0.003    0.003    0.003    0.003    0.003    0.003    0.003    0.003    0.003
   0.003    0.003    0.003    0.003    0.003    0.003    0.003    0.003    0.003    0.003
   0.003    0.003    0.003    0.003    0.003    0.003    0.003    0.003    0.003    0.003
   0.003    0.003    0.003    0.003    0.003    0.003    0.003    0.003    0.003    0.003
   0.003    0.003    0.003    0.003    0.003    0.003    0.003    0.003    0.003    0.003
   0.003    0.003    0.003    0.003    0.003    0.003    0.003    0.003    0.003    0.003
   0.003    0.003    0.003    0.003    0.003    0.003    0.003    0.003    0.003    0.003

    1700       1    1440

   0.150    0.150    0.151    0.151    0.151    0.152    0.152    0.152    0.153    0.153
   0.153    0.154    0.154    0.154    0.155    0.155    0.155    0.155    0.156    0.156
   0.156    0.157    0.157    0.157    0.158    0.158    0.158    0.158    0.159    0.159
   0.159    0.159    0.160    0.160    0.160    0.161    0.161    0.161    0.161    0.162
   0.162    0.162    0.162    0.163    0.163    0.163    0.163    0.164    0.164    0.164
   0.164    0.164    0.165    0.165    0.165    0.165    0.166    0.166    0.166    0.166
   0.166    0.167    0.167    0.167    0.167    0.167    0.168    0.168    0.168    0.168
   0.168    0.169    0.169    0.169    0.169    0.169    0.169    0.170    0.170    0.170
   0.170    0.170    0.171    0.171    0.171    0.171    0.171    0.171    0.172    0.172
   0.172    0.172    0.172    0.172    0.172    0.173    0.173    0.173    0.173    0.173
   0.173    0.174    0.174    0.174    0.174    0.174    0.174    0.174    0.175    0.175
   0.175    0.175    0.175    0.175    0.175    0.176    0.176    0.176    0.176    0.176
   0.176    0.176    0.177    0.177    0.177    0.177    0.177    0.177    0.177    0.178
   0.178    0.178    0.178    0.178    0.178    0.178    0.179    0.179    0.179    0.179
   0.179    0.179    0.180    0.180    0.180    0.180    0.180    0.180    0.180    0.181
   0.181    0.181    0.181    0.181    0.181    0.181    0.182    0.182    0.182    0.182
   0.182    0.182    0.182    0.183    0.183    0.183    0.183    0.183    0.183    0.183
   0.183    0.184    0.184    0.184    0.184    0.184    0.184    0.184    0.184    0.185
   0.185    0.185    0.185    0.185    0.185    0.185    0.185    0.186    0.186    0.186
   0.186    0.186    0.186    0.186    0.186    0.187    0.187    0.187    0.187    0.187
   0.187    0.187    0.187    0.187    0.187    0.188    0.188    0.188    0.188    0.188
   0.188    0.188    0.188    0.188    0.188    0.189    0.189    0.189    0.189    0.189
   0.189    0.189    0.189    0.189    0.189    0.189    0.190    0.190    0.190    0.190
   0.190    0.190    0.190    0.190    0.190    0.190    0.190    0.190    0.190    0.191
   0.191    0.191    0.191    0.191    0.191    0.191    0.191    0.191    0.191    0.191
   0.191    0.191    0.191    0.191    0.191    0.191    0.192    0.192    0.192    0.192
   0.192    0.192    0.192    0.192    0.192    0.192    0.192    0.192    0.192    0.192
   0.192    0.192    0.192    0.192    0.192    0.192    0.192    0.192    0.193    0.193
   0.193    0.193    0.193    0.193    0.193    0.193    0.193    0.193    0.193    0.193
   0.193    0.193    0.193    0.193    0.193    0.193    0.193    0.193    0.193    0.193
   0.193    0.193    0.193    0.193    0.193    0.193    0.193    0.193    0.193    0.193
   0.193    0.193    0.193    0.193    0.193    0.193    0.193    0.193    0.193    0.193
   0.193    0.193    0.193    0.193    0.193    0.193    0.193    0.193    0.193    0.193
   0.193    0.193    0.193    0.193    0.193    0.194    0.194    0.194    0.194    0.194
   0.194    0.194    0.194    0.194    0.193    0.193    0.193    0.193    0.193    0.193
   0.193    0.193    0.193    0.193    0.193    0.193    0.193    0.193    0.193    0.193
   0.193    0.193    0.193    0.193    0.193    0.193    0.193    0.193    0.193    0.193
   0.193    0.193    0.193    0.193    0.193    0.193    0.193    0.193    0.193    0.193
   0.193    0.193    0.193    0.193    0.193    0.193    0.193    0.193    0.193    0.193
   0.193    0.193    0.193    0.193    0.193    0.193    0.193    0.193    0.193    0.193
   0.193    0.193    0.193    0.193    0.193    0.193    0.193    0.193    0.193    0.193
   0.193    0.193    0.193    0.193    0.193    0.193    0.193    0.193    0.193    0.193
   0.192    0.192    0.192    0.192    0.192    0.192    0.192    0.192    0.192    0.192
   0.192    0.192    0.192    0.192    0.192    0.192    0.192    0.192    0.192    0.192
   0.192    0.192    0.192    0.192    0.192    0.192    0.192    0.192    0.192    0.192
   0.192    0.192    0.192    0.192    0.192    0.192    0.192    0.192    0.192    0.191
   0.191    0.191    0.191    0.191    0.191    0.191    0.191    0.191    0.191    0.191
   0.191    0.191    0.191    0.191    0.191    0.191    0.191    0.191    0.191    0.191
   0.191    0.191    0.191    0.191    0.191    0.191    0.191    0.191    0.191    0.191
   0.190    0.190    0.190    0.190    0.190    0.190    0.190    0.190    0.190    0.190
   0.190    0.190    0.190    0.190    0.190    0.190    0.190    0.190    0.190    0.190
   0.190    0.190    0.190    0.190    0.190    0.190    0.190    0.190    0.190    0.189
   0.189    0.189    0.189    0.189    0.189    0.189    0.189    0.189    0.189    0.189
   0.189    0.189    0.189    0.189    0.189    0.189    0.189    0.189    0.189    0.189
   0.189    0.189    0.189    0.189    0.189    0.189    0.188    0.188    0.188    0.188
   0.188    0.188    0.188    0.188    0.188    0.188    0.188    0.188    0.188    0.188
   0.188    0.188    0.188    0.188    0.188    0.188    0.188    0.188    0.188    0.188
   0.188    0.188    0.187    0.187    0.187    0.187    0.187    0.187    0.187    0.187
   0.187    0.187    0.187    0.187    0.187    0.187    0.187    0.187    0.187    0.187
   0.187    0.187    0.187    0.187    0.187    0.187    0.187    0.187    0.186    0.186
   0.186    0.186    0.186    0.186    0.186    0.186    0.186    0.186    0.186    0.186
   0.186    0.186    0.186    0.186    0.186    0.186    0.186    0.186    0.186    0.186
   0.186    0.186    0.186    0.186    0.185    0.185    0.185    0.185    0.185    0.185
   0.185    0.185    0.185    0.185    0.185    0.185    0.185    0.185    0.185    0.185
   0.185    0.185    0.185    0.185    0.185    0.185    0.185    0.185    0.185    0.185
   0.184    0.184    0.184    0.184    0.184    0.184    0.184    0.184    0.184    0.184
   0.184    0.184    0.184    0.184    0.184    0.184    0.184    0.184    0.184    0.184
   0.184    0.184    0.184    0.184    0.184    0.184    0.183    0.183    0.183    0.183
   0.183    0.183    0.183    0.183    0.183    0.183    0.183    0.183    0.183    0.183
   0.183    0.183    0.183    0.183    0.183    0.183    0.183    0.183    0.183    0.183
   0.183    0.182    0.182    0.182    0.182    0.182    0.182    0.182    0.182    0.182
   0.182    0.182    0.182    0.182    0.182    0.182    0.182    0.182    0.182    0.182
   0.182    0.182    0.182    0.182    0.182    0.182    0.181    0.181    0.181    0.181
   0.181    0.181    0.181    0.181    0.181    0.181    0.181    0.181    0.181    0.181
   0.181    0.181    0.181    0.181    0.181    0.181    0.181    0.181    0.181    0.181
   0.181    0.181    0.180    0.180    0.180    0.180    0.180    0.180    0.180    0.180
   0.180    0.180    0.180    0.180    0.180    0.180    0.180    0.180    0.180    0.180
   0.180    0.180    0.180    0.180    0.180    0.180    0.180    0.180    0.179    0.179
   0.179    0.179    0.179    0.179    0.179    0.179    0.179    0.179    0.179    0.179
   0.179    0.179    0.179    0.179    0.179    0.179    0.179    0.179    0.179    0.179
   0.179    0.179    0.179    0.179    0.178    0.178    0.178    0.178    0.178    0.178
   0.178    0.178    0.178    0.178    0.178    0.178    0.178    0.178    0.178    0.178
   0.178    0.178    0.178    0.178    0.178    0.178    0.178    0.178    0.178    0.178
   0.177    0.177    0.177    0.177    0.177    0.177    0.177    0.177    0.177    0.177
   0.177    0.177    0.177    0.177    0.177    0.177    0.177    0.177    0.177    0.177
   0.177    0.177    0.177    0.177    0.177    0.177    0.176    0.176    0.176    0.176
   0.176    0.176    0.176    0.176    0.176    0.176    0.176    0.176    0.176    0.176
   0.176    0.176    0.176    0.176    0.176    0.176    0.176    0.176    0.176    0.176
   0.176    0.176    0.175    0.175    0.175    0.175    0.175    0.175    0.175    0.175
   0.175    0.175    0.175    0.175    0.175    0.175    0.175    0.175    0.175    0.175
   0.175    0.175    0.175    0.175    0.175    0.175    0.175    0.175    0.175    0.174
   0.174    0.174    0.174    0.174    0.174    0.174    0.174    0.174    0.174    0.174
   0.174    0.174    0.174    0.174    0.174    0.174    0.174    0.174    0.174    0.174
   0.174    0.174    0.174    0.174    0.174    0.173    0.173    0.173    0.173    0.173
   0.173    0.173    0.173    0.173    0.173    0.173    0.173    0.173    0.173    0.173
   0.173    0.173    0.173    0.173    0.173    0.173    0.173    0.173    0.173    0.173
   0.173    0.173    0.172    0.172    0.172    0.172    0.172    0.172    0.172    0.172
   0.172    0.172    0.172    0.172    0.172    0.172    0.172    0.172    0.172    0.172
   0.172    0.172    0.172    0.172    0.172    0.172    0.172    0.172    0.172    0.171
   0.171    0.171    0.171    0.171    0.171    0.171    0.171    0.171    0.171    0.171
   0.171    0.171    0.171    0.171    0.171    0.171    0.171    0.171    0.171    0.171
   0.171    0.171    0.171    0.171    0.171    0.171    0.170    0.170    0.170    0.170
   0.170    0.170    0.170    0.170    0.170    0.170    0.170    0.170    0.170    0.170
   0.170    0.170    0.170    0.170    0.170    0.170    0.170    0.170    0.170    0.170
   0.170    0.170    0.170    0.169    0.169    0.169    0.169    0.169    0.169    0.169
   0.169    0.169    0.169    0.169    0.169    0.169    0.169    0.169    0.169    0.169
   0.169    0.169    0.169    0.169    0.169    0.169    0.169    0.169    0.169    0.169
   0.169    0.168    0.168    0.168    0.168    0.168    0.168    0.168    0.168    0.168
   0.168    0.168    0.168    0.168    0.168    0.168    0.168    0.168    0.168    0.168
   0.168    0.168    0.168    0.168    0.168    0.168    0.168    0.168    0.167    0.167
   0.167    0.167    0.167    0.167    0.167    0.167    0.167    0.167    0.167    0.167
   0.167    0.167    0.167    0.167    0.167    0.167    0.167    0.167    0.167    0.167
   0.167    0.167    0.167    0.167    0.167    0.167    0.166    0.166    0.166    0.166
   0.166    0.166    0.166    0.166    0.166    0.166    0.166    0.166    0.166    0.166
   0.166    0.166    0.166    0.166    0.166    0.166    0.166    0.166    0.166    0.166
   0.166    0.166    0.166    0.166    0.165    0.165    0.165    0.165    0.165    0.165
   0.165    0.165    0.165    0.165    0.165    0.165    0.165    0.165    0.165    0.165
   0.165    0.165    0.165    0.165    0.165    0.165    0.165    0.165    0.165    0.165
   0.165    0.165    0.164    0.164    0.164    0.164    0.164    0.164    0.164    0.164
   0.164    0.164    0.164    0.164    0.164    0.164    0.164    0.164    0.164    0.164
   0.164    0.164    0.164    0.164    0.164    0.164    0.164    0.164    0.164    0.164
   0.163    0.163    0.163    0.163    0.163    0.163    0.163    0.163    0.163    0.163
   0.163    0.163    0.163    0.163    0.163    0.163    0.163    0.163    0.163    0.163
   0.163    0.163    0.163    0.163    0.163    0.163    0.163    0.163    0.163    0.162
   0.162    0.162    0.162    0.162    0.162    0.162    0.162    0.162    0.162    0.162
   0.162    0.162    0.162    0.162    0.162    0.162    0.162    0.162    0.162    0.162
   0.162    0.162    0.162    0.162    0.162    0.162    0.162    0.161    0.161    0.161
   0.161    0.161    0.161    0.161    0.161    0.161    0.161    0.161    0.161    0.161
   0.161    0.161    0.161    0.161    0.161    0.161    0.161    0.161    0.161    0.161
   0.161    0.161    0.161    0.161    0.161    0.161    0.160    0.160    0.160    0.160
   0.160    0.160    0.160    0.160    0.160    0.160    0.160    0.160    0.160    0.160
   0.160    0.160    0.160    0.160    0.160    0.160    0.160    0.160    0.160    0.160
   0.160    0.160    0.160    0.160    0.160    0.159    0.159    0.159    0.159    0.159
   0.159    0.159    0.159    0.159    0.159    0.159    0.159    0.159    0.159    0.159
   0.159    0.159    0.159    0.159    0.159    0.159    0.159    0.159    0.159    0.159
   0.159    0.159    0.159    0.159    0.158    0.158    0.158    0.158    0.158    0.158
   0.158    0.158    0.158    0.158    0.158    0.158    0.158    0.158    0.158    0.158
   0.158    0.158    0.158    0.158    0.158    0.158    0.158    0.158    0.158    0.158
   0.158    0.158    0.158    0.157    0.157    0.157    0.157    0.157    0.157    0.157
   0.157    0.157    0.157    0.157    0.157    0.157    0.157    0.157    0.157    0.157
   0.157    0.157    0.157    0.157    0.157    0.157    0.157    0.157    0.157    0.157
   0.157    0.157    0.157    0.156    0.156    0.156    0.156    0.156    0.156    0.156
   0.156    0.156    0.156    0.156    0.156    0.156    0.156    0.156    0.156    0.156
   0.156    0.156    0.156    0.156    0.156    0.156    0.156    0.156    0.156    0.156

    1600       1    1440

   0.132    0.133    0.133    0.133    0.133    0.134    0.134    0.134    0.135    0.135
   0.135    0.136    0.136    0.136    0.137    0.137    0.137    0.137    0.138    0.138
   0.138    0.139    0.139    0.139    0.139    0.140    0.140    0.140    0.141    0.141
   0.141    0.141    0.142    0.142    0.142    0.142    0.143    0.143    0.143    0.144
   0.144    0.144    0.144    0.145    0.145    0.145    0.145    0.146    0.146    0.146
   0.146    0.146    0.147    0.147    0.147    0.147    0.148    0.148    0.148    0.148
   0.149    0.149    0.149    0.149    0.149    0.150    0.150    0.150    0.150    0.150
   0.151    0.151    0.151    0.151    0.152    0.152    0.152    0.152    0.152    0.153
   0.153    0.153    0.153    0.153    0.153    0.154    0.154    0.154    0.154    0.154
   0.155    0.155    0.155    0.155    0.155    0.155    0.156    0.156    0.156    0.156
   0.156    0.157    0.157    0.157    0.157    0.157    0.157    0.158    0.158    0.158
   0.158    0.158    0.158    0.159    0.159    0.159    0.159    0.159    0.159    0.160
   0.160    0.160    0.160    0.160    0.160    0.161    0.161    0.161    0.161    0.161
   0.161    0.162    0.162    0.162    0.162    0.162    0.162    0.163    0.163    0.163
   0.163    0.163    0.163    0.164    0.164    0.164    0.164    0.164    0.164    0.165
   0.165    0.165    0.165    0.165    0.165    0.166    0.166    0.166    0.166    0.166
   0.166    0.167    0.167    0.167    0.167    0.167    0.167    0.168    0.168    0.168
   0.168    0.168    0.168    0.168    0.169    0.169    0.169    0.169    0.169    0.169
   0.170    0.170    0.170    0.170    0.170    0.170    0.170    0.171    0.171    0.171
   0.171    0.171    0.171    0.171    0.172    0.172    0.172    0.172    0.172    0.172
   0.172    0.173    0.173    0.173    0.173    0.173    0.173    0.173    0.174    0.174
   0.174    0.174    0.174    0.174    0.174    0.175    0.175    0.175    0.175    0.175
   0.175    0.175    0.175    0.175    0.176    0.176    0.176    0.176    0.176    0.176
   0.176    0.176    0.177    0.177    0.177    0.177    0.177    0.177    0.177    0.177
   0.177    0.178    0.178    0.178    0.178    0.178    0.178    0.178    0.178    0.178
   0.178    0.179    0.179    0.179    0.179    0.179    0.179    0.179    0.179    0.179
   0.179    0.179    0.180    0.180    0.180    0.180    0.180    0.180    0.180    0.180
   0.180    0.180    0.180    0.180    0.181    0.181    0.181    0.181    0.181    0.181
   0.181    0.181    0.181    0.181    0.181    0.181    0.181    0.182    0.182    0.182
   0.182    0.182    0.182    0.182    0.182    0.182    0.182    0.182    0.182    0.182
   0.182    0.182    0.183    0.183    0.183    0.183    0.183    0.183    0.183    0.183
   0.183    0.183    0.183    0.183    0.183    0.183    0.183    0.183    0.183    0.184
   0.184    0.184    0.184    0.184    0.184    0.184    0.184    0.184    0.184    0.184
   0.184    0.184    0.184    0.184    0.184    0.184    0.184    0.184    0.184    0.185
   0.185    0.185    0.185    0.185    0.185    0.185    0.185    0.185    0.185    0.185
   0.185    0.185    0.185    0.185    0.185    0.185    0.185    0.185    0.185    0.185
   0.185    0.185    0.185    0.185    0.185    0.186    0.186    0.186    0.186    0.186
   0.186    0.186    0.186    0.186    0.186    0.186    0.186    0.186    0.186    0.186
   0.186    0.186    0.186    0.186    0.186    0.186    0.186    0.186    0.186    0.186
   0.186    0.186    0.186    0.186    0.186    0.186    0.187    0.187    0.187    0.187
   0.187    0.187    0.187    0.187    0.187    0.187    0.187    0.187    0.187    0.187
   0.187    0.187    0.187    0.187    0.187    0.187    0.187    0.187    0.187    0.187
   0.187    0.187    0.187    0.187    0.187    0.187    0.187    0.187    0.187    0.187
   0.187    0.187    0.187    0.187    0.187    0.187    0.187    0.187    0.188    0.188
   0.188    0.188    0.188    0.188    0.188    0.188    0.188    0.188    0.188    0.188
   0.188    0.188    0.188    0.188    0.188    0.188    0.188    0.188    0.188    0.188
   0.188    0.188    0.188    0.188    0.188    0.188    0.188    0.188    0.188    0.188
   0.188    0.188    0.188    0.188    0.188    0.188    0.188    0.188    0.188    0.188
   0.188    0.188    0.188    0.188    0.188    0.188    0.188    0.188    0.188    0.188
   0.188    0.188    0.188    0.188    0.188    0.188    0.188    0.188    0.188    0.188
   0.188    0.188    0.188    0.188    0.188    0.188    0.188    0.188    0.188    0.188
   0.188    0.188    0.188    0.188    0.188    0.188    0.188    0.188    0.188    0.188
   0.188    0.188    0.188    0.188    0.188    0.188    0.188    0.188    0.188    0.188
   0.188    0.188    0.188    0.188    0.188    0.188    0.188    0.188    0.188    0.188
   0.188    0.188    0.188    0.188    0.188    0.188    0.188    0.188    0.188    0.188
   0.188    0.188    0.188    0.188    0.188    0.188    0.188    0.188    0.188    0.188
   0.188    0.188    0.188    0.188    0.188    0.188    0.188    0.188    0.188    0.188
   0.188    0.188    0.188    0.188    0.188    0.188    0.188    0.188    0.188    0.188
   0.188    0.188    0.188    0.188    0.188    0.188    0.188    0.188    0.188    0.188
   0.188    0.188    0.188    0.188    0.188    0.188    0.188    0.188    0.188    0.188
   0.188    0.188    0.188    0.188    0.188    0.188    0.188    0.188    0.188    0.188
   0.188    0.188    0.188    0.188    0.188    0.188    0.188    0.188    0.188    0.188
   0.188    0.188    0.188    0.188    0.188    0.188    0.188    0.188    0.188    0.188
   0.188    0.188    0.188    0.188    0.188    0.188    0.188    0.188    0.188    0.188
   0.188    0.188    0.188    0.188    0.188    0.188    0.188    0.188    0.188    0.188
   0.188    0.188    0.188    0.188    0.188    0.188    0.188    0.188    0.188    0.188
   0.188    0.188    0.188    0.188    0.188    0.188    0.188    0.188    0.188    0.188
   0.188    0.188    0.188    0.188    0.188    0.188    0.188    0.188    0.188    0.188
   0.188    0.188    0.188    0.188    0.188    0.188    0.188    0.188    0.188    0.188
   0.188    0.188    0.188    0.188    0.188    0.188    0.188    0.188    0.188    0.188
   0.188    0.188    0.188    0.188    0.188    0.188    0.188    0.188    0.188    0.188
   0.188    0.188    0.188    0.188    0.188    0.188    0.188    0.188    0.188    0.188
   0.188    0.188    0.188    0.187    0.187    0.187    0.187    0.187    0.187    0.187
   0.187    0.187    0.187    0.187    0.187    0.187    0.187    0.187    0.187    0.187
   0.187    0.187    0.187    0.187    0.187    0.187    0.187    0.187    0.187    0.187
   0.187    0.187    0.187    0.187    0.187    0.187    0.187    0.187    0.187    0.187
   0.187    0.187    0.187    0.187    0.187    0.187    0.187    0.187    0.187    0.187
   0.187    0.187    0.187    0.187    0.187    0.187    0.187    0.187    0.187    0.187
   0.187    0.187    0.187    0.187    0.187    0.187    0.187    0.187    0.187    0.187
   0.187    0.187    0.187    0.187    0.187    0.187    0.187    0.187    0.187    0.187
   0.187    0.187    0.187    0.187    0.187    0.187    0.187    0.187    0.187    0.187
   0.187    0.187    0.187    0.187    0.187    0.187    0.187    0.187    0.187    0.187
   0.187    0.187    0.187    0.187    0.187    0.187    0.187    0.187    0.187    0.187
   0.187    0.187    0.187    0.187    0.187    0.187    0.187    0.187    0.187    0.187
   0.187    0.187    0.187    0.187    0.187    0.187    0.187    0.187    0.187    0.187
   0.187    0.187    0.187    0.187    0.187    0.187    0.187    0.187    0.187    0.187
   0.186    0.186    0.186    0.186    0.186    0.186    0.186    0.186    0.186    0.186
   0.186    0.186    0.186    0.186    0.186    0.186    0.186    0.186    0.186    0.186
   0.186    0.186    0.186    0.186    0.186    0.186    0.186    0.186    0.186    0.186
   0.186    0.186    0.186    0.186    0.186    0.186    0.186    0.186    0.186    0.186
   0.186    0.186    0.186    0.186    0.186    0.186    0.186    0.186    0.186    0.186
   0.186    0.186    0.186    0.186    0.186    0.186    0.186    0.186    0.186    0.186
   0.186    0.186    0.186    0.186    0.186    0.186    0.186    0.186    0.186    0.186
   0.186    0.186    0.186    0.186    0.186    0.186    0.186    0.186    0.186    0.186
   0.186    0.186    0.186    0.186    0.186    0.186    0.186    0.186    0.186    0.186
   0.186    0.186    0.186    0.186    0.186    0.186    0.186    0.186    0.186    0.186
   0.186    0.186    0.186    0.186    0.186    0.186    0.186    0.186    0.186    0.186
   0.186    0.186    0.186    0.186    0.186    0.186    0.186    0.186    0.186    0.186
   0.186    0.186    0.186    0.186    0.186    0.186    0.186    0.186    0.186    0.186
   0.186    0.186    0.186    0.185    0.185    0.185    0.185    0.185    0.185    0.185
   0.185    0.185    0.185    0.185    0.185    0.185    0.185    0.185    0.185    0.185
   0.185    0.185    0.185    0.185    0.185    0.185    0.185    0.185    0.185    0.185
   0.185    0.185    0.185    0.185    0.185    0.185    0.185    0.185    0.185    0.185
   0.185    0.185    0.185    0.185    0.185    0.185    0.185    0.185    0.185    0.185
   0.185    0.185    0.185    0.185    0.185    0.185    0.185    0.185    0.185    0.185
   0.185    0.185    0.185    0.185    0.185    0.185    0.185    0.185    0.185    0.185
   0.185    0.185    0.185    0.185    0.185    0.185    0.185    0.185    0.185    0.185
   0.185    0.185    0.185    0.185    0.185    0.185    0.185    0.185    0.185    0.185
   0.185    0.185    0.185    0.185    0.185    0.185    0.185    0.185    0.185    0.185
   0.185    0.185    0.185    0.185    0.185    0.185    0.185    0.185    0.185    0.185
   0.185    0.185    0.185    0.185    0.185    0.185    0.185    0.185    0.185    0.185
   0.185    0.185    0.185    0.185    0.185    0.185    0.185    0.185    0.185    0.185
   0.185    0.185    0.185    0.185    0.184    0.184    0.184    0.184    0.184    0.184
   0.184    0.184    0.184    0.184    0.184    0.184    0.184    0.184    0.184    0.184
   0.184    0.184    0.184    0.184    0.184    0.184    0.184    0.184    0.184    0.184
   0.184    0.184    0.184    0.184    0.184    0.184    0.184    0.184    0.184    0.184
   0.184    0.184    0.184    0.184    0.184    0.184    0.184    0.184    0.184    0.184
   0.184    0.184    0.184    0.184    0.184    0.184    0.184    0.184    0.184    0.184
   0.184    0.184    0.184    0.184    0.184    0.184    0.184    0.184    0.184    0.184
   0.184    0.184    0.184    0.184    0.184    0.184    0.184    0.184    0.184    0.184
   0.184    0.184    0.184    0.184    0.184    0.184    0.184    0.184    0.184    0.184
   0.184    0.184    0.184    0.184    0.184    0.184    0.184    0.184    0.184    0.184
   0.184    0.184    0.184    0.184    0.184    0.184    0.184    0.184    0.184    0.184
   0.184    0.184    0.184    0.184    0.184    0.184    0.184    0.184    0.184    0.184
   0.184    0.184    0.184    0.184    0.184    0.184    0.184    0.184    0.184    0.184
   0.184    0.184    0.183    0.183    0.183    0.183    0.183    0.183    0.183    0.183
   0.183    0.183    0.183    0.183    0.183    0.183    0.183    0.183    0.183    0.183
   0.183    0.183    0.183    0.183    0.183    0.183    0.183    0.183    0.183    0.183
   0.183    0.183    0.183    0.183    0.183    0.183    0.183    0.183    0.183    0.183
   0.183    0.183    0.183    0.183    0.183    0.183    0.183    0.183    0.183    0.183
   0.183    0.183    0.183    0.183    0.183    0.183    0.183    0.183    0.183    0.183
   0.183    0.183    0.183    0.183    0.183    0.183    0.183    0.183    0.183    0.183
   0.183    0.183    0.183    0.183    0.183    0.183    0.183    0.183    0.183    0.183
   0.183    0.183    0.183    0.183    0.183    0.183    0.183    0.183    0.183    0.183
   0.183    0.183    0.183    0.183    0.183    0.183    0.183    0.183    0.183    0.183
   0.183    0.183    0.183    0.183    0.183    0.183    0.183    0.183    0.183    0.183
   0.183    0.183    0.183    0.183    0.183    0.183    0.183    0.183    0.183    0.183
   0.183    0.183    0.183    0.183    0.183    0.183    0.183    0.183    0.183    0.182
   0.182    0.182    0.182    0.182    0.182    0.182    0.182    0.182    0.182    0.182
   0.182    0.182    0.182    0.182    0.182    0.182    0.182    0.182    0.182    0.182
   0.182    0.182    0.182    0.182    0.182    0.182    0.182    0.182    0.182    0.182
   0.182    0.182    0.182    0.182    0.182    0.182    0.182    0.182    0.182    0.182
   0.182    0.182    0.182    0.182    0.182    0.182    0.182    0.182    0.182    0.182
   0.182    0.182    0.182    0.182    0.182    0.182    0.182    0.182    0.182    0.182

    1401       1    1440

   0.029    0.029    0.029    0.029    0.029    0.030    0.030    0.030    0.030    0.030
   0.030    0.030    0.030    0.031    0.031    0.031    0.031    0.031    0.031    0.031
   0.031    0.031    0.032    0.032    0.032    0.032    0.032    0.032    0.032    0.032
   0.033    0.033    0.033    0.033    0.033    0.033    0.033    0.033    0.034    0.034
   0.034    0.034    0.034    0.034    0.034    0.034    0.034    0.035    0.035    0.035
   0.035    0.035    0.035    0.035    0.035    0.035    0.036    0.036    0.036    0.036
   0.036    0.036    0.036    0.036    0.036    0.037    0.037    0.037    0.037    0.037
   0.037    0.037    0.037    0.037    0.038    0.038    0.038    0.038    0.038    0.038
   0.038    0.038    0.038    0.039    0.039    0.039    0.039    0.039    0.039    0.039
   0.039    0.039    0.039    0.040    0.040    0.040    0.040    0.040    0.040    0.040
   0.040    0.040    0.040    0.041    0.041    0.041    0.041    0.041    0.041    0.041
   0.041    0.041    0.041    0.042    0.042    0.042    0.042    0.042    0.042    0.042
   0.042    0.042    0.042    0.043    0.043    0.043    0.043    0.043    0.043    0.043
   0.043    0.043    0.043    0.044    0.044    0.044    0.044    0.044    0.044    0.044
   0.044    0.044    0.045    0.045    0.045    0.045    0.045    0.045    0.045    0.045
   0.045    0.045    0.046    0.046    0.046    0.046    0.046    0.046    0.046    0.046
   0.046    0.047    0.047    0.047    0.047    0.047    0.047    0.047    0.047    0.047
   0.047    0.048    0.048    0.048    0.048    0.048    0.048    0.048    0.048    0.048
   0.049    0.049    0.049    0.049    0.049    0.049    0.049    0.049    0.049    0.049
   0.050    0.050    0.050    0.050    0.050    0.050    0.050    0.050    0.050    0.051
   0.051    0.051    0.051    0.051    0.051    0.051    0.051    0.051    0.051    0.052
   0.052    0.052    0.052    0.052    0.052    0.052    0.052    0.052    0.052    0.053
   0.053    0.053    0.053    0.053    0.053    0.053    0.053    0.053    0.053    0.054
   0.054    0.054    0.054    0.054    0.054    0.054    0.054    0.054    0.054    0.054
   0.055    0.055    0.055    0.055    0.055    0.055    0.055    0.055    0.055    0.055
   0.056    0.056    0.056    0.056    0.056    0.056    0.056    0.056    0.056    0.056
   0.056    0.056    0.057    0.057    0.057    0.057    0.057    0.057    0.057    0.057
   0.057    0.057    0.057    0.058    0.058    0.058    0.058    0.058    0.058    0.058
   0.058    0.058    0.058    0.058    0.058    0.059    0.059    0.059    0.059    0.059
   0.059    0.059    0.059    0.059    0.059    0.059    0.059    0.060    0.060    0.060
   0.060    0.060    0.060    0.060    0.060    0.060    0.060    0.060    0.060    0.061
   0.061    0.061    0.061    0.061    0.061    0.061    0.061    0.061    0.061    0.061
   0.061    0.061    0.062    0.062    0.062    0.062    0.062    0.062    0.062    0.062
   0.062    0.062    0.062    0.062    0.062    0.063    0.063    0.063    0.063    0.063
   0.063    0.063    0.063    0.063    0.063    0.063    0.063    0.063    0.064    0.064
   0.064    0.064    0.064    0.064    0.064    0.064    0.064    0.064    0.064    0.064
   0.064    0.064    0.065    0.065    0.065    0.065    0.065    0.065    0.065    0.065
   0.065    0.065    0.065    0.065    0.065    0.065    0.066    0.066    0.066    0.066
   0.066    0.066    0.066    0.066    0.066    0.066    0.066    0.066    0.066    0.066
   0.067    0.067    0.067    0.067    0.067    0.067    0.067    0.067    0.067    0.067
   0.067    0.067    0.067    0.067    0.068    0.068    0.068    0.068    0.068    0.068
   0.068    0.068    0.068    0.068    0.068    0.068    0.068    0.068    0.068    0.069
   0.069    0.069    0.069    0.069    0.069    0.069    0.069    0.069    0.069    0.069
   0.069    0.069    0.069    0.069    0.070    0.070    0.070    0.070    0.070    0.070
   0.070    0.070    0.070    0.070    0.070    0.070    0.070    0.070    0.070    0.071
   0.071    0.071    0.071    0.071    0.071    0.071    0.071    0.071    0.071    0.071
   0.071    0.071    0.071    0.071    0.071    0.072    0.072    0.072    0.072    0.072
   0.072    0.072    0.072    0.072    0.072    0.072    0.072    0.072    0.072    0.072
   0.072    0.072    0.073    0.073    0.073    0.073    0.073    0.073    0.073    0.073
   0.073    0.073    0.073    0.073    0.073    0.073    0.073    0.073    0.074    0.074
   0.074    0.074    0.074    0.074    0.074    0.074    0.074    0.074    0.074    0.074
   0.074    0.074    0.074    0.074    0.074    0.074    0.075    0.075    0.075    0.075
   0.075    0.075    0.075    0.075    0.075    0.075    0.075    0.075    0.075    0.075
   0.075    0.075    0.075    0.076    0.076    0.076    0.076    0.076    0.076    0.076
   0.076    0.076    0.076    0.076    0.076    0.076    0.076    0.076    0.076    0.076
   0.076    0.077    0.077    0.077    0.077    0.077    0.077    0.077    0.077    0.077
   0.077    0.077    0.077    0.077    0.077    0.077    0.077    0.077    0.077    0.077
   0.078    0.078    0.078    0.078    0.078    0.078    0.078    0.078    0.078    0.078
   0.078    0.078    0.078    0.078    0.078    0.078    0.078    0.078    0.078    0.079
   0.079    0.079    0.079    0.079    0.079    0.079    0.079    0.079    0.079    0.079
   0.079    0.079    0.079    0.079    0.079    0.079    0.079    0.079    0.080    0.080
   0.080    0.080    0.080    0.080    0.080    0.080    0.080    0.080    0.080    0.080
   0.080    0.080    0.080    0.080    0.080    0.080    0.080    0.080    0.081    0.081
   0.081    0.081    0.081    0.081    0.081    0.081    0.081    0.081    0.081    0.081
   0.081    0.081    0.081    0.081    0.081    0.081    0.081    0.081    0.082    0.082
   0.082    0.082    0.082    0.082    0.082    0.082    0.082    0.082    0.082    0.082
   0.082    0.082    0.082    0.082    0.082    0.082    0.082    0.082    0.082    0.083
   0.083    0.083    0.083    0.083    0.083    0.083    0.083    0.083    0.083    0.083
   0.083    0.083    0.083    0.083    0.083    0.083    0.083    0.083    0.083    0.083
   0.084    0.084    0.084    0.084    0.084    0.084    0.084    0.084    0.084    0.084
   0.084    0.084    0.084    0.084    0.084    0.084    0.084    0.084    0.084    0.084
   0.084    0.085    0.085    0.085    0.085    0.085    0.085    0.085    0.085    0.085
   0.085    0.085    0.085    0.085    0.085    0.085    0.085    0.085    0.085    0.085
   0.085    0.085    0.085    0.086    0.086    0.086    0.086    0.086    0.086    0.086
   0.086    0.086    0.086    0.086    0.086    0.086    0.086    0.086    0.086    0.086
   0.086    0.086    0.086    0.086    0.087    0.087    0.087    0.087    0.087    0.087
   0.087    0.087    0.087    0.087    0.087    0.087    0.087    0.087    0.087    0.087
   0.087    0.087    0.087    0.087    0.087    0.087    0.088    0.088    0.088    0.088
   0.088    0.088    0.088    0.088    0.088    0.088    0.088    0.088    0.088    0.088
   0.088    0.088    0.088    0.088    0.088    0.088    0.088    0.089    0.089    0.089
   0.089    0.089    0.089    0.089    0.089    0.089    0.089    0.089    0.089    0.089
   0.089    0.089    0.089    0.089    0.089    0.089    0.089    0.089    0.090    0.090
   0.090    0.090    0.090    0.090    0.090    0.090    0.090    0.090    0.090    0.090
   0.090    0.090    0.090    0.090    0.090    0.090    0.090    0.090    0.090    0.090
   0.091    0.091    0.091    0.091    0.091    0.091    0.091    0.091    0.091    0.091
   0.091    0.091    0.091    0.091    0.091    0.091    0.091    0.091    0.091    0.091
   0.091    0.092    0.092    0.092    0.092    0.092    0.092    0.092    0.092    0.092
   0.092    0.092    0.092    0.092    0.092    0.092    0.092    0.092    0.092    0.092
   0.092    0.092    0.093    0.093    0.093    0.093    0.093    0.093    0.093    0.093
   0.093    0.093    0.093    0.093    0.093    0.093    0.093    0.093    0.093    0.093
   0.093    0.093    0.093    0.094    0.094    0.094    0.094    0.094    0.094    0.094
   0.094    0.094    0.094    0.094    0.094    0.094    0.094    0.094    0.094    0.094
   0.094    0.094    0.094    0.094    0.095    0.095    0.095    0.095    0.095    0.095
   0.095    0.095    0.095    0.095    0.095    0.095    0.095    0.095    0.095    0.095
   0.095    0.095    0.095    0.095    0.096    0.096    0.096    0.096    0.096    0.096
   0.096    0.096    0.096    0.096    0.096    0.096    0.096    0.096    0.096    0.096
   0.096    0.096    0.096    0.096    0.097    0.097    0.097    0.097    0.097    0.097
   0.097    0.097    0.097    0.097    0.097    0.097    0.097    0.097    0.097    0.097
   0.097    0.097    0.097    0.097    0.097    0.098    0.098    0.098    0.098    0.098
   0.098    0.098    0.098    0.098    0.098    0.098    0.098    0.098    0.098    0.098
   0.098    0.098    0.098    0.098    0.098    0.099    0.099    0.099    0.099    0.099
   0.099    0.099    0.099    0.099    0.099    0.099    0.099    0.099    0.099    0.099
   0.099    0.099    0.099    0.099    0.099    0.099    0.100    0.100    0.100    0.100
   0.100    0.100    0.100    0.100    0.100    0.100    0.100    0.100    0.100    0.100
   0.100    0.100    0.100    0.100    0.100    0.100    0.100    0.101    0.101    0.101
   0.101    0.101    0.101    0.101    0.101    0.101    0.101    0.101    0.101    0.101
   0.101    0.101    0.101    0.101    0.101    0.101    0.101    0.102    0.102    0.102
   0.102    0.102    0.102    0.102    0.102    0.102    0.102    0.102    0.102    0.102
   0.102    0.102    0.102    0.102    0.102    0.102    0.102    0.102    0.103    0.103
   0.103    0.103    0.103    0.103    0.103    0.103    0.103    0.103    0.103    0.103
   0.103    0.103    0.103    0.103    0.103    0.103    0.103    0.103    0.103    0.104
   0.104    0.104    0.104    0.104    0.104    0.104    0.104    0.104    0.104    0.104
   0.104    0.104    0.104    0.104    0.104    0.104    0.104    0.104    0.104    0.105
   0.105    0.105    0.105    0.105    0.105    0.105    0.105    0.105    0.105    0.105
   0.105    0.105    0.105    0.105    0.105    0.105    0.105    0.105    0.105    0.105
   0.106    0.106    0.106    0.106    0.106    0.106    0.106    0.106    0.106    0.106
   0.106    0.106    0.106    0.106    0.106    0.106    0.106    0.106    0.106    0.107
   0.107    0.107    0.107    0.107    0.107    0.107    0.107    0.107    0.107    0.107
   0.107    0.107    0.107    0.107    0.107    0.107    0.107    0.107    0.108    0.108
   0.108    0.108    0.108    0.108    0.108    0.108    0.108    0.108    0.108    0.108
   0.108    0.108    0.108    0.108    0.108    0.108    0.108    0.109    0.109    0.109
   0.109    0.109    0.109    0.109    0.109    0.109    0.109    0.109    0.109    0.109
   0.109    0.109    0.109    0.109    0.109    0.109    0.109    0.110    0.110    0.110
   0.110    0.110    0.110    0.110    0.110    0.110    0.110    0.110    0.110    0.110
   0.110    0.110    0.110    0.110    0.110    0.110    0.110    0.111    0.111    0.111
   0.111    0.111    0.111    0.111    0.111    0.111    0.111    0.111    0.111    0.111
   0.111    0.111    0.111    0.111    0.111    0.111    0.111    0.112    0.112    0.112
   0.112    0.112    0.112    0.112    0.112    0.112    0.112    0.112    0.112    0.112
   0.112    0.112    0.112    0.112    0.112    0.112    0.112    0.113    0.113    0.113
   0.113    0.113    0.113    0.113    0.113    0.113    0.113    0.113    0.113    0.113
   0.113    0.113    0.113    0.113    0.113    0.113    0.113    0.114    0.114    0.114
   0.114    0.114    0.114    0.114    0.114    0.114    0.114    0.114    0.114    0.114
   0.114    0.114    0.114    0.114    0.114    0.114    0.114    0.115    0.115    0.115
   0.115    0.115    0.115    0.115    0.115    0.115    0.115    0.115    0.115    0.115
   0.115    0.115    0.115    0.115    0.115    0.115    0.116    0.116    0.116    0.116
   0.116    0.116    0.116    0.116    0.116    0.116    0.116    0.116    0.116    0.116
   0.116    0.116    0.116    0.116    0.116    0.116    0.117    0.117    0.117    0.117
   0.117    0.117    0.117    0.117    0.117    0.117    0.117    0.117    0.117    0.117
   0.117    0.117    0.117    0.117    0.118    0.118    0.118    0.118    0.118    0.118
   0.118    0.118    0.118    0.118    0.118    0.118    0.118    0.118    0.118    0.118
   0.118    0.118    0.119    0.119    0.119    0.119    0.119    0.119    0.119    0.119
   0.119    0.119    0.119    0.119    0.119    0.119    0.119    0.119    0.119    0.119
   0.120    0.120    0.120    0.120    0.120    0.120    0.120    0.120    0.120    0.120
   0.120    0.120    0.120    0.120    0.120    0.120    0.120    0.120    0.120    0.121
